131.3611940299 15.6202409371
138.2173913043 16.8056836187
614.8000000000 104.1833000053
134.2000000000 28.9440840242
365.2000000000 129.9313664979
115.4000000000 7.8383671769
0.2151973176 0.2024550079
0.0001063634 0.0001605160
0.0000000724 0.0000001481

2090 0 109 0.3602884153 0.0001723868 0.0000000825 0 0 0
3681 0 141 0.4421681208 0.0002779184 0.0000001747 0 0 0
5444 0 141 0.4310019272 0.0002444707 0.0000001387 0 0 0
6614 4 27597 0.0000000000 0.0000000000 0.0000000000 0 0 0
35490 0 156 0.0220460797 0.0000007635 0.0000000000 0 0 0
37253 0 109 0.5969724525 0.0003386117 0.0000001921 0 0 0
38423 3 125 0.5857285505 0.0005006227 0.0000004279 0 0 0
42916 1 109 0.0963007499 0.0000214335 0.0000000048 0 0 0
45084 0 125 0.0999154406 0.0000460865 0.0000000213 0 0 0
58500 4 12340 0.0000000000 0.0000000000 0.0000000000 0 0 0
80605 0 141 0.1386261421 0.0000588646 0.0000000250 0 0 0
81354 0 141 0.0000000000 0.0000000000 0.0000000000 0 0 0
82321 0 141 0.0041365047 0.0000042777 0.0000000044 0 0 0
83554 0 140 0.2501459262 0.0002028759 0.0000001645 0 0 0
84911 0 141 0.3074912860 0.0002265964 0.0000001670 0 0 0
87470 0 156 0.4351949123 0.0001700644 0.0000000665 0 0 0
100964 0 140 0.0573988607 0.0000053554 0.0000000005 0 0 0
108561 4 62743 0.0000000000 0.0000000000 0.0000000000 0 0 0
172880 0 156 0.0090713568 0.0000001410 0.0000000000 0 0 0
177092 4 5413 0.0000000000 0.0000000000 0.0000000000 0 0 0
190789 4 8206 0.0000000000 0.0000000000 0.0000000000 0 0 0
204938 4 104303 0.0000000000 0.0000000000 0.0000000000 0 0 0
314201 0 110 0.0061132171 0.0000000559 0.0000000000 0 0 0
316791 0 140 0.0007722008 0.0000002981 0.0000000001 0 0 0
325371 3 842 0.2050874481 0.0000420003 0.0000000086 0 0 0
329099 0 156 0.1735225066 0.0000465457 0.0000000125 0 0 0
332563 4 60544 0.0000000000 0.0000000000 0.0000000000 0 0 0
394604 0 109 0.0197677848 0.0000003186 0.0000000000 0 0 0
398348 0 141 0.0038695412 0.0000021390 0.0000000012 0 0 0
401032 0 140 0.0113421540 0.0000056796 0.0000000028 0 0 0
407240 0 125 0.0761300422 0.0000122632 0.0000000020 0 0 0
408847 0 109 0.0164369717 0.0000102284 0.0000000064 0 0 0
410766 0 156 0.0145302903 0.0000075718 0.0000000039 0 0 0
413137 0 156 0.1244026616 0.0000524684 0.0000000221 0 0 0
414744 0 140 0.4958425881 0.0003085517 0.0000001920 0 0 0
415945 0 141 0.0328584518 0.0000273592 0.0000000228 0 0 0
435009 0 124 0.2729460250 0.0000143174 0.0000000008 0 0 0
437146 0 109 0.2157191858 0.0001009449 0.0000000472 0 0 0
439533 0 124 0.2817393782 0.0001180307 0.0000000494 0 0 0
441171 0 109 0.1604017257 0.0000979254 0.0000000598 0 0 0
443479 0 141 0.0886313521 0.0000384018 0.0000000166 0 0 0
444384 0 141 0.1566505101 0.0001730945 0.0000001913 0 0 0
448659 0 124 0.5389584650 0.0001260722 0.0000000295 0 0 0
449283 0 109 0.1251868590 0.0002006200 0.0000003215 0 0 0
462574 0 109 0.1190569045 0.0000204600 0.0000000035 0 0 0
470249 0 156 0.0862388599 0.0000112363 0.0000000015 0 0 0
470967 4 33150 0.0000000000 0.0000000000 0.0000000000 0 0 0
505349 3 905 0.0121459900 0.0000003533 0.0000000000 0 0 0
510466 0 141 0.1064032745 0.0000401219 0.0000000151 0 0 0
510903 4 22573 0.0000000000 0.0000000000 0.0000000000 0 0 0
535255 1 140 0.0253549971 0.0000010412 0.0000000000 0 0 0
540668 0 140 0.8867983562 0.0004476519 0.0000002260 0 0 0
542556 0 109 0.9755821301 0.0005167278 0.0000002737 0 0 0
543616 0 125 0.6416749656 0.0006053537 0.0000005711 0 0 0
545535 0 156 0.0668844836 0.0000348538 0.0000000182 0 0 0
547860 0 109 0.3988362593 0.0001715425 0.0000000738 0 0 0
550870 0 125 0.1536040555 0.0000665529 0.0000000288 0 0 0
551448 1 171 0.0155709343 0.0000269393 0.0000000466 0 0 0
554084 0 125 0.1464397556 0.0000555538 0.0000000211 0 0 0
555738 0 125 0.4609004694 0.0002786581 0.0000001685 0 0 0
562461 1 141 0.0542790279 0.0000111182 0.0000000023 0 0 0
564396 0 156 0.1099758934 0.0000568351 0.0000000294 0 0 0
567999 0 125 0.1545235822 0.0000428875 0.0000000119 0 0 0
575144 2 437 0.3137521174 0.0000439121 0.0000000061 187 125 125
579621 0 125 0.5758549103 0.0002265362 0.0000000891 0 0 0
581649 0 125 0.5890839571 0.0002904753 0.0000001432 0 0 0
582414 4 16084 0.0000000000 0.0000000000 0.0000000000 0 0 0
601774 0 156 0.0290811364 0.0000015021 0.0000000001 0 0 0
609199 0 125 0.2056708000 0.0000432263 0.0000000091 0 0 0
610494 0 125 0.7327091060 0.0005657985 0.0000004369 0 0 0
611711 0 125 0.7859354099 0.0006457974 0.0000005306 0 0 0
614691 1 109 0.0731713005 0.0000245541 0.0000000082 0 0 0
616297 0 141 0.0864644882 0.0000538384 0.0000000335 0 0 0
620587 0 110 0.1878737244 0.0000437934 0.0000000102 0 0 0
621820 0 140 1.0321711350 0.0008371218 0.0000006789 0 0 0
622896 4 18049 0.0000000000 0.0000000000 0.0000000000 0 0 0
642396 0 156 0.0262484808 0.0000013461 0.0000000001 0 0 0
644845 0 141 0.1135006557 0.0000463457 0.0000000189 0 0 0
646967 0 141 0.3120753078 0.0001470666 0.0000000693 0 0 0
648964 0 140 0.0791307310 0.0000396248 0.0000000198 0 0 0
649479 4 13806 0.0000000000 0.0000000000 0.0000000000 0 0 0
664299 0 140 0.0117447363 0.0000007925 0.0000000001 0 0 0
670024 0 125 0.0058309038 0.0000084999 0.0000000124 0 0 0
672598 0 109 0.0453127738 0.0000176040 0.0000000068 0 0 0
675266 0 124 0.1809126718 0.0000678083 0.0000000254 0 0 0
689025 0 156 0.0420995254 0.0000030598 0.0000000002 0 0 0
691084 0 141 0.3423630635 0.0001662764 0.0000000808 0 0 0
697870 0 141 0.0229950258 0.0000033886 0.0000000005 0 0 0
705779 1 156 0.0026858820 0.0000003396 0.0000000000 0 0 0
708275 0 125 0.2172971795 0.0002403730 0.0000002659 0 0 0
710725 0 140 0.2301743116 0.0000939487 0.0000000383 0 0 0
712488 0 124 0.3775514982 0.0002141529 0.0000001215 0 0 0
717012 0 124 0.2580046983 0.0000570302 0.0000000126 0 0 0
718572 0 140 0.4033521368 0.0002585591 0.0000001657 0 0 0
720678 0 124 0.0402622641 0.0000191179 0.0000000091 0 0 0
721224 1 140 0.0000000000 0.0000000000 0.0000000000 0 0 0
728150 0 156 0.0865555972 0.0000387968 0.0000000174 0 0 0
731192 0 156 0.2142438744 0.0000704286 0.0000000232 0 0 0
732705 0 141 0.1314135502 0.0000868563 0.0000000574 0 0 0
737214 0 109 0.5563746413 0.0002621935 0.0000001236 0 0 0
745451 0 140 0.0913724756 0.0000433867 0.0000000206 0 0 0
752268 0 140 0.3609309565 0.0001821963 0.0000000920 0 0 0
764763 0 141 0.1602520967 0.0000220460 0.0000000030 0 0 0
766495 0 140 0.3702819724 0.0002137887 0.0000001234 0 0 0
767135 4 5304 0.0000000000 0.0000000000 0.0000000000 0 0 0
773468 0 125 0.0455657569 0.0000071950 0.0000000011 0 0 0
782470 1 109 0.2978903356 0.0000330916 0.0000000037 0 0 0
783234 0 109 0.0299523914 0.0000392047 0.0000000513 0 0 0
784981 0 156 0.6723950163 0.0003848855 0.0000002203 0 0 0
786635 0 125 0.1946806839 0.0001177030 0.0000000712 0 0 0
788429 0 125 0.1809813864 0.0001008815 0.0000000562 0 0 0
789817 0 125 0.0839025833 0.0000604485 0.0000000436 0 0 0
795995 0 125 0.2824054157 0.0000457115 0.0000000074 0 0 0
811876 0 156 0.0183703623 0.0000053762 0.0000000016 0 0 0
813654 0 141 0.4596059692 0.0002584960 0.0000001454 0 0 0
817492 0 140 0.0869756187 0.0000226617 0.0000000059 0 0 0
823872 0 141 0.1922340448 0.0000301307 0.0000000047 0 0 0
825417 0 124 0.6287607260 0.0004069649 0.0000002634 0 0 0
828240 1 141 0.0779638231 0.0000276174 0.0000000098 0 0 0
829613 0 140 0.0853010191 0.0000621275 0.0000000452 0 0 0
834668 0 124 0.1585390032 0.0000313628 0.0000000062 0 0 0
835962 0 110 0.8410669558 0.0006499745 0.0000005023 0 0 0
836586 4 10312 0.0000000000 0.0000000000 0.0000000000 0 0 0
848193 3 577 0.0404982666 0.0000034891 0.0000000003 0 0 0
850174 0 125 0.0457246471 0.0000230816 0.0000000117 0 0 0
852498 0 141 0.0935663790 0.0000402609 0.0000000173 0 0 0
854105 0 125 0.5890846099 0.0003665741 0.0000002281 0 0 0
856430 0 124 0.2576506819 0.0001108175 0.0000000477 0 0 0
857678 0 124 0.3872948876 0.0003103324 0.0000002487 0 0 0
858754 0 140 0.1716340691 0.0001595112 0.0000001482 0 0 0
859409 4 18330 0.0000000000 0.0000000000 0.0000000000 0 0 0
879346 0 109 0.0453591186 0.0000022751 0.0000000001 0 0 0
880719 0 109 0.0274688832 0.0000200065 0.0000000146 0 0 0
896943 0 156 0.0052273026 0.0000003222 0.0000000000 0 0 0
898722 0 140 0.0113749679 0.0000063940 0.0000000036 0 0 0
899954 0 125 0.4443958059 0.0003607109 0.0000002928 0 0 0
902762 0 156 0.1078948952 0.0000384241 0.0000000137 0 0 0
905461 4 5179 0.0000000000 0.0000000000 0.0000000000 0 0 0
915226 3 1888 0.0401840214 0.0000041151 0.0000000004 0 0 0
922558 0 141 0.4078397875 0.0001136677 0.0000000317 0 0 0
927894 0 125 0.4228926526 0.0002944935 0.0000002051 0 0 0
929641 4 11357 0.0000000000 0.0000000000 0.0000000000 0 0 0
943026 0 109 0.1295459585 0.0000096784 0.0000000007 0 0 0
946520 0 125 0.9503316719 0.0009235488 0.0000008975 0 0 0
948252 1 140 0.1791522822 0.0001034367 0.0000000597 0 0 0
949469 0 109 0.0806230902 0.0000662474 0.0000000544 0 0 0
953447 0 140 0.3029934981 0.0000761673 0.0000000191 0 0 0
959546 0 110 0.1899362488 0.0000367880 0.0000000071 0 0 0
961715 0 109 0.4350506103 0.0002005766 0.0000000925 0 0 0
964117 0 141 0.2360851213 0.0000982869 0.0000000409 0 0 0
965396 0 110 0.4019098838 0.0003142376 0.0000002457 0 0 0
970217 0 109 0.2211661911 0.0000458756 0.0000000095 0 0 0
971933 0 140 0.3252585056 0.0001895446 0.0000001105 0 0 0
977533 0 125 0.2333694365 0.0000416731 0.0000000074 0 0 0
978953 0 156 0.6063790335 0.0004270275 0.0000003007 0 0 0
979452 4 6724 0.0000000000 0.0000000000 0.0000000000 0 0 0
987330 0 140 0.1061916367 0.0000134795 0.0000000017 0 0 0
988110 0 140 0.0413732981 0.0000530427 0.0000000680 0 0 0
989218 0 140 0.0405611095 0.0000366075 0.0000000330 0 0 0
990793 0 110 0.3657711225 0.0002322356 0.0000001475 0 0 0
992369 0 140 0.0776363985 0.0000492617 0.0000000313 0 0 0
1008281 0 140 0.1949128545 0.0000122494 0.0000000008 0 0 0
1008999 1 140 0.0041782730 0.0000058193 0.0000000081 0 0 0
1010309 0 125 0.0406702773 0.0000310460 0.0000000237 0 0 0
1011729 0 109 0.6013331629 0.0004234741 0.0000002982 0 0 0
1012571 0 156 0.1938946505 0.0002302787 0.0000002735 0 0 0
1013803 0 125 0.0612981940 0.0000497550 0.0000000404 0 0 0
1016315 0 109 0.3652681452 0.0001454093 0.0000000579 0 0 0
1018093 0 125 0.1546221995 0.0000869641 0.0000000489 0 0 0
1019123 0 125 0.5218666541 0.0005066667 0.0000004919 0 0 0
1020075 0 124 0.1483068101 0.0001557845 0.0000001636 0 0 0
1020590 4 5475 0.0000000000 0.0000000000 0.0000000000 0 0 0
1027001 0 125 0.1257487831 0.0000196145 0.0000000031 0 0 0
1028015 0 109 0.0266272189 0.0000262596 0.0000000259 0 0 0
1031400 0 141 0.3203443686 0.0001770837 0.0000000979 0 0 0
1034318 0 156 0.0399464555 0.0000136897 0.0000000047 0 0 0
1037640 1 156 0.0047647282 0.0000014343 0.0000000004 0 0 0
1039154 0 156 0.0419127416 0.0000276834 0.0000000183 0 0 0
1040948 0 124 0.2325970531 0.0001296528 0.0000000723 0 0 0
1042258 0 109 0.3600490406 0.0002748466 0.0000002098 0 0 0
1046876 0 124 0.0149863760 0.0000204174 0.0000000278 0 0 0
1053069 0 109 0.1222269308 0.0000851756 0.0000000594 0 0 0
1056017 0 125 0.2871594366 0.0000974082 0.0000000330 0 0 0
1057702 0 109 0.5823498063 0.0003456082 0.0000002051 0 0 0
1059028 4 12792 0.0000000000 0.0000000000 0.0000000000 0 0 0
1073318 0 140 0.0529316549 0.0000037041 0.0000000003 0 0 0
1074254 0 109 0.7219310292 0.0007712938 0.0000008240 0 0 0
1082990 0 140 0.0265713319 0.0000030416 0.0000000003 0 0 0
1099573 0 125 0.0817181604 0.0000049278 0.0000000003 0 0 0
1103800 4 37519 0.0000000000 0.0000000000 0.0000000000 0 0 0
1167870 4 41044 0.0000000000 0.0000000000 0.0000000000 0 0 0
1211800 0 156 0.0061034677 0.0000001389 0.0000000000 0 0 0
1228913 0 109 0.0711260636 0.0000044351 0.0000000003 0 0 0
1230660 0 110 0.3966060571 0.0002270212 0.0000001299 0 0 0
1232361 4 14274 0.0000000000 0.0000000000 0.0000000000 0 0 0
1248835 0 140 0.0620064987 0.0000037639 0.0000000002 0 0 0
1250831 0 125 0.3677919893 0.0001842645 0.0000000923 0 0 0
1256057 0 156 0.2374194024 0.0000454304 0.0000000087 0 0 0
1256853 4 142179 0.0000000000 0.0000000000 0.0000000000 0 0 0
1401778 0 125 0.0030679000 0.0000000212 0.0000000000 0 0 0
1409235 3 2418 0.0457608302 0.0000061366 0.0000000008 0 0 0
1416536 0 124 0.1319977521 0.0000180794 0.0000000025 0 0 0
1431527 0 110 0.2853635765 0.0000376419 0.0000000050 0 0 0
1437221 0 141 0.0883356707 0.0000155138 0.0000000027 0 0 0
1450747 0 140 0.1234585409 0.0000091275 0.0000000007 0 0 0
1451417 0 110 0.4592137517 0.0006853937 0.0000010230 0 0 0
1460528 0 125 0.0947368204 0.0000103981 0.0000000011 0 0 0
1461901 0 140 0.8726390065 0.0006355710 0.0000004629 0 0 0
1462618 0 110 0.0537954190 0.0000750285 0.0000001046 0 0 0
1463710 3 1092 0.0478629835 0.0000438306 0.0000000401 0 0 0
1469311 0 140 0.1307651889 0.0000233468 0.0000000042 0 0 0
1476003 0 125 0.0862675237 0.0000128911 0.0000000019 0 0 0
1481853 0 125 0.0000000000 0.0000000000 0.0000000000 0 0 0
1484365 0 125 0.2234384070 0.0000889484 0.0000000354 0 0 0
1485597 2 562 0.2408443430 0.0001954905 0.0000001587 109 344 109
1488156 0 109 0.0241248999 0.0000245421 0.0000000250 0 0 0
1488905 4 9828 0.0000000000 0.0000000000 0.0000000000 0 0 0
1500527 0 140 0.1188771763 0.0000102286 0.0000000009 0 0 0
1503818 3 2122 0.2360158785 0.0000717156 0.0000000218 0 0 0
1509013 0 109 0.1347560312 0.0000259396 0.0000000050 0 0 0
1520308 0 140 0.2305096740 0.0000282522 0.0000000035 0 0 0
1522258 4 9921 0.0000000000 0.0000000000 0.0000000000 0 0 0
1533911 0 109 0.0888208151 0.0000076221 0.0000000007 0 0 0
1536438 3 1544 0.2664009876 0.0001054218 0.0000000417 0 0 0
1539839 0 125 0.1951350775 0.0000573758 0.0000000169 0 0 0
1541758 4 7644 0.0000000000 0.0000000000 0.0000000000 0 0 0
1550540 0 125 0.0416928777 0.0000047475 0.0000000005 0 0 0
1551726 0 125 0.5903557052 0.0004977704 0.0000004197 0 0 0
1552912 3 1217 0.0020661157 0.0000042688 0.0000000088 0 0 0
1558263 0 109 0.1873969847 0.0000350209 0.0000000065 0 0 0
1559495 0 125 0.3973994918 0.0003225645 0.0000002618 0 0 0
1568637 0 109 0.0926999661 0.0000101400 0.0000000011 0 0 0
1570555 3 3729 0.0252023830 0.0000329874 0.0000000432 0 0 0
1582240 0 125 0.1964479434 0.0000373688 0.0000000071 0 0 0
1589229 3 1513 0.1030088435 0.0000147387 0.0000000021 0 0 0
1595703 0 125 0.1482897332 0.0000229054 0.0000000035 0 0 0
1602957 0 109 0.1685009240 0.0000232287 0.0000000032 0 0 0
1603331 4 7005 0.0000000000 0.0000000000 0.0000000000 0 0 0
1611693 0 125 0.0696921578 0.0000083344 0.0000000010 0 0 0
1616591 0 141 0.1855583901 0.0000378845 0.0000000077 0 0 0
1622051 4 19890 0.0000000000 0.0000000000 0.0000000000 0 0 0
1643548 0 109 0.0275846197 0.0000012832 0.0000000001 0 0 0
1655529 0 109 0.0874429455 0.0000072985 0.0000000006 0 0 0
1656715 0 125 0.0279144600 0.0000235366 0.0000000198 0 0 0
1658368 0 156 0.0071557333 0.0000043289 0.0000000026 0 0 0
1659788 4 15413 0.0000000000 0.0000000000 0.0000000000 0 0 0
1682159 3 1450 0.0089394814 0.0000003996 0.0000000000 0 0 0
1689210 0 125 0.1732766180 0.0000245748 0.0000000035 0 0 0
1695434 0 125 0.1810354396 0.0000290867 0.0000000047 0 0 0
1699443 0 141 0.2327743635 0.0000580629 0.0000000145 0 0 0
1707088 3 1887 0.0150712539 0.0000035001 0.0000000008 0 0 0
1711721 0 140 0.1545043123 0.0000333487 0.0000000072 0 0 0
1716448 0 109 0.2144572449 0.0000453686 0.0000000096 0 0 0
1717056 4 5554 0.0000000000 0.0000000000 0.0000000000 0 0 0
1724450 0 110 0.1321359674 0.0000178707 0.0000000024 0 0 0
1726853 3 2839 0.2417219885 0.0001005918 0.0000000419 0 0 0
1731845 0 125 0.1224505106 0.0000245293 0.0000000049 0 0 0
1740347 0 109 0.1796497143 0.0000211303 0.0000000025 0 0 0
1742453 0 140 0.1007795523 0.0000478535 0.0000000227 0 0 0
1743935 4 36114 0.0000000000 0.0000000000 0.0000000000 0 0 0
1781235 0 109 0.0142008974 0.0000003807 0.0000000000 0 0 0
1786461 0 140 0.1273958096 0.0000243773 0.0000000047 0 0 0
1801749 0 109 0.3150097078 0.0002321369 0.0000001711 0 0 0
1809455 0 141 0.2950268523 0.0000382853 0.0000000050 0 0 0
1812139 3 2979 0.2297718326 0.0000856080 0.0000000319 0 0 0
1816241 0 110 0.0218638961 0.0000053301 0.0000000013 0 0 0
1817443 3 1029 0.0296828342 0.0000246945 0.0000000205 0 0 0
1819018 0 109 0.0968464130 0.0000614898 0.0000000390 0 0 0
1822528 3 3089 0.0040691760 0.0000041395 0.0000000042 0 0 0
1830625 0 156 0.1093447295 0.0000135044 0.0000000017 0 0 0
1839252 0 140 0.1079476279 0.0000125128 0.0000000015 0 0 0
1840905 0 156 0.3308415091 0.0002001461 0.0000001211 0 0 0
1841638 4 43072 0.0000000000 0.0000000000 0.0000000000 0 0 0
1891200 0 140 0.0083910288 0.0000001693 0.0000000000 0 0 0
1910357 3 2246 0.0788147198 0.0000041141 0.0000000002 0 0 0
1921823 0 156 0.0509153043 0.0000044405 0.0000000004 0 0 0
1923055 0 141 0.4082315787 0.0003313568 0.0000002690 0 0 0
1929451 0 156 0.1712321617 0.0000267718 0.0000000042 0 0 0
1932883 0 125 0.5086997080 0.0001482225 0.0000000432 0 0 0
1935738 1 125 0.5581539335 0.0001955005 0.0000000685 0 0 0
1938094 0 140 0.9369779085 0.0006824311 0.0000004970 0 0 0
1939623 0 109 0.5535378452 0.0003620261 0.0000002368 0 0 0
1941448 0 140 0.4464408590 0.0002446251 0.0000001340 0 0 0
1946877 0 140 0.3438270902 0.0000633316 0.0000000117 0 0 0
1947906 0 141 0.0062334437 0.0000060578 0.0000000059 0 0 0
1948639 0 110 0.0000000000 0.0000000000 0.0000000000 0 0 0
1951806 0 109 0.4143706288 0.0001735947 0.0000000727 0 0 0
1958655 0 140 0.2447862890 0.0000357404 0.0000000052 0 0 0
1963163 0 156 0.5917645784 0.0001312699 0.0000000291 0 0 0
1967718 1 125 0.0249629397 0.0000054803 0.0000000012 0 0 0
1969466 0 140 0.0252637151 0.0000144529 0.0000000083 0 0 0
1972274 0 140 0.1406133438 0.0001217432 0.0000001054 0 0 0
1976657 0 156 0.0239339472 0.0000054606 0.0000000012 0 0 0
1979169 0 156 0.6791233969 0.0002703517 0.0000001076 0 0 0
1980900 0 156 0.5496083887 0.0003175092 0.0000001834 0 0 0
1982492 1 140 0.2599737363 0.0001633001 0.0000001026 0 0 0
1985424 0 125 0.3501807835 0.0002180453 0.0000001358 0 0 0
1990401 0 125 0.2115452684 0.0000425046 0.0000000085 0 0 0
1991306 0 140 0.7905830092 0.0008735724 0.0000009653 0 0 0
2024503 0 140 0.0647454822 0.0000019503 0.0000000001 0 0 0
2028075 4 5023 0.0000000000 0.0000000000 0.0000000000 0 0 0
2036421 0 141 0.0644091656 0.0000077174 0.0000000009 0 0 0
2044018 0 141 0.5396652055 0.0002746388 0.0000001398 0 0 0
2050352 4 10624 0.0000000000 0.0000000000 0.0000000000 0 0 0
2066888 4 7067 0.0000000000 0.0000000000 0.0000000000 0 0 0
2086560 0 140 0.0968206618 0.0000084214 0.0000000007 0 0 0
2088167 0 156 0.7452492914 0.0004637519 0.0000002886 0 0 0
2089087 4 10827 0.0000000000 0.0000000000 0.0000000000 0 0 0
2101224 0 140 0.0425159935 0.0000035030 0.0000000003 0 0 0
2101817 1 140 0.0279536108 0.0000471393 0.0000000795 0 0 0
2104391 0 140 0.1156987744 0.0000449490 0.0000000175 0 0 0
2107558 4 8658 0.0000000000 0.0000000000 0.0000000000 0 0 0
2131831 0 141 0.1694225000 0.0000117794 0.0000000008 0 0 0
2143360 0 156 0.3293936201 0.0000285709 0.0000000025 0 0 0
2144249 4 7597 0.0000000000 0.0000000000 0.0000000000 0 0 0
2157650 0 140 0.1406684276 0.0000104969 0.0000000008 0 0 0
2160270 0 156 0.1928785103 0.0000736178 0.0000000281 0 0 0
2180005 0 124 0.1400724712 0.0000134815 0.0000000013 0 0 0
2187493 3 795 0.0979839430 0.0000130855 0.0000000017 0 0 0
2190379 0 124 0.1882366847 0.0000652241 0.0000000226 0 0 0
2226836 4 22589 0.0000000000 0.0000000000 0.0000000000 0 0 0
2256632 0 141 0.0738981304 0.0000024801 0.0000000001 0 0 0
2268676 0 109 0.0938934640 0.0000077959 0.0000000006 0 0 0
2269596 0 109 1.0288467731 0.0011183117 0.0000012156 0 0 0
2271468 4 17846 0.0000000000 0.0000000000 0.0000000000 0 0 0
2294088 4 90059 0.0000000000 0.0000000000 0.0000000000 0 0 0
2384943 0 156 0.0011218261 0.0000000123 0.0000000000 0 0 0
2385380 4 13057 0.0000000000 0.0000000000 0.0000000000 0 0 0
2398468 0 141 0.0000764059 0.0000000058 0.0000000000 0 0 0
2401183 4 107001 0.0000000000 0.0000000000 0.0000000000 0 0 0
2516311 0 141 0.0100272276 0.0000000871 0.0000000000 0 0 0
2518995 0 125 0.2569781532 0.0002572354 0.0000002575 0 0 0
2520648 0 156 0.4278266857 0.0002588183 0.0000001566 0 0 0
2521928 0 124 0.3268214074 0.0002553292 0.0000001995 0 0 0
2524814 0 124 0.3085312858 0.0001069062 0.0000000370 0 0 0
2527746 0 125 0.3765279661 0.0001284202 0.0000000438 0 0 0
2530757 0 125 0.1275609146 0.0000423650 0.0000000141 0 0 0
2532582 2 718 0.1104930775 0.0000605442 0.0000000332 141 468 109
2541162 0 125 0.0727077335 0.0000084741 0.0000000010 0 0 0
2558213 0 156 0.0833481668 0.0000048882 0.0000000003 0 0 0
2565857 0 110 0.2674859539 0.0000349929 0.0000000046 0 0 0
2573626 0 156 0.2377035179 0.0000305964 0.0000000039 0 0 0
2581941 0 109 0.1611759352 0.0000193838 0.0000000023 0 0 0
2588212 0 156 0.2834750262 0.0000452041 0.0000000072 0 0 0
2589850 4 8206 0.0000000000 0.0000000000 0.0000000000 0 0 0
2602814 0 125 0.2286534239 0.0000176376 0.0000000014 0 0 0
2603594 2 655 0.2225942912 0.0002853773 0.0000003659 125 405 125
2604499 4 10280 0.0000000000 0.0000000000 0.0000000000 0 0 0
2620021 0 156 0.0916838263 0.0000059067 0.0000000004 0 0 0
2622065 0 156 0.1673301197 0.0000818641 0.0000000401 0 0 0
2628461 0 140 0.2215566097 0.0000346399 0.0000000054 0 0 0
2640753 0 141 0.1322955388 0.0000107627 0.0000000009 0 0 0
2647696 0 140 0.3910079148 0.0000563169 0.0000000081 0 0 0
2650972 4 25818 0.0000000000 0.0000000000 0.0000000000 0 0 0
2687616 0 141 0.3105225818 0.0000513006 0.0000000085 0 0 0
2688474 4 135253 0.0000000000 0.0000000000 0.0000000000 0 0 0
2826504 0 156 0.0037959737 0.0000000275 0.0000000000 0 0 0
2833009 0 125 0.1428275881 0.0000219566 0.0000000034 0 0 0
2848032 1 125 0.1233650277 0.0000082117 0.0000000005 0 0 0
2851261 0 141 0.4063686823 0.0002411684 0.0000001431 0 0 0
2856066 0 125 0.3544732247 0.0000737717 0.0000000154 0 0 0
2866752 0 141 0.1361651001 0.0000127424 0.0000000012 0 0 0
2876050 0 156 0.0707945273 0.0000076140 0.0000000008 0 0 0
2878515 0 124 0.3836294139 0.0001556306 0.0000000631 0 0 0
2880153 0 156 0.6507018538 0.0003972539 0.0000002425 0 0 0
2890651 1 172 0.1618839720 0.0000154205 0.0000000015 0 0 0
2896034 0 140 0.2178616062 0.0000601828 0.0000000166 0 0 0
2896907 0 109 0.1555727168 0.0001782047 0.0000002041 0 0 0
2897750 0 109 0.1444198032 0.0001713165 0.0000002032 0 0 0
2902211 0 109 0.4834287305 0.0002182522 0.0000000985 0 0 0
2911930 0 140 0.0750848773 0.0000077256 0.0000000008 0 0 0
2920510 0 156 0.1926078174 0.0000224485 0.0000000026 0 0 0
2921914 0 109 0.4373701010 0.0003115172 0.0000002219 0 0 0
2942101 0 140 0.2209988994 0.0000370804 0.0000000062 0 0 0
2942787 0 109 0.0099539754 0.0000145102 0.0000000212 0 0 0
2949791 4 5195 0.0000000000 0.0000000000 0.0000000000 0 0 0
2962896 0 156 0.1295873013 0.0000185815 0.0000000027 0 0 0
2964440 1 140 0.2065160022 0.0001337539 0.0000000866 0 0 0
2965282 0 110 0.0552653267 0.0000656358 0.0000000780 0 0 0
2966796 0 109 0.4249947071 0.0002807098 0.0000001854 0 0 0
2973020 0 125 0.2703540676 0.0000434374 0.0000000070 0 0 0
2982052 4 6475 0.0000000000 0.0000000000 0.0000000000 0 0 0
3034547 4 5865 0.0000000000 0.0000000000 0.0000000000 0 0 0
3043735 4 5804 0.0000000000 0.0000000000 0.0000000000 0 0 0
3050178 4 13229 0.0000000000 0.0000000000 0.0000000000 0 0 0
3079709 0 156 0.1672003979 0.0000136881 0.0000000011 0 0 0
3081488 0 140 0.4403611478 0.0002475330 0.0000001391 0 0 0
3112766 0 125 0.0449420789 0.0000014369 0.0000000000 0 0 0
3118241 0 141 0.2295077684 0.0000419192 0.0000000077 0 0 0
3130909 1 124 0.1401626518 0.0000110643 0.0000000009 0 0 0
3139489 0 140 0.1369508556 0.0000189604 0.0000000026 0 0 0
3141782 0 140 0.4665556576 0.0002034695 0.0000000887 0 0 0
3147632 0 109 0.2298950007 0.0000392983 0.0000000067 0 0 0
3151173 0 125 0.1469921991 0.0000415115 0.0000000117 0 0 0
3157226 0 140 0.1476635058 0.0000243951 0.0000000040 0 0 0
3168271 1 140 0.0913755209 0.0000082730 0.0000000007 0 0 0
3169394 0 125 0.0458788959 0.0000408539 0.0000000364 0 0 0
3194167 0 140 0.0426836495 0.0000017230 0.0000000001 0 0 0
3196523 0 140 0.2868207255 0.0001217405 0.0000000517 0 0 0
3206990 0 141 0.2505423040 0.0000239364 0.0000000023 0 0 0
3215789 0 125 0.2554166170 0.0000290279 0.0000000033 0 0 0
3217692 0 125 0.2826367958 0.0001485217 0.0000000780 0 0 0
3219330 0 156 0.5157137957 0.0003148436 0.0000001922 0 0 0
3224384 0 125 0.2167801295 0.0000428928 0.0000000085 0 0 0
3229408 1 140 0.0916670786 0.0000182458 0.0000000036 0 0 0
3231467 0 140 0.1395625771 0.0000677817 0.0000000329 0 0 0
3238159 0 125 0.4462195656 0.0001108620 0.0000000275 0 0 0
3251248 0 109 0.1913953747 0.0000146226 0.0000000011 0 0 0
3259750 0 125 0.2009745186 0.0000236385 0.0000000028 0 0 0
3265647 0 156 0.2813128308 0.0000477044 0.0000000081 0 0 0
3282479 0 109 0.1098907674 0.0000065287 0.0000000004 0 0 0
3288204 0 125 0.2784379014 0.0000486354 0.0000000085 0 0 0
3290747 4 6334 0.0000000000 0.0000000000 0.0000000000 0 0 0
3313243 0 124 0.1928705161 0.0000154929 0.0000000012 0 0 0
3335676 0 140 0.1481871275 0.0000066058 0.0000000003 0 0 0
3338265 4 19173 0.0000000000 0.0000000000 0.0000000000 0 0 0
3370027 4 25756 0.0000000000 0.0000000000 0.0000000000 0 0 0
3400369 1 156 0.0332554634 0.0000010960 0.0000000000 0 0 0
3402116 0 156 0.1601295472 0.0000916597 0.0000000525 0 0 0
3405018 0 125 0.7845449489 0.0002703463 0.0000000932 0 0 0
3424799 4 7784 0.0000000000 0.0000000000 0.0000000000 0 0 0
3473580 0 125 0.1243617092 0.0000025494 0.0000000001 0 0 0
3498463 0 124 0.1954601176 0.0000094916 0.0000000005 0 0 0
3500600 0 109 0.0526584867 0.0000246413 0.0000000115 0 0 0
3501770 0 109 0.3232722423 0.0002763011 0.0000002362 0 0 0
3502768 0 109 0.1282621905 0.0001285192 0.0000001288 0 0 0
3503689 0 109 0.2121815096 0.0002303817 0.0000002501 0 0 0
3505997 0 125 0.0647440015 0.0000280520 0.0000000122 0 0 0
3512331 0 140 0.2746646210 0.0000487686 0.0000000087 0 0 0
3523891 0 125 0.3030043805 0.0000262115 0.0000000023 0 0 0
3527338 3 1061 0.1328719463 0.0000385471 0.0000000112 0 0 0
3531363 2 702 0.2235000067 0.0000555280 0.0000000138 109 484 109
3536823 0 141 0.2745443897 0.0000502829 0.0000000092 0 0 0
3565418 0 125 0.0979282810 0.0000071496 0.0000000005 0 0 0
3582968 0 110 0.2181465148 0.0000124300 0.0000000007 0 0 0
3609988 3 1061 0.1356795634 0.0000146412 0.0000000016 0 0 0
3612655 3 905 0.0263996585 0.0000483510 0.0000000886 0 0 0
3616056 3 1435 0.0974713405 0.0000584010 0.0000000350 0 0 0
3619863 0 124 0.1373136263 0.0000360687 0.0000000095 0 0 0
3626477 0 156 0.0393568587 0.0000059505 0.0000000009 0 0 0
3629550 0 141 0.2409175941 0.0000783982 0.0000000255 0 0 0
3636399 0 140 0.2683659773 0.0000391832 0.0000000057 0 0 0
3645400 4 11310 0.0000000000 0.0000000000 0.0000000000 0 0 0
3658239 0 125 0.0523619810 0.0000040784 0.0000000003 0 0 0
3659487 0 125 0.2822384448 0.0002261526 0.0000001812 0 0 0
