90.8292682927 12.5171149934
nan nan
684.1111111111 75.6019465423
140.6666666667 18.1903515329
385.4444444444 68.6927314788
158.0000000000 15.6560247544
0.3736940360 0.2682238274
0.0001832259 0.0003087673
0.0000002346 0.0000008405

1656 0 94 0.1789326996 0.0001080511 0.0000000652 0 0 0
4187 0 110 0.2351610775 0.0000929123 0.0000000367 0 0 0
4765 4 5563 0.0000000000 0.0000000000 0.0000000000 0 0 0
14343 0 94 0.2737857183 0.0000285849 0.0000000030 0 0 0
22281 0 78 0.3644717137 0.0000459148 0.0000000058 0 0 0
23859 0 94 0.4382472017 0.0002777232 0.0000001760 0 0 0
24890 0 78 0.0281280310 0.0000272823 0.0000000265 0 0 0
39734 4 7453 0.0000000000 0.0000000000 0.0000000000 0 0 0
49156 0 109 0.2152148610 0.0000228417 0.0000000024 0 0 0
57375 4 8547 0.0000000000 0.0000000000 0.0000000000 0 0 0
78562 4 13516 0.0000000000 0.0000000000 0.0000000000 0 0 0
105984 4 5078 0.0000000000 0.0000000000 0.0000000000 0 0 0
113234 4 5891 0.0000000000 0.0000000000 0.0000000000 0 0 0
124781 4 5156 0.0000000000 0.0000000000 0.0000000000 0 0 0
130125 4 6031 0.0000000000 0.0000000000 0.0000000000 0 0 0
141187 4 11360 0.0000000000 0.0000000000 0.0000000000 0 0 0
159812 4 5813 0.0000000000 0.0000000000 0.0000000000 0 0 0
181000 4 10359 0.0000000000 0.0000000000 0.0000000000 0 0 0
192968 0 79 0.2361731040 0.0000197337 0.0000000016 0 0 0
201734 4 7734 0.0000000000 0.0000000000 0.0000000000 0 0 0
227172 0 93 0.2856354580 0.0000173765 0.0000000011 0 0 0
258125 0 109 0.5760237629 0.0000623740 0.0000000068 0 0 0
268828 0 94 0.4537122805 0.0000423911 0.0000000040 0 0 0
281328 0 94 0.2942418331 0.0000235393 0.0000000019 0 0 0
284547 4 15343 0.0000000000 0.0000000000 0.0000000000 0 0 0
311593 0 94 0.8577226294 0.0001183066 0.0000000163 0 0 0
312187 0 94 0.0305102788 0.0000513641 0.0000000865 0 0 0
319687 0 94 0.7769494931 0.0001035933 0.0000000138 0 0 0
325375 0 109 0.8216876654 0.0001444599 0.0000000254 0 0 0
330922 4 7859 0.0000000000 0.0000000000 0.0000000000 0 0 0
346328 4 6250 0.0000000000 0.0000000000 0.0000000000 0 0 0
354343 0 94 0.2029237228 0.0000253180 0.0000000032 0 0 0
361515 0 94 0.9413207773 0.0001312494 0.0000000183 0 0 0
372297 0 109 0.4044250139 0.0000375093 0.0000000035 0 0 0
376031 4 69656 0.0000000000 0.0000000000 0.0000000000 0 0 0
450140 4 8907 0.0000000000 0.0000000000 0.0000000000 0 0 0
490047 0 109 0.4394767574 0.0001249934 0.0000000355 0 0 0
496531 0 94 0.2825399803 0.0000435750 0.0000000067 0 0 0
560812 4 20610 0.0000000000 0.0000000000 0.0000000000 0 0 0
585250 0 93 0.3416436780 0.0000139800 0.0000000006 0 0 0
594390 0 110 0.4726150020 0.0000517084 0.0000000057 0 0 0
614062 3 703 0.3157511076 0.0000233890 0.0000000017 0 0 0
617859 3 1125 0.0272501380 0.0000071768 0.0000000019 0 0 0
631015 3 860 0.3852127121 0.0000353731 0.0000000032 0 0 0
635890 3 578 0.1393463497 0.0000910166 0.0000000594 0 0 0
643875 3 640 0.1404780142 0.0000987890 0.0000000695 0 0 0
654422 3 593 0.0575006816 0.0000076504 0.0000000010 0 0 0
678515 0 78 0.5586011711 0.0002709026 0.0000001314 0 0 0
680609 0 78 0.3884225593 0.0001854931 0.0000000886 0 0 0
687187 4 9656 0.0000000000 0.0000000000 0.0000000000 0 0 0
702703 4 5031 0.0000000000 0.0000000000 0.0000000000 0 0 0
716781 4 7219 0.0000000000 0.0000000000 0.0000000000 0 0 0
741422 0 78 0.6397851621 0.0005118281 0.0000004095 0 0 0
746625 4 6468 0.0000000000 0.0000000000 0.0000000000 0 0 0
780468 0 79 0.6512913915 0.0000192445 0.0000000006 0 0 0
781500 0 93 0.0251937984 0.0000244126 0.0000000237 0 0 0
786781 0 94 0.5510641507 0.0001043484 0.0000000198 0 0 0
801968 0 94 0.6241903854 0.0000411003 0.0000000027 0 0 0
802718 0 94 0.0266666667 0.0000355556 0.0000000474 0 0 0
809828 3 172 0.2374814196 0.0000334010 0.0000000047 0 0 0
810890 0 110 0.8735939596 0.0008225932 0.0000007746 0 0 0
811500 2 547 0.0508196721 0.0000833109 0.0000001366 109 297 141
816890 0 78 0.4414768948 0.0000819067 0.0000000152 0 0 0
822140 4 5516 0.0000000000 0.0000000000 0.0000000000 0 0 0
941422 0 109 0.3956266736 0.0000117820 0.0000000004 0 0 0
942734 0 78 0.1817720086 0.0001385457 0.0000001056 0 0 0
944562 0 94 0.0723056601 0.0000890464 0.0000001097 0 0 0
945625 0 93 0.1250992091 0.0001176851 0.0000001107 0 0 0
971328 0 78 0.3035438825 0.0000417759 0.0000000057 0 0 0
991437 0 110 0.0738058885 0.0000891375 0.0000001077 0 0 0
1011906 0 94 0.3272595973 0.0000364269 0.0000000041 0 0 0
1025218 4 12016 0.0000000000 0.0000000000 0.0000000000 0 0 0
1079015 0 110 0.2954198098 0.0000054914 0.0000000001 0 0 0
1101437 0 94 0.4552324079 0.0003937997 0.0000003407 0 0 0
1104468 0 94 0.2293102730 0.0001310344 0.0000000749 0 0 0
1116609 4 5797 0.0000000000 0.0000000000 0.0000000000 0 0 0
1133875 0 109 0.4680179006 0.0000271063 0.0000000016 0 0 0
1149968 0 94 0.1097658954 0.0000102556 0.0000000010 0 0 0
1153734 4 9938 0.0000000000 0.0000000000 0.0000000000 0 0 0
1170562 0 94 0.2068270948 0.0000122907 0.0000000007 0 0 0
1174437 0 110 0.2544070348 0.0000656534 0.0000000169 0 0 0
1175703 3 140 0.8255494285 0.0014282862 0.0000024711 0 0 0
1180562 0 94 0.3496743469 0.0000719643 0.0000000148 0 0 0
1192234 4 5078 0.0000000000 0.0000000000 0.0000000000 0 0 0
1226797 0 109 0.3993726704 0.0000115549 0.0000000003 0 0 0
1228000 0 93 0.0609708795 0.0000506824 0.0000000421 0 0 0
1228968 0 110 0.4850620220 0.0005010971 0.0000005177 0 0 0
1230000 0 78 0.1144099094 0.0001108623 0.0000001074 0 0 0
1230843 0 79 0.1634769103 0.0001939228 0.0000002300 0 0 0
1259484 3 1688 0.4856665617 0.0000176305 0.0000000006 0 0 0
1261531 3 766 0.0097703957 0.0000047730 0.0000000023 0 0 0
1280781 0 109 0.4775672845 0.0000353754 0.0000000026 0 0 0
1284656 3 94 0.8548344648 0.0002206024 0.0000000569 0 0 0
1286781 0 94 0.7202318724 0.0003389326 0.0000001595 0 0 0
1293703 3 2219 0.4388943511 0.0000634057 0.0000000092 0 0 0
1314672 0 93 0.3971846868 0.0000189415 0.0000000009 0 0 0
1316812 0 94 0.7134614977 0.0003333932 0.0000001558 0 0 0
1319765 0 78 0.5990935677 0.0002028763 0.0000000687 0 0 0
1324593 0 94 0.3572169677 0.0000739886 0.0000000153 0 0 0
1332343 0 94 0.6768193136 0.0000873315 0.0000000113 0 0 0
1333703 0 109 0.0992336897 0.0000729659 0.0000000537 0 0 0
1334718 0 94 0.8037788536 0.0007919003 0.0000007802 0 0 0
1335609 0 94 0.1650394793 0.0001852295 0.0000002079 0 0 0
1336515 0 94 0.1557367302 0.0001718948 0.0000001897 0 0 0
1337593 0 110 0.9076075107 0.0008419365 0.0000007810 0 0 0
1348765 3 1453 0.5267096077 0.0000471455 0.0000000042 0 0 0
1415250 0 78 0.7814144024 0.0001312640 0.0000000221 0 0 0
1418593 3 79 0.8013255704 0.0002397025 0.0000000717 0 0 0
1425640 3 578 0.2863206114 0.0000406301 0.0000000058 0 0 0
1444968 0 79 0.3948848806 0.0000204307 0.0000000011 0 0 0
1446156 0 94 0.0756039234 0.0000636397 0.0000000536 0 0 0
1447156 0 94 0.4356211083 0.0004356211 0.0000004356 0 0 0
1448593 0 79 0.3545694035 0.0002467428 0.0000001717 0 0 0
1449531 0 94 0.1749010369 0.0001864617 0.0000001988 0 0 0
1451890 0 78 0.3540904073 0.0001501019 0.0000000636 0 0 0
1458422 0 78 0.3846540111 0.0000588876 0.0000000090 0 0 0
1484531 3 109 0.5461360700 0.0000706150 0.0000000091 0 0 0
1491906 0 78 0.7902103113 0.0001071472 0.0000000145 0 0 0
1493047 0 93 0.1472162332 0.0001290239 0.0000001131 0 0 0
1494109 0 94 0.8581323539 0.0008080342 0.0000007609 0 0 0
1495312 0 78 0.3003242262 0.0002496461 0.0000002075 0 0 0
1496000 3 93 0.1995395402 0.0002900284 0.0000004216 0 0 0
1497031 0 78 0.9085605544 0.0008812421 0.0000008547 0 0 0
1546890 3 94 0.6655705578 0.0001002365 0.0000000151 0 0 0
1615547 4 10234 0.0000000000 0.0000000000 0.0000000000 0 0 0
1625843 4 5500 0.0000000000 0.0000000000 0.0000000000 0 0 0
1654000 0 93 0.3780879627 0.0000134278 0.0000000005 0 0 0
1655093 4 7657 0.0000000000 0.0000000000 0.0000000000 0 0 0
1691297 0 78 0.5137579993 0.0000141906 0.0000000004 0 0 0
1693593 0 79 1.0004959785 0.0004357561 0.0000001898 0 0 0
1710468 0 79 0.9525066526 0.0003425051 0.0000001232 0 0 0
1725234 0 78 0.3251789646 0.0000220221 0.0000000015 0 0 0
1728109 0 109 0.1112768362 0.0000387050 0.0000000135 0 0 0
1731015 0 94 0.3117877767 0.0002734980 0.0000002399 0 0 0
1732031 3 78 0.3218869668 0.0003168179 0.0000003118 0 0 0
1752672 3 1921 0.5452610723 0.0000277840 0.0000000014 0 0 0
1761687 0 94 0.3158233571 0.0000350331 0.0000000039 0 0 0
1765687 4 7110 0.0000000000 0.0000000000 0.0000000000 0 0 0
1837593 3 204 0.0167512697 0.0000298065 0.0000000530 0 0 0
1838093 3 188 0.0480918093 0.0000961836 0.0000001924 0 0 0
1853109 0 94 0.4005738362 0.0000793687 0.0000000157 0 0 0
1855734 4 6141 0.0000000000 0.0000000000 0.0000000000 0 0 0
1886734 3 125 0.0125831989 0.0000171433 0.0000000234 0 0 0
1888875 3 156 0.1158584303 0.0001059035 0.0000000968 0 0 0
1899437 0 94 0.4421635419 0.0000436059 0.0000000043 0 0 0
1906843 4 5110 0.0000000000 0.0000000000 0.0000000000 0 0 0
1919937 0 110 0.1468611332 0.0000112159 0.0000000009 0 0 0
1920781 0 109 0.0253722910 0.0000300620 0.0000000356 0 0 0
1922484 3 141 0.0131740417 0.0000183227 0.0000000255 0 0 0
1928109 0 78 0.2107386706 0.0000374647 0.0000000067 0 0 0
1931812 4 8000 0.0000000000 0.0000000000 0.0000000000 0 0 0
1976500 0 78 0.3342181499 0.0000132689 0.0000000005 0 0 0
1977953 0 78 0.1003034406 0.0000690320 0.0000000475 0 0 0
1980015 0 78 0.1979823064 0.0001811366 0.0000001657 0 0 0
1980797 0 78 0.2275906896 0.0002910367 0.0000003722 0 0 0
1981906 0 78 0.7377204871 0.0006652123 0.0000005998 0 0 0
1993312 3 94 0.4279275192 0.0000375178 0.0000000033 0 0 0
1995984 0 78 0.1089260678 0.0000407657 0.0000000153 0 0 0
1999234 3 78 1.0815064913 0.0003327712 0.0000001024 0 0 0
2064203 0 78 0.2466027107 0.0001547068 0.0000000971 0 0 0
2115875 0 78 0.4631514043 0.0000089633 0.0000000002 0 0 0
2120000 0 109 0.9612131914 0.0002330214 0.0000000565 0 0 0
2124937 3 719 0.3857030903 0.0000781250 0.0000000158 0 0 0
2126640 3 2313 0.0371418406 0.0000218097 0.0000000128 0 0 0
2129765 0 110 0.5176340191 0.0001656429 0.0000000530 0 0 0
2133343 0 79 0.0816702867 0.0000384331 0.0000000181 0 0 0
2134953 0 94 0.3065180922 0.0001903839 0.0000001183 0 0 0
2136640 0 94 0.2840327746 0.0001683656 0.0000000998 0 0 0
2140484 0 109 0.0198993320 0.0000051767 0.0000000013 0 0 0
2142281 0 109 0.0311630495 0.0000173417 0.0000000097 0 0 0
2205172 0 78 0.3875346156 0.0000171635 0.0000000008 0 0 0
2206547 0 93 0.1228875643 0.0000893728 0.0000000650 0 0 0
2210015 3 94 0.2973400378 0.0001714764 0.0000000989 0 0 0
2211078 0 94 1.0669845230 0.0010037484 0.0000009443 0 0 0
2214562 2 719 0.1700957702 0.0000488220 0.0000000140 125 453 141
2216343 3 110 0.2461874827 0.0004380560 0.0000007795 0 0 0
2217047 0 109 0.0473009584 0.0000671889 0.0000000954 0 0 0
2217812 3 141 0.0950906351 0.0001243015 0.0000001625 0 0 0
2227687 0 94 0.8719599132 0.0001221232 0.0000000171 0 0 0
2249515 3 438 0.3627681559 0.0000632662 0.0000000110 0 0 0
2261250 0 78 0.4397912471 0.0000374769 0.0000000032 0 0 0
2272625 0 109 0.6571950746 0.0000577754 0.0000000051 0 0 0
2272968 3 94 0.0899909527 0.0002623643 0.0000007649 0 0 0
2276468 0 79 0.6727045561 0.0001922013 0.0000000549 0 0 0
2329265 4 10516 0.0000000000 0.0000000000 0.0000000000 0 0 0
2340000 4 20500 0.0000000000 0.0000000000 0.0000000000 0 0 0
2402109 4 36625 0.0000000000 0.0000000000 0.0000000000 0 0 0
2473218 3 3282 0.3814527057 0.0000053643 0.0000000001 0 0 0
2487859 3 875 0.6398975846 0.0000437059 0.0000000030 0 0 0
2490547 3 906 0.3628423891 0.0001349860 0.0000000502 0 0 0
2509125 3 218 0.4140710765 0.0000222882 0.0000000012 0 0 0
2510172 3 109 0.7457418151 0.0012554576 0.0000021136 0 0 0
2510781 3 125 0.3391404780 0.0005568809 0.0000009144 0 0 0
2522859 2 766 0.0000000000 0.0000000000 0.0000000000 141 453 172
2524906 2 562 0.0135760500 0.0000202025 0.0000000301 156 250 156
2525765 2 672 0.0000000000 0.0000000000 0.0000000000 141 375 156
2527375 4 13437 0.0000000000 0.0000000000 0.0000000000 0 0 0
2541609 0 109 0.0921697792 0.0000064753 0.0000000005 0 0 0
2555375 3 437 0.3048600638 0.0000221459 0.0000000016 0 0 0
2606265 3 407 0.5280917533 0.0000119176 0.0000000003 0 0 0
2622359 3 3266 0.0355869153 0.0000034879 0.0000000003 0 0 0
2645547 4 6250 0.0000000000 0.0000000000 0.0000000000 0 0 0
2676562 4 29188 0.0000000000 0.0000000000 0.0000000000 0 0 0
2728906 3 3141 0.2506577735 0.0000114341 0.0000000005 0 0 0
2767875 3 109 0.3247465738 0.0007695416 0.0000018236 0 0 0
2768078 3 156 0.4236453202 0.0020869228 0.0000102804 0 0 0
2768609 3 156 0.3119584084 0.0005874923 0.0000011064 0 0 0
2772156 3 141 0.2841459306 0.0000801088 0.0000000226 0 0 0
2778562 3 188 0.4903821629 0.0001439760 0.0000000423 0 0 0
2779484 3 156 0.6274488101 0.0006805302 0.0000007381 0 0 0
2780828 4 12390 0.0000000000 0.0000000000 0.0000000000 0 0 0
2793828 0 94 0.0811143852 0.0000062396 0.0000000005 0 0 0
2796250 4 6312 0.0000000000 0.0000000000 0.0000000000 0 0 0
2809703 3 812 0.2508590088 0.0000186471 0.0000000014 0 0 0
2817453 3 1953 0.8395293376 0.0001083264 0.0000000140 0 0 0
2878781 3 250 0.5540052913 0.0000215667 0.0000000008 0 0 0
2892578 0 94 0.5222105202 0.0000378496 0.0000000027 0 0 0
2896062 0 78 0.2328573271 0.0002192630 0.0000002065 0 0 0
2896937 0 63 0.0506222505 0.0000578540 0.0000000661 0 0 0
2897781 0 78 0.1737892267 0.0002059114 0.0000002440 0 0 0
2898781 0 62 1.0930703503 0.0010930704 0.0000010931 0 0 0
2900547 0 109 0.4968237894 0.0002813272 0.0000001593 0 0 0
2904359 2 703 0.0080568654 0.0000119894 0.0000000178 172 359 172
2917890 2 735 0.4692120039 0.0000372597 0.0000000030 125 422 188
2925437 0 110 0.7346349720 0.0001122094 0.0000000171 0 0 0
2941968 3 157 0.1112037115 0.0000067270 0.0000000004 0 0 0
2953843 0 110 0.4865309389 0.0000409710 0.0000000035 0 0 0
2966312 3 141 0.3470193049 0.0000278306 0.0000000022 0 0 0
2966953 3 140 0.1205446773 0.0001880572 0.0000002934 0 0 0
2967359 3 141 0.0763546798 0.0001880657 0.0000004632 0 0 0
2974531 3 141 0.0704753892 0.0000098265 0.0000000014 0 0 0
2977515 0 110 0.0358185959 0.0000152875 0.0000000065 0 0 0
2983250 3 140 0.4480430003 0.0004701396 0.0000004933 0 0 0
2983984 3 141 0.8957886773 0.0012204205 0.0000016627 0 0 0
2989922 0 109 0.7806165814 0.0001596027 0.0000000326 0 0 0
3001953 2 687 0.1053111616 0.0000087533 0.0000000007 140 407 140
3002922 3 203 0.0908920845 0.0000937999 0.0000000968 0 0 0
3009890 2 766 0.0643246687 0.0000097094 0.0000000015 157 453 156
3018843 3 157 0.6571981263 0.0000908485 0.0000000126 0 0 0
3019234 3 188 0.2593019844 0.0006631764 0.0000016961 0 0 0
3019875 3 156 0.3368794326 0.0011946079 0.0000042362 0 0 0
3020578 0 78 0.9842635823 0.0014000904 0.0000019916 0 0 0
3021093 3 157 0.8224315095 0.0021931507 0.0000058484 0 0 0
3031953 0 94 0.2740185030 0.0000252319 0.0000000023 0 0 0
3060031 3 484 0.6136190294 0.0000599589 0.0000000059 0 0 0
3061422 3 890 0.4620135585 0.0003321449 0.0000002388 0 0 0
3071547 3 1984 0.4909579452 0.0000484897 0.0000000048 0 0 0
3075234 3 3125 0.5247798051 0.0001423325 0.0000000386 0 0 0
3078890 3 1125 0.0229359848 0.0000062735 0.0000000017 0 0 0
3080453 3 828 0.0311882071 0.0000199541 0.0000000128 0 0 0
3081968 3 1938 0.2390728613 0.0001578039 0.0000001042 0 0 0
3088187 3 3156 0.2489616924 0.0000400324 0.0000000064 0 0 0
3094312 3 2906 0.3152822161 0.0000514746 0.0000000084 0 0 0
3101797 3 156 0.2474509141 0.0000330596 0.0000000044 0 0 0
3104203 0 78 0.2313439432 0.0000961529 0.0000000400 0 0 0
3105922 0 62 0.5267668644 0.0003064380 0.0000001783 0 0 0
3110422 3 1937 0.7566407820 0.0001681424 0.0000000374 0 0 0
3118968 3 438 0.2630059676 0.0000307753 0.0000000036 0 0 0
3133562 0 94 0.2605685229 0.0000178545 0.0000000012 0 0 0
3134953 0 78 0.0736811286 0.0000529699 0.0000000381 0 0 0
3135922 0 93 0.4124622900 0.0004256577 0.0000004393 0 0 0
3136984 0 94 0.2240497565 0.0002109696 0.0000001987 0 0 0
3137875 0 78 0.1642440979 0.0001843368 0.0000002069 0 0 0
3139765 0 78 0.4005350581 0.0002119233 0.0000001121 0 0 0
3214609 3 688 0.3718099227 0.0000049678 0.0000000001 0 0 0
3224843 3 594 0.1124835250 0.0000109912 0.0000000011 0 0 0
3240922 3 593 0.1210172990 0.0000075264 0.0000000005 0 0 0
3288656 3 62 0.6552780218 0.0000471220 0.0000000034 0 0 0
3291203 0 62 0.1852078995 0.0000727161 0.0000000285 0 0 0
3292047 0 78 0.7715954617 0.0009142126 0.0000010832 0 0 0
3315875 0 93 0.4814769838 0.0000202064 0.0000000008 0 0 0
3318062 0 78 0.0586342168 0.0000268103 0.0000000123 0 0 0
3318953 0 78 0.3939311958 0.0004421226 0.0000004962 0 0 0
3319797 0 93 0.1272413938 0.0001507599 0.0000001786 0 0 0
3320609 3 109 0.1565680212 0.0001928178 0.0000002375 0 0 0
3321875 0 78 1.0221561135 0.0008073903 0.0000006377 0 0 0
3326578 0 94 0.5927202089 0.0001260302 0.0000000268 0 0 0
3334781 3 156 0.3458541614 0.0000421619 0.0000000051 0 0 0
3337797 3 125 0.6681743349 0.0002215432 0.0000000735 0 0 0
3338547 3 171 0.6751143423 0.0009001525 0.0000012002 0 0 0
3346765 0 94 0.8169777535 0.0000994132 0.0000000121 0 0 0
3348859 0 78 0.0660929832 0.0000315630 0.0000000151 0 0 0
3364859 0 63 0.4919545705 0.0000307472 0.0000000019 0 0 0
3366312 0 94 0.1735229373 0.0001194239 0.0000000822 0 0 0
3375343 0 79 0.3028439784 0.0000335338 0.0000000037 0 0 0
3379297 0 93 0.2204037969 0.0000557420 0.0000000141 0 0 0
3404343 0 94 0.5492275013 0.0000219288 0.0000000009 0 0 0
3426718 0 94 0.8886830213 0.0000566509 0.0000000036 0 0 0
3435515 3 610 0.0111640443 0.0000095256 0.0000000081 0 0 0
3437937 0 94 0.3127551290 0.0001291309 0.0000000533 0 0 0
3446515 0 78 0.4046827165 0.0000471768 0.0000000055 0 0 0
3449406 4 5187 0.0000000000 0.0000000000 0.0000000000 0 0 0
3457640 0 78 0.0189296711 0.0000022990 0.0000000003 0 0 0
3458953 0 109 0.1828001810 0.0001392233 0.0000001060 0 0 0
3465843 4 5735 0.0000000000 0.0000000000 0.0000000000 0 0 0
3474500 0 78 0.1309274537 0.0000151239 0.0000000017 0 0 0
3489140 0 110 0.0882778491 0.0000060299 0.0000000004 0 0 0
3490297 0 93 0.3584027877 0.0003097690 0.0000002677 0 0 0
3527515 0 78 0.4747584671 0.0000127562 0.0000000003 0 0 0
3536187 0 78 0.9295727827 0.0001590645 0.0000000272 0 0 0
3642812 0 94 0.4740571368 0.0000147856 0.0000000005 0 0 0
3649687 0 94 0.7074786047 0.0001029060 0.0000000150 0 0 0
3659172 0 93 0.5727319598 0.0000683859 0.0000000082 0 0 0
