104.7276785714 16.2010786117
125.0000000000 0.0000000000
637.6250000000 65.9790449688
120.8750000000 13.0808782198
427.2500000000 56.6695464955
89.5000000000 16.9779268463
0.1783230926 0.1722605933
0.0000701582 0.0000910860
0.0000000449 0.0000000707

9142 4 21528 0.0000000000 0.0000000000 0.0000000000 0 0 0
39157 4 5272 0.0000000000 0.0000000000 0.0000000000 0 0 0
44461 4 13759 0.0000000000 0.0000000000 0.0000000000 0 0 0
67596 0 124 0.3823844477 0.0000165284 0.0000000007 0 0 0
70107 0 109 0.6898578451 0.0002747343 0.0000001094 0 0 0
91901 0 109 0.6419813756 0.0000312704 0.0000000015 0 0 0
105722 0 109 0.2188708573 0.0000303019 0.0000000042 0 0 0
116096 0 125 0.0288615589 0.0000027821 0.0000000003 0 0 0
133662 0 125 0.0764663175 0.0000043531 0.0000000002 0 0 0
186188 0 93 0.1751279760 0.0000338085 0.0000000065 0 0 0
193052 0 124 0.5323216805 0.0002891481 0.0000001571 0 0 0
198465 0 125 0.3286419335 0.0001276775 0.0000000496 0 0 0
199838 0 124 0.0852080880 0.0000620598 0.0000000452 0 0 0
200633 0 109 0.0342840664 0.0000431246 0.0000000542 0 0 0
201522 0 110 0.0089988751 0.0000101225 0.0000000114 0 0 0
210945 0 94 0.3834274029 0.0000651977 0.0000000111 0 0 0
218137 0 109 0.2635082004 0.0000366391 0.0000000051 0 0 0
243955 4 5429 0.0000000000 0.0000000000 0.0000000000 0 0 0
287214 4 41824 0.0000000000 0.0000000000 0.0000000000 0 0 0
334139 2 624 0.0629306767 0.0000013411 0.0000000000 140 375 109
335746 0 125 0.0578023867 0.0000359691 0.0000000224 0 0 0
342189 4 5335 0.0000000000 0.0000000000 0.0000000000 0 0 0
355511 0 125 0.1169406133 0.0000527949 0.0000000238 0 0 0
375542 0 124 0.1278497379 0.0000202840 0.0000000032 0 0 0
376602 4 7738 0.0000000000 0.0000000000 0.0000000000 0 0 0
408161 4 5788 0.0000000000 0.0000000000 0.0000000000 0 0 0
417537 0 125 0.4043405613 0.0000431251 0.0000000046 0 0 0
452575 4 17706 0.0000000000 0.0000000000 0.0000000000 0 0 0
470546 4 7301 0.0000000000 0.0000000000 0.0000000000 0 0 0
480998 4 7629 0.0000000000 0.0000000000 0.0000000000 0 0 0
499453 0 109 0.1903437325 0.0000103139 0.0000000006 0 0 0
500732 0 125 0.0942247888 0.0000736707 0.0000000576 0 0 0
512183 4 21746 0.0000000000 0.0000000000 0.0000000000 0 0 0
534382 4 18127 0.0000000000 0.0000000000 0.0000000000 0 0 0
558890 4 7690 0.0000000000 0.0000000000 0.0000000000 0 0 0
576408 4 12091 0.0000000000 0.0000000000 0.0000000000 0 0 0
588514 4 8861 0.0000000000 0.0000000000 0.0000000000 0 0 0
597391 4 26551 0.0000000000 0.0000000000 0.0000000000 0 0 0
628638 0 124 0.0111878584 0.0000003580 0.0000000000 0 0 0
634706 4 67517 0.0000000000 0.0000000000 0.0000000000 0 0 0
708027 0 109 0.0454255494 0.0000006195 0.0000000000 0 0 0
709041 0 124 0.0733752316 0.0000723622 0.0000000714 0 0 0
717605 4 8752 0.0000000000 0.0000000000 0.0000000000 0 0 0
740256 4 11669 0.0000000000 0.0000000000 0.0000000000 0 0 0
753969 4 8346 0.0000000000 0.0000000000 0.0000000000 0 0 0
762330 4 16381 0.0000000000 0.0000000000 0.0000000000 0 0 0
781285 0 93 0.1641257907 0.0000086587 0.0000000005 0 0 0
786604 4 97048 0.0000000000 0.0000000000 0.0000000000 0 0 0
886117 0 125 0.0295360212 0.0000002968 0.0000000000 0 0 0
887038 0 109 0.0618397559 0.0000671441 0.0000000729 0 0 0
900797 0 125 0.0841630820 0.0000170198 0.0000000034 0 0 0
901671 0 93 0.1928742093 0.0002206799 0.0000002525 0 0 0
913651 4 20093 0.0000000000 0.0000000000 0.0000000000 0 0 0
936303 0 109 0.1015644043 0.0000044837 0.0000000002 0 0 0
942558 0 125 0.0091040392 0.0000085887 0.0000000081 0 0 0
945304 0 94 0.4271872784 0.0001555671 0.0000000567 0 0 0
954617 0 125 0.0083937387 0.0000023297 0.0000000006 0 0 0
959500 0 109 0.2224945741 0.0000455651 0.0000000093 0 0 0
970919 0 125 0.0786277431 0.0000068857 0.0000000006 0 0 0
977690 0 109 0.1174354860 0.0000203987 0.0000000035 0 0 0
980279 0 78 0.5187285611 0.0002003587 0.0000000774 0 0 0
984086 0 109 0.3703017945 0.0001592696 0.0000000685 0 0 0
986285 0 125 0.3540994544 0.0001610275 0.0000000732 0 0 0
990092 0 94 0.0155909763 0.0000062867 0.0000000025 0 0 0
993867 4 7769 0.0000000000 0.0000000000 0.0000000000 0 0 0
1004818 0 110 0.3249443275 0.0000296726 0.0000000027 0 0 0
1008812 4 12355 0.0000000000 0.0000000000 0.0000000000 0 0 0
1027532 0 125 0.1337405135 0.0000071443 0.0000000004 0 0 0
1029326 0 125 0.0513625089 0.0000286302 0.0000000160 0 0 0
1050761 4 9516 0.0000000000 0.0000000000 0.0000000000 0 0 0
1068935 0 109 0.0873557785 0.0000048066 0.0000000003 0 0 0
1069777 0 94 0.0099931277 0.0000118683 0.0000000141 0 0 0
1070900 0 78 0.1698052067 0.0001512068 0.0000001346 0 0 0
1074286 0 109 0.2010606922 0.0000593800 0.0000000175 0 0 0
1077125 4 10499 0.0000000000 0.0000000000 0.0000000000 0 0 0
1092522 0 125 0.2335510026 0.0000151686 0.0000000010 0 0 0
1092647 4 14024 0.0000000000 0.0000000000 0.0000000000 0 0 0
1106921 4 12667 0.0000000000 0.0000000000 0.0000000000 0 0 0
1122272 0 78 0.1720253236 0.0002205453 0.0000002828 0 0 0
1125002 4 14929 0.0000000000 0.0000000000 0.0000000000 0 0 0
1151787 4 5663 0.0000000000 0.0000000000 0.0000000000 0 0 0
1159868 4 8096 0.0000000000 0.0000000000 0.0000000000 0 0 0
1172192 4 25459 0.0000000000 0.0000000000 0.0000000000 0 0 0
1202035 4 9906 0.0000000000 0.0000000000 0.0000000000 0 0 0
1213673 4 5881 0.0000000000 0.0000000000 0.0000000000 0 0 0
1219569 4 32932 0.0000000000 0.0000000000 0.0000000000 0 0 0
1254732 0 125 0.0908333567 0.0000025832 0.0000000001 0 0 0
1273951 0 110 0.1992406853 0.0000103669 0.0000000005 0 0 0
1279661 0 125 0.0281507178 0.0000049301 0.0000000009 0 0 0
1288756 4 15569 0.0000000000 0.0000000000 0.0000000000 0 0 0
1304871 4 27409 0.0000000000 0.0000000000 0.0000000000 0 0 0
1335603 0 94 0.0163659875 0.0000141820 0.0000000123 0 0 0
1336648 0 125 0.3022733093 0.0002892568 0.0000002768 0 0 0
1344401 0 125 0.0421907101 0.0000196053 0.0000000091 0 0 0
1349846 0 125 0.1354801705 0.0001579023 0.0000001840 0 0 0
1380687 4 64819 0.0000000000 0.0000000000 0.0000000000 0 0 0
1448688 0 125 0.0431485857 0.0000006345 0.0000000000 0 0 0
1449515 0 125 0.0822095096 0.0000994069 0.0000001202 0 0 0
1460029 4 5351 0.0000000000 0.0000000000 0.0000000000 0 0 0
1465396 4 27347 0.0000000000 0.0000000000 0.0000000000 0 0 0
1494880 0 109 0.0049578837 0.0000001682 0.0000000000 0 0 0
1502103 0 125 0.0110644208 0.0000015318 0.0000000002 0 0 0
1507984 0 125 0.0932992524 0.0000158645 0.0000000027 0 0 0
1510652 0 109 0.7715763560 0.0002891965 0.0000001084 0 0 0
1520464 0 109 0.3762430423 0.0000383452 0.0000000039 0 0 0
1521634 0 109 0.1781770726 0.0001522881 0.0000001302 0 0 0
1526314 2 718 0.6076675687 0.0001298435 0.0000000277 141 468 109
1527406 0 109 0.0000000000 0.0000000000 0.0000000000 0 0 0
1528561 0 109 0.2152628849 0.0001863748 0.0000001614 0 0 0
1530682 0 109 0.7944841812 0.0003745800 0.0000001766 0 0 0
1533849 0 94 0.5574579427 0.0001760208 0.0000000556 0 0 0
1538935 0 124 0.3432878211 0.0000674966 0.0000000133 0 0 0
1543287 0 125 0.1721696523 0.0000395610 0.0000000091 0 0 0
1547234 0 125 0.0950508467 0.0000240818 0.0000000061 0 0 0
1549902 0 109 0.7534367046 0.0002823976 0.0000001058 0 0 0
1552554 0 124 0.4451659544 0.0003357209 0.0000002532 0 0 0
1553926 0 110 0.8530558031 0.0006217608 0.0000004532 0 0 0
1555065 0 94 0.1775003448 0.0001558388 0.0000001368 0 0 0
1558092 0 124 0.0850403802 0.0000280939 0.0000000093 0 0 0
1560182 0 109 0.1254481464 0.0000600230 0.0000000287 0 0 0
1561945 4 8533 0.0000000000 0.0000000000 0.0000000000 0 0 0
1570540 4 22792 0.0000000000 0.0000000000 0.0000000000 0 0 0
1597045 4 5054 0.0000000000 0.0000000000 0.0000000000 0 0 0
1610352 4 7644 0.0000000000 0.0000000000 0.0000000000 0 0 0
1618152 4 18268 0.0000000000 0.0000000000 0.0000000000 0 0 0
1636482 4 22168 0.0000000000 0.0000000000 0.0000000000 0 0 0
1661364 0 125 0.1697779261 0.0000068233 0.0000000003 0 0 0
1662378 0 109 0.2078788623 0.0002050087 0.0000002022 0 0 0
1670459 4 6303 0.0000000000 0.0000000000 0.0000000000 0 0 0
1677432 4 19672 0.0000000000 0.0000000000 0.0000000000 0 0 0
1708570 4 30171 0.0000000000 0.0000000000 0.0000000000 0 0 0
1741315 0 125 0.0878391676 0.0000026825 0.0000000001 0 0 0
1741970 0 78 0.0091603053 0.0000139852 0.0000000214 0 0 0
1756119 4 6240 0.0000000000 0.0000000000 0.0000000000 0 0 0
1767273 4 6006 0.0000000000 0.0000000000 0.0000000000 0 0 0
1787600 0 125 0.0107325888 0.0000005280 0.0000000000 0 0 0
1788926 0 109 0.0592381421 0.0000446743 0.0000000337 0 0 0
1792514 0 94 0.0801823638 0.0000223474 0.0000000062 0 0 0
1796882 4 5710 0.0000000000 0.0000000000 0.0000000000 0 0 0
1806476 4 69483 0.0000000000 0.0000000000 0.0000000000 0 0 0
1958733 0 110 0.0405144379 0.0000002661 0.0000000000 0 0 0
1969731 0 110 0.0319816749 0.0000032033 0.0000000003 0 0 0
1985800 4 5756 0.0000000000 0.0000000000 0.0000000000 0 0 0
1996720 4 13431 0.0000000000 0.0000000000 0.0000000000 0 0 0
2019543 0 93 0.1339167175 0.0000058676 0.0000000003 0 0 0
2030931 0 124 0.0870290610 0.0000076422 0.0000000007 0 0 0
2034004 4 8658 0.0000000000 0.0000000000 0.0000000000 0 0 0
2051164 0 125 0.0068317050 0.0000003981 0.0000000000 0 0 0
2052396 0 110 0.0824144278 0.0000668948 0.0000000543 0 0 0
2055984 0 110 0.1861179407 0.0000518723 0.0000000145 0 0 0
2058465 0 125 0.1182786247 0.0000476738 0.0000000192 0 0 0
2070539 0 109 0.0862374885 0.0000071424 0.0000000006 0 0 0
2094782 4 7566 0.0000000000 0.0000000000 0.0000000000 0 0 0
2138353 4 6911 0.0000000000 0.0000000000 0.0000000000 0 0 0
2227632 0 125 0.0624791962 0.0000006998 0.0000000000 0 0 0
2229301 4 10234 0.0000000000 0.0000000000 0.0000000000 0 0 0
2268224 0 109 0.1026848647 0.0000026382 0.0000000001 0 0 0
2269113 0 125 0.1377641835 0.0001549653 0.0000001743 0 0 0
2274105 0 125 0.1324311472 0.0000265287 0.0000000053 0 0 0
2275415 0 110 0.0938532163 0.0000716437 0.0000000547 0 0 0
2284775 0 125 0.4124709746 0.0002644045 0.0000001695 0 0 0
2286601 0 109 0.1451805424 0.0000795074 0.0000000435 0 0 0
2314244 0 109 0.1850746116 0.0000066952 0.0000000002 0 0 0
2315071 0 109 0.0556093780 0.0000672423 0.0000000813 0 0 0
2317021 0 78 0.1898642750 0.0000973663 0.0000000499 0 0 0
2321529 0 125 0.4277302044 0.0000948825 0.0000000210 0 0 0
2326334 0 109 0.5784873662 0.0001203928 0.0000000251 0 0 0
2331030 0 109 0.1625671480 0.0000346182 0.0000000074 0 0 0
2336474 0 125 0.1376776674 0.0000252898 0.0000000046 0 0 0
2339719 0 109 0.1009699728 0.0000389845 0.0000000151 0 0 0
2344118 0 94 0.1693352113 0.0000384940 0.0000000088 0 0 0
2345928 0 93 0.4414023211 0.0002438687 0.0000001347 0 0 0
2349204 0 93 0.4964176860 0.0004079028 0.0000003352 0 0 0
2355257 0 124 0.1765346392 0.0000358082 0.0000000073 0 0 0
2371668 0 109 0.2910230086 0.0000284814 0.0000000028 0 0 0
2384164 0 93 0.1694304578 0.0000135588 0.0000000011 0 0 0
2397471 0 109 0.3680963285 0.0000276619 0.0000000021 0 0 0
2408406 0 125 0.0526688276 0.0000048165 0.0000000004 0 0 0
2423882 0 93 0.0819005995 0.0000052921 0.0000000003 0 0 0
2449668 4 11389 0.0000000000 0.0000000000 0.0000000000 0 0 0
2462960 4 7581 0.0000000000 0.0000000000 0.0000000000 0 0 0
2488138 4 12075 0.0000000000 0.0000000000 0.0000000000 0 0 0
2521632 0 125 0.0947933981 0.0000028302 0.0000000001 0 0 0
2522568 0 93 0.1461798999 0.0001561751 0.0000001669 0 0 0
2525126 0 78 0.2376257947 0.0000928952 0.0000000363 0 0 0
2548870 0 124 0.0233806808 0.0000009847 0.0000000000 0 0 0
2553955 4 5304 0.0000000000 0.0000000000 0.0000000000 0 0 0
2572831 0 125 0.0080940860 0.0000004288 0.0000000000 0 0 0
2575811 0 93 0.2631563840 0.0000883075 0.0000000296 0 0 0
2577464 0 78 0.2597889452 0.0001571621 0.0000000951 0 0 0
2592051 4 13681 0.0000000000 0.0000000000 0.0000000000 0 0 0
2610537 4 8299 0.0000000000 0.0000000000 0.0000000000 0 0 0
2626402 4 7394 0.0000000000 0.0000000000 0.0000000000 0 0 0
2646323 4 6833 0.0000000000 0.0000000000 0.0000000000 0 0 0
2658897 4 7114 0.0000000000 0.0000000000 0.0000000000 0 0 0
2666026 4 7660 0.0000000000 0.0000000000 0.0000000000 0 0 0
2683530 4 7082 0.0000000000 0.0000000000 0.0000000000 0 0 0
2724183 0 94 0.0810124072 0.0000019928 0.0000000000 0 0 0
2762544 4 9485 0.0000000000 0.0000000000 0.0000000000 0 0 0
2774291 4 5039 0.0000000000 0.0000000000 0.0000000000 0 0 0
2780890 4 32089 0.0000000000 0.0000000000 0.0000000000 0 0 0
2812995 4 5538 0.0000000000 0.0000000000 0.0000000000 0 0 0
2819048 4 8221 0.0000000000 0.0000000000 0.0000000000 0 0 0
2830061 0 94 0.1371700385 0.0000124553 0.0000000011 0 0 0
2831153 0 78 0.0852282476 0.0000780478 0.0000000715 0 0 0
2843197 0 93 0.0588233181 0.0000048840 0.0000000004 0 0 0
2853321 0 109 0.0945979641 0.0000536574 0.0000000304 0 0 0
2854990 0 109 0.0820960298 0.0000491888 0.0000000295 0 0 0
2863804 0 78 0.0800116511 0.0000090778 0.0000000010 0 0 0
2880091 0 93 0.0291614084 0.0000020057 0.0000000001 0 0 0
2881729 0 109 0.0925099732 0.0000564774 0.0000000345 0 0 0
2885067 0 109 0.1317928161 0.0000394826 0.0000000118 0 0 0
2886627 0 94 0.0896605639 0.0000574747 0.0000000368 0 0 0
2887376 0 78 0.0701549883 0.0000936649 0.0000001251 0 0 0
2898608 0 78 0.0329349577 0.0000029322 0.0000000003 0 0 0
2899404 0 78 0.0681240864 0.0000855830 0.0000001075 0 0 0
2959636 4 6053 0.0000000000 0.0000000000 0.0000000000 0 0 0
2976031 4 10390 0.0000000000 0.0000000000 0.0000000000 0 0 0
2988465 0 125 0.0811458946 0.0000065261 0.0000000005 0 0 0
2990072 0 78 0.3071132987 0.0001911097 0.0000001189 0 0 0
2995220 4 8829 0.0000000000 0.0000000000 0.0000000000 0 0 0
3009728 4 14508 0.0000000000 0.0000000000 0.0000000000 0 0 0
3026747 0 110 0.2808326855 0.0000165011 0.0000000010 0 0 0
3028775 0 110 0.0239079297 0.0000117889 0.0000000058 0 0 0
3033206 0 93 0.1012218416 0.0000228440 0.0000000052 0 0 0
3037496 0 109 0.3275382801 0.0000763492 0.0000000178 0 0 0
3038182 0 109 0.0000000000 0.0000000000 0.0000000000 0 0 0
3041567 0 94 0.6046169340 0.0002601622 0.0000001119 0 0 0
3044329 0 93 0.5223703419 0.0001891276 0.0000000685 0 0 0
3049071 0 94 0.1510787637 0.0000318597 0.0000000067 0 0 0
3057339 0 78 0.2031118801 0.0000563730 0.0000000156 0 0 0
3060194 0 78 0.4835835157 0.0003734236 0.0000002884 0 0 0
3062924 0 94 0.2272017713 0.0001693009 0.0000001262 0 0 0
3067136 0 78 0.2325618302 0.0000784622 0.0000000265 0 0 0
3068790 0 93 0.6590845268 0.0003984792 0.0000002409 0 0 0
3078119 0 78 0.6228017025 0.0000667597 0.0000000072 0 0 0
3081161 4 7862 0.0000000000 0.0000000000 0.0000000000 0 0 0
3095965 4 8159 0.0000000000 0.0000000000 0.0000000000 0 0 0
3108320 4 6116 0.0000000000 0.0000000000 0.0000000000 0 0 0
3138959 4 6864 0.0000000000 0.0000000000 0.0000000000 0 0 0
3145839 4 5148 0.0000000000 0.0000000000 0.0000000000 0 0 0
3157570 0 109 0.1944836727 0.0000165786 0.0000000014 0 0 0
3158553 0 93 0.0974826711 0.0000991685 0.0000001009 0 0 0
3161501 0 94 0.2881349063 0.0000977391 0.0000000332 0 0 0
3167320 4 5600 0.0000000000 0.0000000000 0.0000000000 0 0 0
3182858 0 93 0.0137236414 0.0000008832 0.0000000001 0 0 0
3184043 4 5616 0.0000000000 0.0000000000 0.0000000000 0 0 0
3191484 0 94 0.0062606180 0.0000008414 0.0000000001 0 0 0
3192264 0 110 0.0773837556 0.0000992099 0.0000001272 0 0 0
3195915 0 93 0.2054314310 0.0000562672 0.0000000154 0 0 0
3201734 4 15740 0.0000000000 0.0000000000 0.0000000000 0 0 0
3221889 0 94 0.0175079845 0.0000008687 0.0000000000 0 0 0
3223340 0 125 0.2439846648 0.0001681493 0.0000001159 0 0 0
3227879 0 125 0.1216813653 0.0000268080 0.0000000059 0 0 0
3228691 0 93 0.0814826320 0.0001003481 0.0000001236 0 0 0
3231530 0 78 0.1620875132 0.0000570932 0.0000000201 0 0 0
3232169 0 94 0.0790832597 0.0001237610 0.0000001937 0 0 0
3238768 0 110 0.0936171211 0.0000141866 0.0000000021 0 0 0
3301528 4 44429 0.0000000000 0.0000000000 0.0000000000 0 0 0
3348811 0 78 0.0677986013 0.0000014339 0.0000000000 0 0 0
3351807 0 78 0.0820596781 0.0000847724 0.0000000876 0 0 0
3357563 4 6786 0.0000000000 0.0000000000 0.0000000000 0 0 0
3369372 0 94 0.3203292226 0.0000271259 0.0000000023 0 0 0
3370589 0 94 0.0702386355 0.0000577146 0.0000000474 0 0 0
3376158 4 7878 0.0000000000 0.0000000000 0.0000000000 0 0 0
3397390 0 78 0.0838173799 0.0000039477 0.0000000002 0 0 0
3398794 0 94 0.0944970051 0.0000673056 0.0000000479 0 0 0
3402913 0 124 0.1293487193 0.0000314029 0.0000000076 0 0 0
3419683 0 93 0.2536380424 0.0000151245 0.0000000009 0 0 0
3420556 0 109 0.1273084047 0.0001458286 0.0000001670 0 0 0
3434300 4 20717 0.0000000000 0.0000000000 0.0000000000 0 0 0
3465937 4 10249 0.0000000000 0.0000000000 0.0000000000 0 0 0
3480289 0 125 0.1945727801 0.0000135572 0.0000000009 0 0 0
3518010 4 15819 0.0000000000 0.0000000000 0.0000000000 0 0 0
3546652 4 5320 0.0000000000 0.0000000000 0.0000000000 0 0 0
3573874 4 10733 0.0000000000 0.0000000000 0.0000000000 0 0 0
3586885 4 11762 0.0000000000 0.0000000000 0.0000000000 0 0 0
3603982 4 9906 0.0000000000 0.0000000000 0.0000000000 0 0 0
3632406 4 6411 0.0000000000 0.0000000000 0.0000000000 0 0 0
3642827 4 6661 0.0000000000 0.0000000000 0.0000000000 0 0 0
3675259 4 6911 0.0000000000 0.0000000000 0.0000000000 0 0 0
3689315 4 21154 0.0000000000 0.0000000000 0.0000000000 0 0 0
3716397 4 6739 0.0000000000 0.0000000000 0.0000000000 0 0 0
3728081 2 624 0.2343145731 0.0000200543 0.0000000017 125 437 62
3729625 0 78 0.0881419770 0.0000570868 0.0000000370 0 0 0
3743260 4 13120 0.0000000000 0.0000000000 0.0000000000 0 0 0
3760592 0 124 0.0837601278 0.0000879833 0.0000000924 0 0 0
3765209 2 702 0.1797820938 0.0000588100 0.0000000192 125 468 109
3767081 0 125 0.0994049149 0.0000531009 0.0000000284 0 0 0
3770638 0 78 0.0972363462 0.0000273366 0.0000000077 0 0 0
3772760 0 93 0.0025514673 0.0000012024 0.0000000006 0 0 0
3774148 0 94 0.1612782322 0.0001161947 0.0000000837 0 0 0
3775006 0 109 0.0081585082 0.0000095088 0.0000000111 0 0 0
3775693 2 686 0.0000000000 0.0000000000 0.0000000000 109 499 78
3777050 2 593 0.0000000000 0.0000000000 0.0000000000 109 406 78
3783196 2 655 0.0005555180 0.0000000904 0.0000000000 109 453 93
3784241 0 78 0.0000000000 0.0000000000 0.0000000000 0 0 0
3784928 0 109 0.0000000000 0.0000000000 0.0000000000 0 0 0
3793867 0 93 0.7170916605 0.0003023152 0.0000001275 0 0 0
3798266 0 94 0.2569754418 0.0000584168 0.0000000133 0 0 0
3829825 4 27690 0.0000000000 0.0000000000 0.0000000000 0 0 0
3867328 4 5803 0.0000000000 0.0000000000 0.0000000000 0 0 0
3876516 4 12028 0.0000000000 0.0000000000 0.0000000000 0 0 0
3893115 4 6084 0.0000000000 0.0000000000 0.0000000000 0 0 0
3905657 0 78 0.2976175554 0.0000237297 0.0000000019 0 0 0
3909931 0 78 0.1789949075 0.0000526456 0.0000000155 0 0 0
3911491 0 78 0.1649451307 0.0001057341 0.0000000678 0 0 0
3914674 0 93 0.2335662202 0.0000733793 0.0000000231 0 0 0
3928854 4 5741 0.0000000000 0.0000000000 0.0000000000 0 0 0
3963237 4 7176 0.0000000000 0.0000000000 0.0000000000 0 0 0
3972098 0 78 0.0766991661 0.0000086558 0.0000000010 0 0 0
3972893 0 94 0.0874041402 0.0001099423 0.0000001383 0 0 0
3990288 0 124 0.1091957502 0.0000062774 0.0000000004 0 0 0
3998322 4 7737 0.0000000000 0.0000000000 0.0000000000 0 0 0
4011176 4 8299 0.0000000000 0.0000000000 0.0000000000 0 0 0
4023656 4 9672 0.0000000000 0.0000000000 0.0000000000 0 0 0
4033344 4 5101 0.0000000000 0.0000000000 0.0000000000 0 0 0
4042485 0 110 0.3212243164 0.0000351410 0.0000000038 0 0 0
4059193 0 125 0.1540255788 0.0000092187 0.0000000006 0 0 0
4060800 0 94 0.0846840608 0.0000526970 0.0000000328 0 0 0
4066151 0 93 0.0789485006 0.0000147540 0.0000000028 0 0 0
4068350 0 78 0.2022261721 0.0000919628 0.0000000418 0 0 0
4069271 0 78 0.1270604764 0.0001379593 0.0000001498 0 0 0
4080144 0 94 0.0671860789 0.0000061792 0.0000000006 0 0 0
4081423 0 94 0.1138951588 0.0000890502 0.0000000696 0 0 0
4089395 0 109 0.0967198031 0.0000121324 0.0000000015 0 0 0
4090269 0 78 0.0882406596 0.0001009619 0.0000001155 0 0 0
4101516 4 11576 0.0000000000 0.0000000000 0.0000000000 0 0 0
4117444 4 13416 0.0000000000 0.0000000000 0.0000000000 0 0 0
4134042 4 26552 0.0000000000 0.0000000000 0.0000000000 0 0 0
4163308 0 78 0.1415064537 0.0000048352 0.0000000002 0 0 0
4163917 0 93 0.0088903343 0.0000145983 0.0000000240 0 0 0
4167068 0 78 0.1994114200 0.0000632851 0.0000000201 0 0 0
4196895 0 94 0.0893180683 0.0000029945 0.0000000001 0 0 0
4197753 0 94 0.0825164310 0.0000961730 0.0000001121 0 0 0
4201731 0 94 0.1482986482 0.0000372797 0.0000000094 0 0 0
4214055 0 110 0.0263302295 0.0000021365 0.0000000002 0 0 0
4222807 4 13744 0.0000000000 0.0000000000 0.0000000000 0 0 0
4238797 2 499 0.1584996495 0.0000099124 0.0000000006 109 312 78
4240061 0 125 0.0606766704 0.0000480037 0.0000000380 0 0 0
4244320 0 109 0.1529491412 0.0000359120 0.0000000084 0 0 0
4245209 0 93 0.1294471332 0.0001456098 0.0000001638 0 0 0
4246441 0 78 0.2422271934 0.0001966130 0.0000001596 0 0 0
4249967 0 109 0.3440156932 0.0000975654 0.0000000277 0 0 0
4254304 0 124 0.4811550434 0.0001109419 0.0000000256 0 0 0
4255489 0 94 0.3189198611 0.0002691307 0.0000002271 0 0 0
4259670 0 94 0.5439567036 0.0001301021 0.0000000311 0 0 0
4260278 0 94 0.0121944302 0.0000200566 0.0000000330 0 0 0
4263227 0 109 0.2713891006 0.0000920275 0.0000000312 0 0 0
4279295 0 109 0.1574922859 0.0000098016 0.0000000006 0 0 0
4289669 4 8799 0.0000000000 0.0000000000 0.0000000000 0 0 0
4304973 1 125 0.0947213318 0.0000061893 0.0000000004 0 0 0
4306580 0 109 0.0287659818 0.0000179004 0.0000000111 0 0 0
