88.0606060606 13.1735257790
89.5000000000 12.8160056180
297.0000000000 66.9589426440
94.2500000000 10.9630059746
74.0000000000 13.2664991614
128.7500000000 70.2900241855
0.1694913559 0.2004840822
0.0000585841 0.0000808319
0.0000000279 0.0000000503

2015 0 63 0.5715444966 0.0002836449 0.0000001408 0 0 0
4015 0 94 0.4045767008 0.0002022884 0.0000001011 0 0 0
4359 4 190375 0.0000000000 0.0000000000 0.0000000000 0 0 0
194953 4 128156 0.0000000000 0.0000000000 0.0000000000 0 0 0
325000 4 7312 0.0000000000 0.0000000000 0.0000000000 0 0 0
334484 0 78 0.1742822616 0.0000183765 0.0000000019 0 0 0
337062 4 290485 0.0000000000 0.0000000000 0.0000000000 0 0 0
630703 0 78 0.0082178184 0.0000000280 0.0000000000 0 0 0
635203 0 94 0.7946071093 0.0001765794 0.0000000392 0 0 0
638687 0 78 0.3788473795 0.0001087392 0.0000000312 0 0 0
647093 0 79 0.7923865746 0.0000942644 0.0000000112 0 0 0
649750 0 62 0.1159989272 0.0000436579 0.0000000164 0 0 0
651937 0 78 0.1767412570 0.0000808145 0.0000000370 0 0 0
652172 4 6359 0.0000000000 0.0000000000 0.0000000000 0 0 0
663625 0 93 0.0128018991 0.0000011178 0.0000000001 0 0 0
670437 0 94 0.0894951367 0.0000131379 0.0000000019 0 0 0
685656 4 439766 0.0000000000 0.0000000000 0.0000000000 0 0 0
1131390 4 6313 0.0000000000 0.0000000000 0.0000000000 0 0 0
1141406 4 35734 0.0000000000 0.0000000000 0.0000000000 0 0 0
1180765 4 342313 0.0000000000 0.0000000000 0.0000000000 0 0 0
1525000 0 93 0.0081881847 0.0000000238 0.0000000000 0 0 0
1525093 4 9016 0.0000000000 0.0000000000 0.0000000000 0 0 0
1535765 4 7407 0.0000000000 0.0000000000 0.0000000000 0 0 0
1545625 0 109 0.0794487534 0.0000080577 0.0000000008 0 0 0
1553422 0 109 0.0780895478 0.0000100153 0.0000000013 0 0 0
1556375 0 93 0.6421584845 0.0002174597 0.0000000736 0 0 0
1564859 0 109 0.2134274114 0.0000354766 0.0000000059 0 0 0
1565562 4 298469 0.0000000000 0.0000000000 0.0000000000 0 0 0
1868218 0 94 0.0315049199 0.0000001041 0.0000000000 0 0 0
1870875 4 22047 0.0000000000 0.0000000000 0.0000000000 0 0 0
1898531 0 78 0.1083295267 0.0000039170 0.0000000001 0 0 0
1902109 4 9594 0.0000000000 0.0000000000 0.0000000000 0 0 0
1914750 0 78 0.1022477461 0.0000080886 0.0000000006 0 0 0
1919312 0 94 0.1075891930 0.0000235838 0.0000000052 0 0 0
1919687 4 13844 0.0000000000 0.0000000000 0.0000000000 0 0 0
1938672 0 78 0.1295617625 0.0000068244 0.0000000004 0 0 0
1942125 0 78 0.8067184796 0.0002336283 0.0000000677 0 0 0
1944203 0 109 0.1503629052 0.0000723594 0.0000000348 0 0 0
1959015 4 12313 0.0000000000 0.0000000000 0.0000000000 0 0 0
1971547 4 74187 0.0000000000 0.0000000000 0.0000000000 0 0 0
2046906 0 94 0.0186200494 0.0000002471 0.0000000000 0 0 0
2047234 4 266500 0.0000000000 0.0000000000 0.0000000000 0 0 0
2323593 0 110 0.0133980845 0.0000000485 0.0000000000 0 0 0
2340609 0 109 0.1269002417 0.0000097970 0.0000000008 0 0 0
2348031 0 94 0.2409700580 0.0002202651 0.0000002013 0 0 0
2348125 4 100172 0.0000000000 0.0000000000 0.0000000000 0 0 0
2450437 0 78 0.0076211864 0.0000000745 0.0000000000 0 0 0
2454234 0 94 0.1276748078 0.0000336252 0.0000000089 0 0 0
2457140 0 110 0.2159213325 0.0000743019 0.0000000256 0 0 0
2458828 0 78 0.3470082347 0.0002055736 0.0000001218 0 0 0
2459015 4 47016 0.0000000000 0.0000000000 0.0000000000 0 0 0
2521250 0 109 0.0438102939 0.0000007039 0.0000000000 0 0 0
2521812 4 6672 0.0000000000 0.0000000000 0.0000000000 0 0 0
2533937 0 63 0.1043164486 0.0000086034 0.0000000007 0 0 0
2543500 3 1718 0.2082734022 0.0000217791 0.0000000023 0 0 0
2553640 4 14969 0.0000000000 0.0000000000 0.0000000000 0 0 0
2571843 4 8672 0.0000000000 0.0000000000 0.0000000000 0 0 0
2583250 0 78 0.0569663493 0.0000049940 0.0000000004 0 0 0
2583906 1 109 0.0000000000 0.0000000000 0.0000000000 0 0 0
2585359 0 94 0.0488589160 0.0000336262 0.0000000231 0 0 0
2589359 0 94 0.0323636693 0.0000080909 0.0000000020 0 0 0
2592375 0 93 0.3530565497 0.0001170612 0.0000000388 0 0 0
2593703 0 78 0.1366006560 0.0001028619 0.0000000775 0 0 0
2602781 0 78 0.0204915989 0.0000022573 0.0000000002 0 0 0
2603187 4 11828 0.0000000000 0.0000000000 0.0000000000 0 0 0
2625359 4 312484 0.0000000000 0.0000000000 0.0000000000 0 0 0
2942625 0 93 0.0068357436 0.0000000215 0.0000000000 0 0 0
2943672 1 78 0.0470371678 0.0000449257 0.0000000429 0 0 0
2947062 0 94 0.1487548233 0.0000806696 0.0000000437 0 0 0
2948593 0 94 0.1362370285 0.0000889856 0.0000000581 0 0 0
2949172 4 12875 0.0000000000 0.0000000000 0.0000000000 0 0 0
2964312 0 63 0.1112932055 0.0000073509 0.0000000005 0 0 0
2969687 0 94 0.0420122869 0.0000078162 0.0000000015 0 0 0
2970203 4 27375 0.0000000000 0.0000000000 0.0000000000 0 0 0
3005250 0 93 0.0106748522 0.0000003046 0.0000000000 0 0 0
3006640 0 110 0.0390787668 0.0000281142 0.0000000202 0 0 0
3010250 0 93 0.1553577328 0.0000430354 0.0000000119 0 0 0
3020562 1 78 0.0000000000 0.0000000000 0.0000000000 0 0 0
3026312 0 110 0.1415876136 0.0000246239 0.0000000043 0 0 0
3028172 4 8562 0.0000000000 0.0000000000 0.0000000000 0 0 0
3037750 0 78 0.0588292997 0.0000061421 0.0000000006 0 0 0
3038765 0 78 0.3107805179 0.0003061877 0.0000003017 0 0 0
3039031 4 47047 0.0000000000 0.0000000000 0.0000000000 0 0 0
3095390 0 94 0.0628061434 0.0000011144 0.0000000000 0 0 0
3096890 0 94 0.0811673681 0.0000541116 0.0000000361 0 0 0
3098437 4 8063 0.0000000000 0.0000000000 0.0000000000 0 0 0
3117531 4 25656 0.0000000000 0.0000000000 0.0000000000 0 0 0
3149047 0 78 0.0540086847 0.0000017137 0.0000000001 0 0 0
3150297 4 37109 0.0000000000 0.0000000000 0.0000000000 0 0 0
3189172 4 6406 0.0000000000 0.0000000000 0.0000000000 0 0 0
3199640 4 7813 0.0000000000 0.0000000000 0.0000000000 0 0 0
3211031 4 79844 0.0000000000 0.0000000000 0.0000000000 0 0 0
3291547 0 78 0.0039535160 0.0000000491 0.0000000000 0 0 0
3291625 4 93703 0.0000000000 0.0000000000 0.0000000000 0 0 0
3388047 0 78 0.0095809407 0.0000000994 0.0000000000 0 0 0
3389718 0 94 0.1781137453 0.0001065911 0.0000000638 0 0 0
3392625 1 93 0.0541104594 0.0000186138 0.0000000064 0 0 0
3395140 0 78 0.2400826667 0.0000954603 0.0000000380 0 0 0
3399406 2 250 0.4896071530 0.0001147696 0.0000000269 94 62 94
3401453 2 406 0.4750904748 0.0002320911 0.0000001134 94 62 250
3401968 2 235 0.0000000000 0.0000000000 0.0000000000 79 78 78
3402343 2 297 0.0000000000 0.0000000000 0.0000000000 110 94 93
3402781 0 94 0.0000000000 0.0000000000 0.0000000000 0 0 0
3404390 0 78 0.2214995632 0.0001376629 0.0000000856 0 0 0
3410359 0 63 0.6180493578 0.0002636729 0.0000001125 0 0 0
3411078 4 85078 0.0000000000 0.0000000000 0.0000000000 0 0 0
3498437 0 78 0.0205623364 0.0000002354 0.0000000000 0 0 0
3501375 0 109 0.0152914805 0.0000052047 0.0000000018 0 0 0
3503750 0 93 0.5939813158 0.0002500974 0.0000001053 0 0 0
3507140 3 2282 0.3825918600 0.0001128590 0.0000000333 0 0 0
3511547 3 1343 0.0478456877 0.0000108567 0.0000000025 0 0 0
3521343 0 79 0.1020977805 0.0000104224 0.0000000011 0 0 0
3521422 4 9000 0.0000000000 0.0000000000 0.0000000000 0 0 0
3533343 4 5719 0.0000000000 0.0000000000 0.0000000000 0 0 0
3539828 0 78 0.2535068555 0.0000390913 0.0000000060 0 0 0
3540328 4 70015 0.0000000000 0.0000000000 0.0000000000 0 0 0
3614718 0 79 0.0212227063 0.0000002853 0.0000000000 0 0 0
3614797 4 53703 0.0000000000 0.0000000000 0.0000000000 0 0 0
3682453 3 1594 0.0166602452 0.0000002462 0.0000000000 0 0 0
3685734 3 1719 0.1595293835 0.0000486222 0.0000000148 0 0 0
3693031 4 12969 0.0000000000 0.0000000000 0.0000000000 0 0 0
