111.8222222222 12.7685183842
nan nan
547.0000000000 16.0000000000
227.0000000000 70.0000000000
156.0000000000 31.0000000000
164.0000000000 55.0000000000
0.2157913326 0.1943665814
0.0001204526 0.0001292155
0.0000000789 0.0000001079

7766 2 531 0.7243026970 0.0004373809 0.0000002641 297 125 109
8297 4 11422 0.0000000000 0.0000000000 0.0000000000 0 0 0
19782 4 6531 0.0000000000 0.0000000000 0.0000000000 0 0 0
32032 4 5906 0.0000000000 0.0000000000 0.0000000000 0 0 0
37985 4 15953 0.0000000000 0.0000000000 0.0000000000 0 0 0
55500 4 15704 0.0000000000 0.0000000000 0.0000000000 0 0 0
71985 4 12875 0.0000000000 0.0000000000 0.0000000000 0 0 0
92594 3 1063 0.0945011263 0.0000045854 0.0000000002 0 0 0
109360 3 1234 0.2128949330 0.0000126980 0.0000000008 0 0 0
114250 3 3172 0.1895776418 0.0000387684 0.0000000079 0 0 0
123469 3 1422 0.0772429500 0.0000083787 0.0000000009 0 0 0
132438 3 1359 0.2009330847 0.0000224031 0.0000000025 0 0 0
135875 3 3188 0.0982467750 0.0000285850 0.0000000083 0 0 0
144125 3 1969 0.1436629135 0.0000174137 0.0000000021 0 0 0
147079 3 750 0.0383580014 0.0000129851 0.0000000044 0 0 0
152500 3 1141 0.0752983765 0.0000138901 0.0000000026 0 0 0
156000 3 1172 0.1694364268 0.0000484104 0.0000000138 0 0 0
162750 3 1360 0.2265328032 0.0000335604 0.0000000050 0 0 0
169860 3 1265 0.1852946052 0.0000260611 0.0000000037 0 0 0
171563 4 5328 0.0000000000 0.0000000000 0.0000000000 0 0 0
201860 3 1687 0.4702064926 0.0002119002 0.0000000955 0 0 0
209016 3 3609 0.1655958733 0.0000231408 0.0000000032 0 0 0
213922 3 797 0.0900726887 0.0000183597 0.0000000037 0 0 0
220750 3 485 0.3651485999 0.0000534781 0.0000000078 0 0 0
222219 3 703 0.1744690550 0.0001187672 0.0000000808 0 0 0
224219 3 531 0.3254431560 0.0001627216 0.0000000814 0 0 0
225282 3 578 0.3991931038 0.0003755344 0.0000003533 0 0 0
226610 3 328 0.2771567966 0.0002087024 0.0000001572 0 0 0
227782 3 468 0.4128480904 0.0003522595 0.0000003006 0 0 0
229079 3 359 0.2247284805 0.0001732679 0.0000001336 0 0 0
230157 3 390 0.2127741530 0.0001973786 0.0000001831 0 0 0
231079 3 796 0.1733086355 0.0001879703 0.0000002039 0 0 0
233125 3 3485 0.1317898438 0.0000644134 0.0000000315 0 0 0
237391 3 703 0.0342418581 0.0000080267 0.0000000019 0 0 0
239204 3 359 0.1898824345 0.0001047338 0.0000000578 0 0 0
239938 3 391 0.1364331820 0.0001858763 0.0000002532 0 0 0
240860 3 609 0.0941237097 0.0001020865 0.0000001107 0 0 0
242282 3 500 0.1440455700 0.0001012979 0.0000000712 0 0 0
243797 3 1203 0.5286234193 0.0003489263 0.0000002303 0 0 0
247922 3 953 0.3925398321 0.0000951612 0.0000000231 0 0 0
251797 3 2063 0.1140883582 0.0000294422 0.0000000076 0 0 0
256172 3 1485 0.1894365424 0.0000432998 0.0000000099 0 0 0
259000 3 1672 0.1911123371 0.0000675786 0.0000000239 0 0 0
264813 3 2203 0.1106829668 0.0000190406 0.0000000033 0 0 0
274844 3 2125 0.1168917554 0.0000116531 0.0000000012 0 0 0
281844 3 2906 0.2597290588 0.0000371042 0.0000000053 0 0 0
285532 3 906 0.0557992597 0.0000151300 0.0000000041 0 0 0
287188 3 1453 0.2236430394 0.0001350501 0.0000000816 0 0 0
293860 3 3328 0.0979724918 0.0000146841 0.0000000022 0 0 0
299141 3 2531 0.2169229532 0.0000410761 0.0000000078 0 0 0
307000 3 4360 0.0669341546 0.0000085169 0.0000000011 0 0 0
313047 3 1610 0.1115096917 0.0000184405 0.0000000030 0 0 0
319235 3 812 0.2042224004 0.0000330030 0.0000000053 0 0 0
321032 3 750 0.1608180610 0.0000894925 0.0000000498 0 0 0
329813 3 1641 0.2812947204 0.0000320345 0.0000000036 0 0 0
342422 3 1485 0.1991046203 0.0000157907 0.0000000013 0 0 0
345985 3 1015 0.3382313757 0.0000949288 0.0000000266 0 0 0
348282 3 734 0.4506784511 0.0001962031 0.0000000854 0 0 0
349797 3 750 0.1075876548 0.0000710150 0.0000000469 0 0 0
351391 3 1547 0.1900615136 0.0001192356 0.0000000748 0 0 0
356579 4 7687 0.0000000000 0.0000000000 0.0000000000 0 0 0
370563 3 1969 0.1115069635 0.0000079739 0.0000000006 0 0 0
375032 3 1062 0.1488271986 0.0000333021 0.0000000075 0 0 0
381641 3 922 0.2228580050 0.0000337204 0.0000000051 0 0 0
390079 3 1890 0.1898752462 0.0000225024 0.0000000027 0 0 0
395454 3 1156 0.1484241608 0.0000276138 0.0000000051 0 0 0
398250 3 2079 0.2341926098 0.0000837599 0.0000000300 0 0 0
409750 3 1532 0.1391899419 0.0000121035 0.0000000011 0 0 0
412157 4 5172 0.0000000000 0.0000000000 0.0000000000 0 0 0
438438 3 641 0.0577355184 0.0000802997 0.0000001117 0 0 0
439407 3 1875 0.0000000000 0.0000000000 0.0000000000 0 0 0
441719 3 938 0.0000000000 0.0000000000 0.0000000000 0 0 0
443032 3 797 0.0000000000 0.0000000000 0.0000000000 0 0 0
444329 3 875 0.0000000000 0.0000000000 0.0000000000 0 0 0
445766 3 469 0.0000000000 0.0000000000 0.0000000000 0 0 0
446657 3 1000 0.0000000000 0.0000000000 0.0000000000 0 0 0
448079 3 843 0.0000000000 0.0000000000 0.0000000000 0 0 0
449313 3 766 0.0011460402 0.0000009287 0.0000000008 0 0 0
450469 3 656 0.0000000000 0.0000000000 0.0000000000 0 0 0
451516 3 516 0.0000000000 0.0000000000 0.0000000000 0 0 0
452391 3 906 0.0000000000 0.0000000000 0.0000000000 0 0 0
453688 3 453 0.0053970702 0.0000041612 0.0000000032 0 0 0
454469 3 719 0.0167363224 0.0000214294 0.0000000274 0 0 0
455516 3 516 0.0114613181 0.0000109468 0.0000000105 0 0 0
463766 3 906 0.0049880446 0.0000103059 0.0000000213 0 0 0
465110 3 1406 0.0000000000 0.0000000000 0.0000000000 0 0 0
466938 3 906 0.0000000000 0.0000000000 0.0000000000 0 0 0
468297 3 688 0.0000000000 0.0000000000 0.0000000000 0 0 0
469391 3 625 0.0000000000 0.0000000000 0.0000000000 0 0 0
470438 3 844 0.0028653295 0.0000027367 0.0000000026 0 0 0
471719 3 672 0.0000000000 0.0000000000 0.0000000000 0 0 0
472860 3 1344 0.0000000000 0.0000000000 0.0000000000 0 0 0
474610 3 781 0.0000000000 0.0000000000 0.0000000000 0 0 0
475766 3 750 0.0112849144 0.0000097620 0.0000000084 0 0 0
476954 3 781 0.0000000000 0.0000000000 0.0000000000 0 0 0
478047 3 1063 0.0000000000 0.0000000000 0.0000000000 0 0 0
479532 3 500 0.0047138047 0.0000031743 0.0000000021 0 0 0
480391 3 922 0.0000000000 0.0000000000 0.0000000000 0 0 0
481750 3 1625 0.0139808683 0.0000102876 0.0000000076 0 0 0
483860 3 797 0.0032362214 0.0000015338 0.0000000007 0 0 0
485000 3 594 0.0304625609 0.0000267215 0.0000000234 0 0 0
486016 3 1641 0.0110591220 0.0000108850 0.0000000107 0 0 0
488047 3 860 0.0000000000 0.0000000000 0.0000000000 0 0 0
489282 3 562 0.0120643684 0.0000097687 0.0000000079 0 0 0
490141 3 563 0.0072673349 0.0000084602 0.0000000098 0 0 0
490704 4 7375 0.0000000000 0.0000000000 0.0000000000 0 0 0
498079 3 1921 0.0000000000 0.0000000000 0.0000000000 0 0 0
500360 3 5547 0.0008768084 0.0000003844 0.0000000002 0 0 0
506329 3 2515 0.0000000000 0.0000000000 0.0000000000 0 0 0
509266 3 1078 0.0000000000 0.0000000000 0.0000000000 0 0 0
510719 3 1344 0.0000000000 0.0000000000 0.0000000000 0 0 0
512625 3 2125 0.0020086186 0.0000010538 0.0000000006 0 0 0
515172 3 2282 0.0000000000 0.0000000000 0.0000000000 0 0 0
517969 3 797 0.0005056180 0.0000001808 0.0000000001 0 0 0
519219 3 1313 0.0000000000 0.0000000000 0.0000000000 0 0 0
520985 3 1515 0.0000000000 0.0000000000 0.0000000000 0 0 0
522922 3 2594 0.0000000000 0.0000000000 0.0000000000 0 0 0
525907 3 1953 0.0000000000 0.0000000000 0.0000000000 0 0 0
528282 3 984 0.0005954583 0.0000002507 0.0000000001 0 0 0
529672 3 4438 0.0007194245 0.0000005176 0.0000000004 0 0 0
534532 3 937 0.0000000000 0.0000000000 0.0000000000 0 0 0
535829 3 1078 0.0000000000 0.0000000000 0.0000000000 0 0 0
537375 3 1344 0.0000000000 0.0000000000 0.0000000000 0 0 0
539141 3 3141 0.0000000000 0.0000000000 0.0000000000 0 0 0
542735 3 1578 0.0000000000 0.0000000000 0.0000000000 0 0 0
544766 3 1703 0.0000000000 0.0000000000 0.0000000000 0 0 0
547016 3 1188 0.0000000000 0.0000000000 0.0000000000 0 0 0
548719 3 860 0.0000000000 0.0000000000 0.0000000000 0 0 0
550110 3 1297 0.0000000000 0.0000000000 0.0000000000 0 0 0
551813 3 703 0.0000000000 0.0000000000 0.0000000000 0 0 0
553063 3 4094 0.0008000000 0.0000006400 0.0000000005 0 0 0
557766 3 9813 0.0048465133 0.0000010305 0.0000000002 0 0 0
568047 3 1907 0.0000000000 0.0000000000 0.0000000000 0 0 0
570594 3 2578 0.0000000000 0.0000000000 0.0000000000 0 0 0
573579 3 7375 0.0000000000 0.0000000000 0.0000000000 0 0 0
581594 3 3813 0.0000000000 0.0000000000 0.0000000000 0 0 0
585829 3 3171 0.0000000000 0.0000000000 0.0000000000 0 0 0
589500 3 1079 0.0003852393 0.0000001049 0.0000000000 0 0 0
591000 3 938 0.0000000000 0.0000000000 0.0000000000 0 0 0
592407 3 922 0.0000000000 0.0000000000 0.0000000000 0 0 0
593875 3 1094 0.0013623978 0.0000009281 0.0000000006 0 0 0
595547 3 2360 0.0000000000 0.0000000000 0.0000000000 0 0 0
598469 3 4000 0.0000000000 0.0000000000 0.0000000000 0 0 0
602969 3 5735 0.0000000000 0.0000000000 0.0000000000 0 0 0
609204 3 1968 0.0000000000 0.0000000000 0.0000000000 0 0 0
611657 3 1718 0.0000000000 0.0000000000 0.0000000000 0 0 0
613985 3 1781 0.0000000000 0.0000000000 0.0000000000 0 0 0
616344 3 2203 0.0000000000 0.0000000000 0.0000000000 0 0 0
619094 3 1000 0.0000000000 0.0000000000 0.0000000000 0 0 0
620563 3 2187 0.0000000000 0.0000000000 0.0000000000 0 0 0
623204 3 1484 0.0000000000 0.0000000000 0.0000000000 0 0 0
625157 3 2422 0.0000000000 0.0000000000 0.0000000000 0 0 0
628125 3 782 0.0000000000 0.0000000000 0.0000000000 0 0 0
629454 3 12250 0.0000000000 0.0000000000 0.0000000000 0 0 0
642172 3 969 0.0001572574 0.0000000124 0.0000000000 0 0 0
643657 3 875 0.0013468013 0.0000009069 0.0000000006 0 0 0
644985 3 1969 0.0000000000 0.0000000000 0.0000000000 0 0 0
647422 3 672 0.0000000000 0.0000000000 0.0000000000 0 0 0
648625 3 954 0.0020068276 0.0000016682 0.0000000014 0 0 0
650079 3 937 0.0000000000 0.0000000000 0.0000000000 0 0 0
651516 3 1203 0.0000000000 0.0000000000 0.0000000000 0 0 0
653360 3 672 0.0054229935 0.0000029409 0.0000000016 0 0 0
654594 3 547 0.0034381205 0.0000027862 0.0000000023 0 0 0
655750 3 1922 0.0036644187 0.0000031699 0.0000000027 0 0 0
658438 3 1312 0.0012701687 0.0000004725 0.0000000002 0 0 0
660266 3 641 0.0073381912 0.0000040143 0.0000000022 0 0 0
661407 3 922 0.0043821209 0.0000038406 0.0000000034 0 0 0
662907 3 828 0.0432533154 0.0000288355 0.0000000192 0 0 0
664250 3 1735 0.0000000000 0.0000000000 0.0000000000 0 0 0
666454 3 1875 0.0000000000 0.0000000000 0.0000000000 0 0 0
668797 3 719 0.0000000000 0.0000000000 0.0000000000 0 0 0
670032 3 1093 0.0048582996 0.0000039338 0.0000000032 0 0 0
671422 3 532 0.0094036459 0.0000067652 0.0000000049 0 0 0
671954 4 6812 0.0000000000 0.0000000000 0.0000000000 0 0 0
681141 4 37859 0.0000000000 0.0000000000 0.0000000000 0 0 0
720485 4 8047 0.0000000000 0.0000000000 0.0000000000 0 0 0
749266 4 12344 0.0000000000 0.0000000000 0.0000000000 0 0 0
765000 3 657 0.5288493875 0.0002564740 0.0000001244 0 0 0
766735 3 969 0.0951003196 0.0000548129 0.0000000316 0 0 0
768907 3 890 0.1728208487 0.0000795676 0.0000000366 0 0 0
770563 3 359 0.0968361360 0.0000584759 0.0000000353 0 0 0
771391 3 797 0.1427059753 0.0001723502 0.0000002082 0 0 0
773157 3 797 0.2522491355 0.0001428364 0.0000000809 0 0 0
774641 3 469 0.3189285115 0.0002149114 0.0000001448 0 0 0
775844 3 1531 0.3340791262 0.0002777050 0.0000002308 0 0 0
777875 3 954 0.0082330622 0.0000040537 0.0000000020 0 0 0
779766 3 344 0.0384448466 0.0000724008 0.0000001363 0 0 0
781047 3 828 0.3502329656 0.0002734059 0.0000002134 0 0 0
782547 3 672 0.0129322304 0.0000086215 0.0000000057 0 0 0
785250 3 1063 0.3380067684 0.0002141995 0.0000001357 0 0 0
787094 3 1422 0.1574836958 0.0000854033 0.0000000463 0 0 0
789110 3 328 0.0116868171 0.0000057970 0.0000000029 0 0 0
790219 3 2828 0.3346385488 0.0003017480 0.0000002721 0 0 0
793969 3 1469 0.0639441820 0.0000170518 0.0000000045 0 0 0
795875 3 469 0.0010493179 0.0000005505 0.0000000003 0 0 0
797079 3 1343 0.3645667829 0.0003027963 0.0000002515 0 0 0
800485 3 1172 0.1989837577 0.0001157555 0.0000000673 0 0 0
801969 3 610 0.0074558592 0.0000050242 0.0000000034 0 0 0
803610 3 344 0.1329755928 0.0000810333 0.0000000494 0 0 0
805329 3 1406 0.4156691777 0.0002418087 0.0000001407 0 0 0
807485 3 500 0.0494011152 0.0000229133 0.0000000106 0 0 0
809063 3 1016 0.2978912901 0.0001887778 0.0000001196 0 0 0
810688 3 1016 0.0104615385 0.0000064379 0.0000000040 0 0 0
812079 3 1671 0.0110813901 0.0000079665 0.0000000057 0 0 0
814141 3 859 0.0090370580 0.0000043827 0.0000000021 0 0 0
815954 3 937 0.1960391241 0.0001081297 0.0000000596 0 0 0
818313 3 922 0.3484561489 0.0001477135 0.0000000626 0 0 0
819688 3 531 0.0014545455 0.0000010579 0.0000000008 0 0 0
821079 3 1000 0.2217791286 0.0001594386 0.0000001146 0 0 0
823360 3 2140 0.1819222004 0.0000797555 0.0000000350 0 0 0
827516 3 500 0.0006273526 0.0000003936 0.0000000002 0 0 0
828688 3 937 0.3944947783 0.0003365996 0.0000002872 0 0 0
830610 3 1047 0.3270024463 0.0001701365 0.0000000885 0 0 0
832438 3 312 0.1240515730 0.0000678619 0.0000000371 0 0 0
833516 3 984 0.2498800340 0.0002317997 0.0000002150 0 0 0
835094 3 313 0.0689459280 0.0000436920 0.0000000277 0 0 0
835844 3 985 0.0075337087 0.0000100449 0.0000000134 0 0 0
837329 3 656 0.0015057697 0.0000010140 0.0000000007 0 0 0
842125 3 3016 0.2355650457 0.0000491170 0.0000000102 0 0 0
846422 3 1110 0.1997728836 0.0000464912 0.0000000108 0 0 0
848954 3 5656 0.2785256344 0.0001100022 0.0000000434 0 0 0
856282 3 1765 0.0990181823 0.0000135123 0.0000000018 0 0 0
858625 3 750 0.0000000000 0.0000000000 0.0000000000 0 0 0
861610 3 2890 0.4023033651 0.0001347750 0.0000000452 0 0 0
867313 3 4500 0.2292464024 0.0000401975 0.0000000070 0 0 0
876360 3 906 0.1996619993 0.0000220694 0.0000000024 0 0 0
879407 3 1203 0.2879860263 0.0000945146 0.0000000310 0 0 0
881563 3 500 0.0027829314 0.0000012908 0.0000000006 0 0 0
883641 3 1172 0.3669987139 0.0001766115 0.0000000850 0 0 0
886235 3 875 0.2372385993 0.0000914567 0.0000000353 0 0 0
888954 3 3218 0.3001696115 0.0001103971 0.0000000406 0 0 0
893829 3 5078 0.1161285722 0.0000238212 0.0000000049 0 0 0
900360 3 2953 0.0036900369 0.0000045388 0.0000000056 0 0 0
904625 3 3079 0.1438489930 0.0000337278 0.0000000079 0 0 0
908219 3 797 0.0000000000 0.0000000000 0.0000000000 0 0 0
909532 3 1218 0.0000000000 0.0000000000 0.0000000000 0 0 0
911141 3 969 0.0000000000 0.0000000000 0.0000000000 0 0 0
912532 3 718 0.0000000000 0.0000000000 0.0000000000 0 0 0
914625 3 3844 0.3483675002 0.0001664441 0.0000000795 0 0 0
920063 3 3812 0.1282050256 0.0000235758 0.0000000043 0 0 0
924454 3 562 0.0000000000 0.0000000000 0.0000000000 0 0 0
925391 3 844 0.0000000000 0.0000000000 0.0000000000 0 0 0
926657 3 5718 0.0022341446 0.0000017647 0.0000000014 0 0 0
933110 3 3781 0.0512464761 0.0000079415 0.0000000012 0 0 0
940125 3 860 0.1422322956 0.0000202755 0.0000000029 0 0 0
943391 3 984 0.2896142916 0.0000886755 0.0000000272 0 0 0
945813 3 4656 0.3532316757 0.0001458430 0.0000000602 0 0 0
951094 3 594 0.0021288848 0.0000004031 0.0000000001 0 0 0
953000 3 2454 0.4214454143 0.0002211151 0.0000001160 0 0 0
955954 3 453 0.0000000000 0.0000000000 0.0000000000 0 0 0
957829 3 1375 0.4019425954 0.0002143694 0.0000001143 0 0 0
960422 3 969 0.3925566572 0.0001513909 0.0000000584 0 0 0
962297 3 2282 0.3140189351 0.0001674768 0.0000000893 0 0 0
965625 3 1063 0.2902729060 0.0000872214 0.0000000262 0 0 0
967860 3 1812 0.3515652679 0.0001572999 0.0000000704 0 0 0
970891 3 969 0.2575897720 0.0000849851 0.0000000280 0 0 0
971860 4 9203 0.0000000000 0.0000000000 0.0000000000 0 0 0
994750 3 594 0.4661709963 0.0003077036 0.0000002031 0 0 0
995969 3 985 0.2657519736 0.0002180082 0.0000001788 0 0 0
997532 3 656 0.1417945499 0.0000907195 0.0000000580 0 0 0
998688 3 562 0.0979228698 0.0000847084 0.0000000733 0 0 0
1000000 3 469 0.1607784941 0.0001225446 0.0000000934 0 0 0
1001110 3 672 0.1187109060 0.0001069468 0.0000000963 0 0 0
1002344 3 1063 0.1816262956 0.0001471850 0.0000001193 0 0 0
1004172 3 1172 0.1099156877 0.0000601289 0.0000000329 0 0 0
1006235 3 953 0.1867064224 0.0000905024 0.0000000439 0 0 0
1007860 3 953 0.1514618871 0.0000932073 0.0000000574 0 0 0
1009141 3 859 0.0000000000 0.0000000000 0.0000000000 0 0 0
1010313 3 578 0.0000000000 0.0000000000 0.0000000000 0 0 0
1011641 3 1469 0.4470798893 0.0003366565 0.0000002535 0 0 0
1014063 3 891 0.1643191665 0.0000678444 0.0000000280 0 0 0
1016047 3 532 0.1795288342 0.0000904883 0.0000000456 0 0 0
1017329 3 984 0.2454904545 0.0001914902 0.0000001494 0 0 0
1018704 3 234 0.0194420200 0.0000141397 0.0000000103 0 0 0
1019547 3 766 0.4355653184 0.0005166848 0.0000006129 0 0 0
1020688 3 391 0.0049520434 0.0000043401 0.0000000038 0 0 0
1022547 3 1172 0.2894851316 0.0001557209 0.0000000838 0 0 0
1024110 3 1937 0.0019193858 0.0000012280 0.0000000008 0 0 0
1026500 3 2297 0.0000000000 0.0000000000 0.0000000000 0 0 0
1029235 3 875 0.0059687588 0.0000021824 0.0000000008 0 0 0
1032407 3 437 0.2454509277 0.0001726097 0.0000001214 0 0 0
1033547 3 844 0.3120291164 0.0002737098 0.0000002401 0 0 0
1034719 3 516 0.0029131515 0.0000024856 0.0000000021 0 0 0
1036313 3 1828 0.2161147388 0.0001355801 0.0000000851 0 0 0
1038641 3 641 0.0021477663 0.0000009226 0.0000000004 0 0 0
1040204 3 859 0.4461297381 0.0002854317 0.0000001826 0 0 0
1041422 3 563 0.0028031310 0.0000023014 0.0000000019 0 0 0
1042891 3 797 0.3765300497 0.0002563173 0.0000001745 0 0 0
1044782 3 843 0.3348008928 0.0001770497 0.0000000936 0 0 0
1046891 3 1297 0.3972816898 0.0001883744 0.0000000893 0 0 0
1051141 3 1234 0.7995620411 0.0004060752 0.0000002062 0 0 0
1052766 3 328 0.0129571601 0.0000079736 0.0000000049 0 0 0
1054141 3 906 0.6638525622 0.0004828019 0.0000003511 0 0 0
1056344 3 1594 0.3908079235 0.0001773981 0.0000000805 0 0 0
1059563 3 2484 0.2261389385 0.0000702513 0.0000000218 0 0 0
1063375 3 938 0.1934000580 0.0000507345 0.0000000133 0 0 0
1065875 3 844 0.4251411388 0.0001700565 0.0000000680 0 0 0
1068141 3 969 0.3838711508 0.0001694047 0.0000000748 0 0 0
1070579 3 4156 0.3491963887 0.0001432307 0.0000000587 0 0 0
1075360 3 2203 0.0000000000 0.0000000000 0.0000000000 0 0 0
1078235 3 2625 0.0896435552 0.0000311804 0.0000000108 0 0 0
1082985 3 1797 0.2025019815 0.0000426320 0.0000000090 0 0 0
1086391 3 2891 0.3455287607 0.0001014471 0.0000000298 0 0 0
1090594 3 2485 0.2521146030 0.0000599844 0.0000000143 0 0 0
1096907 3 1172 0.3165427745 0.0000501414 0.0000000079 0 0 0
1099532 3 1078 0.3582343121 0.0001364702 0.0000000520 0 0 0
1101907 3 7984 0.3436757859 0.0001447056 0.0000000609 0 0 0
1111782 3 1078 0.0862558128 0.0000087348 0.0000000009 0 0 0
1115000 3 1282 0.3254866793 0.0001011456 0.0000000314 0 0 0
1117204 3 1078 0.2232809212 0.0001013071 0.0000000460 0 0 0
1119329 3 1421 0.2949329286 0.0001387920 0.0000000653 0 0 0
1121204 3 1234 0.0005333333 0.0000002844 0.0000000002 0 0 0
1122922 3 594 0.0000000000 0.0000000000 0.0000000000 0 0 0
1125266 3 4344 0.3635169756 0.0001550840 0.0000000662 0 0 0
1130610 3 4890 0.1469543361 0.0000274989 0.0000000051 0 0 0
1136594 3 1281 0.1503878613 0.0000251317 0.0000000042 0 0 0
1138782 3 1000 0.3947858690 0.0001804323 0.0000000825 0 0 0
1140875 3 1235 0.3774745882 0.0001803510 0.0000000862 0 0 0
1143172 3 1313 0.4778314142 0.0002080241 0.0000000906 0 0 0
1146735 4 6719 0.0000000000 0.0000000000 0.0000000000 0 0 0
1176016 3 438 0.5506808022 0.0002819666 0.0000001444 0 0 0
1177047 3 516 0.3197917673 0.0003101763 0.0000003008 0 0 0
1178297 3 532 0.1850246206 0.0001480197 0.0000001184 0 0 0
1179422 3 641 0.2810406673 0.0002498139 0.0000002221 0 0 0
1180672 3 485 0.3316042343 0.0002652834 0.0000002122 0 0 0
1181750 3 704 0.3648773638 0.0003384762 0.0000003140 0 0 0
1183141 3 1094 0.3997706179 0.0002873980 0.0000002066 0 0 0
1185329 3 984 0.3231219455 0.0001476791 0.0000000675 0 0 0
1187454 3 1250 0.4466757198 0.0002102003 0.0000000989 0 0 0
1189391 3 609 0.0468521821 0.0000241880 0.0000000125 0 0 0
1190375 3 469 0.0079557186 0.0000080851 0.0000000082 0 0 0
1191969 3 1250 0.5350482250 0.0003356639 0.0000002106 0 0 0
1193625 3 1047 0.0000000000 0.0000000000 0.0000000000 0 0 0
1195625 3 500 0.2087394281 0.0001043697 0.0000000522 0 0 0
1196969 3 1016 0.2644574696 0.0001967690 0.0000001464 0 0 0
1198829 3 640 0.0533576346 0.0000286869 0.0000000154 0 0 0
1200219 3 860 0.1596435254 0.0001148515 0.0000000826 0 0 0
1202125 3 750 0.2680162855 0.0001406171 0.0000000738 0 0 0
1203157 3 1078 0.0000000000 0.0000000000 0.0000000000 0 0 0
1204766 3 1141 0.1014420332 0.0000630466 0.0000000392 0 0 0
1206782 3 828 0.1797225461 0.0000891481 0.0000000442 0 0 0
1208110 3 484 0.0692120661 0.0000521175 0.0000000392 0 0 0
1209938 3 984 0.4452947401 0.0002435967 0.0000001333 0 0 0
1211891 3 875 0.1706040811 0.0000873549 0.0000000447 0 0 0
1213360 3 734 0.0000000000 0.0000000000 0.0000000000 0 0 0
1214579 3 390 0.1839787612 0.0001509260 0.0000001238 0 0 0
1215875 3 1063 0.4609658242 0.0003556835 0.0000002744 0 0 0
1217360 3 656 0.0020202020 0.0000013604 0.0000000009 0 0 0
1218579 3 500 0.1202494920 0.0000986460 0.0000000809 0 0 0
1219829 3 859 0.3714248613 0.0002971399 0.0000002377 0 0 0
1222516 3 500 0.1813168893 0.0001507206 0.0000001253 0 0 0
1223485 3 297 0.0103199174 0.0000106501 0.0000000110 0 0 0
1224344 3 766 0.3636171666 0.0004233029 0.0000004928 0 0 0
1225938 3 875 0.2467279429 0.0001547854 0.0000000971 0 0 0
1227391 3 453 0.0681927389 0.0000469324 0.0000000323 0 0 0
1228844 3 750 0.5407306003 0.0003721477 0.0000002561 0 0 0
1230360 3 828 0.2595585245 0.0001712127 0.0000001129 0 0 0
1232079 3 953 0.2397707942 0.0001394827 0.0000000811 0 0 0
1235297 3 1110 0.2718481361 0.0000844774 0.0000000263 0 0 0
1237594 3 4000 0.3698734462 0.0001610246 0.0000000701 0 0 0
1242782 3 1187 0.1448922990 0.0000279284 0.0000000054 0 0 0
1244922 3 453 0.0100066419 0.0000046760 0.0000000022 0 0 0
1246329 3 1234 0.3826745074 0.0002719790 0.0000001933 0 0 0
1248641 3 4359 0.2800120951 0.0001211125 0.0000000524 0 0 0
1254829 3 687 0.1720873435 0.0000278098 0.0000000045 0 0 0
1256672 3 1516 0.4974261086 0.0002699002 0.0000001464 0 0 0
1259579 3 1968 0.2379114082 0.0000818409 0.0000000282 0 0 0
1261875 3 516 0.0000000000 0.0000000000 0.0000000000 0 0 0
1263282 3 3609 0.6707490985 0.0004767229 0.0000003388 0 0 0
1268485 3 1219 0.2151788070 0.0000413567 0.0000000079 0 0 0
1270797 3 1203 0.3684608985 0.0001593689 0.0000000689 0 0 0
1273516 3 422 0.0064649763 0.0000073885 0.0000000084 0 0 0
1276094 3 922 0.5874327986 0.0002278638 0.0000000884 0 0 0
1279094 3 1078 0.5317706304 0.0001772569 0.0000000591 0 0 0
1281829 3 7515 0.3715573766 0.0001358528 0.0000000497 0 0 0
1289829 3 1093 0.0002500000 0.0000000312 0.0000000000 0 0 0
1291204 3 3312 0.0014545455 0.0000010579 0.0000000008 0 0 0
1296922 3 6157 0.1721868103 0.0000301131 0.0000000053 0 0 0
1304485 3 2453 0.1416431959 0.0000187284 0.0000000025 0 0 0
1308204 3 4125 0.2135285775 0.0000574156 0.0000000154 0 0 0
1313454 3 671 0.1303055573 0.0000248201 0.0000000047 0 0 0
1315016 3 922 0.4758883076 0.0003046660 0.0000001950 0 0 0
1316688 3 859 0.4701639414 0.0002811985 0.0000001682 0 0 0
1318438 3 828 0.4875405461 0.0002785946 0.0000001592 0 0 0
1320000 3 766 0.4403228069 0.0002818968 0.0000001805 0 0 0
1321969 3 906 0.5282739042 0.0002682955 0.0000001363 0 0 0
1323422 4 8735 0.0000000000 0.0000000000 0.0000000000 0 0 0
1339750 3 532 0.2790742988 0.0000572460 0.0000000117 0 0 0
1352641 3 672 0.4080824495 0.0001492621 0.0000000546 0 0 0
1355360 3 640 0.4349350371 0.0001599614 0.0000000588 0 0 0
1356625 3 1063 0.2209184837 0.0001746391 0.0000001381 0 0 0
1358954 3 281 0.0087829360 0.0000110200 0.0000000138 0 0 0
1359875 3 563 0.1709420598 0.0001856048 0.0000002015 0 0 0
1361157 3 312 0.4420603835 0.0003448209 0.0000002690 0 0 0
1361875 3 735 0.1702894816 0.0002371720 0.0000003303 0 0 0
1363563 3 734 0.2624374042 0.0001554724 0.0000000921 0 0 0
1364954 3 968 0.1179691453 0.0000848089 0.0000000610 0 0 0
1367016 3 906 0.2025317435 0.0000982210 0.0000000476 0 0 0
1368391 3 313 0.0042388561 0.0000030828 0.0000000022 0 0 0
1369672 3 1141 0.5644175142 0.0004406070 0.0000003440 0 0 0
1371829 3 1125 0.3322100493 0.0001540149 0.0000000714 0 0 0
1374766 3 1719 0.3590188389 0.0002470880 0.0000001701 0 0 0
1378579 3 468 0.4028486484 0.0004028486 0.0000004028 0 0 0
1379547 3 1110 0.1530770981 0.0001581375 0.0000001634 0 0 0
1381688 3 1000 0.2751006442 0.0001284917 0.0000000600 0 0 0
1384125 3 1204 0.2540618659 0.0001042519 0.0000000428 0 0 0
1386219 3 1235 0.2813947547 0.0001343814 0.0000000642 0 0 0
1389875 3 797 0.0000000000 0.0000000000 0.0000000000 0 0 0
1391954 3 984 0.3751898490 0.0001804665 0.0000000868 0 0 0
1393297 3 860 0.0000000000 0.0000000000 0.0000000000 0 0 0
1395422 3 657 0.4541885253 0.0002137358 0.0000001006 0 0 0
1396688 3 984 0.4787688670 0.0003781745 0.0000002987 0 0 0
1398032 3 437 0.0053839791 0.0000040059 0.0000000030 0 0 0
1399016 3 344 0.0050813008 0.0000051639 0.0000000052 0 0 0
1400375 3 1204 0.6282383664 0.0004622799 0.0000003402 0 0 0
1402891 3 688 0.0071091178 0.0000085859 0.0000000104 0 0 0
1404094 3 328 0.0093400399 0.0000077640 0.0000000065 0 0 0
1405000 3 1391 0.3711796366 0.0004096905 0.0000004522 0 0 0
1407985 3 719 0.0000000000 0.0000000000 0.0000000000 0 0 0
1409094 3 703 0.0021769284 0.0000019630 0.0000000018 0 0 0
1410485 3 875 0.2259873903 0.0001624640 0.0000001168 0 0 0
1412750 3 1297 0.2793530054 0.0001233347 0.0000000545 0 0 0
1414532 3 843 0.0000000000 0.0000000000 0.0000000000 0 0 0
1416704 3 937 0.4076537742 0.0001876859 0.0000000864 0 0 0
1418000 3 766 0.0239012915 0.0000184424 0.0000000142 0 0 0
1420047 3 1203 0.2777185704 0.0001356710 0.0000000663 0 0 0
1421766 3 1172 0.1342439227 0.0000780942 0.0000000454 0 0 0
1423610 3 890 0.1822091701 0.0000988119 0.0000000536 0 0 0
1425985 3 984 0.5685345013 0.0004850977 0.0000004139 0 0 0
1428735 3 1172 0.3187542664 0.0002649661 0.0000002203 0 0 0
1433532 3 2156 0.4779858483 0.0001728076 0.0000000625 0 0 0
1436438 3 1344 0.1925619580 0.0000662636 0.0000000228 0 0 0
1438141 3 938 0.0000000000 0.0000000000 0.0000000000 0 0 0
1440579 3 1093 0.3346035053 0.0001372451 0.0000000563 0 0 0
1442829 3 1640 0.0000000000 0.0000000000 0.0000000000 0 0 0
1445297 3 688 0.0306418207 0.0000124156 0.0000000050 0 0 0
1446407 3 406 0.0054054054 0.0000048697 0.0000000044 0 0 0
1447313 3 656 0.1390150085 0.0001534382 0.0000001694 0 0 0
1448235 3 765 0.0021691974 0.0000023527 0.0000000026 0 0 0
1450438 3 1203 0.4429275357 0.0002010565 0.0000000913 0 0 0
1453188 3 1344 0.3106875060 0.0001129773 0.0000000411 0 0 0
1456704 3 781 0.1859200404 0.0000528783 0.0000000150 0 0 0
1457875 3 329 0.0068317677 0.0000058341 0.0000000050 0 0 0
1458641 3 609 0.1480691204 0.0001933017 0.0000002524 0 0 0
1459516 3 328 0.0061876726 0.0000070716 0.0000000081 0 0 0
1460735 3 1500 0.5448726642 0.0004469833 0.0000003667 0 0 0
1466172 3 860 0.2863196015 0.0000898398 0.0000000282 0 0 0
1468719 3 1063 0.4137534660 0.0001624474 0.0000000638 0 0 0
1471797 3 828 0.2952246543 0.0000959144 0.0000000312 0 0 0
1473125 3 547 0.0779672792 0.0000587103 0.0000000442 0 0 0
1474079 3 531 0.0869449787 0.0000911373 0.0000000955 0 0 0
1475172 3 2203 0.0009149131 0.0000008371 0.0000000008 0 0 0
1478954 3 1281 0.1700163666 0.0000449541 0.0000000119 0 0 0
1480672 3 485 0.0000000000 0.0000000000 0.0000000000 0 0 0
1482235 3 1078 0.5411394580 0.0003462185 0.0000002215 0 0 0
1484844 3 2281 0.5036779507 0.0001930540 0.0000000740 0 0 0
1488719 3 969 0.3086779400 0.0000796588 0.0000000206 0 0 0
1490907 3 1656 0.4899263519 0.0002239152 0.0000001023 0 0 0
1493375 3 1875 0.3187791865 0.0001291650 0.0000000523 0 0 0
1495641 3 422 0.0008826125 0.0000003895 0.0000000002 0 0 0
1497079 3 1531 0.3344384521 0.0002325719 0.0000001617 0 0 0
1499454 3 1046 0.0000000000 0.0000000000 0.0000000000 0 0 0
1501438 3 2547 0.3063477802 0.0001544092 0.0000000778 0 0 0
1505094 3 1750 0.1882127015 0.0000514805 0.0000000141 0 0 0
1507704 3 1812 0.2063818628 0.0000790735 0.0000000303 0 0 0
1510125 3 641 0.0408569530 0.0000168761 0.0000000070 0 0 0
1511250 3 1016 0.0071111111 0.0000063210 0.0000000056 0 0 0
1513313 3 1953 0.4232560109 0.0002051653 0.0000000994 0 0 0
1516172 3 1860 0.2438803030 0.0000853027 0.0000000298 0 0 0
1518922 3 1141 0.3697216727 0.0001344442 0.0000000489 0 0 0
1520813 3 1469 0.4494949490 0.0002377022 0.0000001257 0 0 0
1523250 3 1204 0.4161220330 0.0001707518 0.0000000701 0 0 0
1525532 4 8203 0.0000000000 0.0000000000 0.0000000000 0 0 0
1547813 3 328 0.5939833522 0.0003918096 0.0000002584 0 0 0
1548766 3 625 0.3818765942 0.0004007100 0.0000004205 0 0 0
1549829 3 609 0.1467480108 0.0001380508 0.0000001299 0 0 0
1551079 3 671 0.2325576916 0.0001860462 0.0000001488 0 0 0
1552813 3 844 0.3228599566 0.0001861937 0.0000001074 0 0 0
1554344 3 1031 0.3415300348 0.0002230764 0.0000001457 0 0 0
1555766 3 828 0.0000000000 0.0000000000 0.0000000000 0 0 0
1557016 3 313 0.0032000000 0.0000025600 0.0000000020 0 0 0
1558016 3 984 0.5251856585 0.0005251857 0.0000005252 0 0 0
1560016 3 484 0.0078809513 0.0000114715 0.0000000167 0 0 0
1560829 3 531 0.0000000000 0.0000000000 0.0000000000 0 0 0
1561813 3 969 0.1548073759 0.0001573246 0.0000001599 0 0 0
1563235 3 750 0.1013093697 0.0000712443 0.0000000501 0 0 0
1564704 3 625 0.1634214147 0.0001112467 0.0000000757 0 0 0
1565750 3 1157 0.1350434999 0.0001291047 0.0000001234 0 0 0
1567313 3 641 0.0231088118 0.0000147849 0.0000000095 0 0 0
1568329 3 390 0.1294421585 0.0001274037 0.0000001254 0 0 0
1569407 3 2140 0.5714821583 0.0005301319 0.0000004918 0 0 0
1571954 3 1125 0.0000000000 0.0000000000 0.0000000000 0 0 0
1573563 3 656 0.0000000000 0.0000000000 0.0000000000 0 0 0
1574954 3 1093 0.2837300140 0.0002039756 0.0000001466 0 0 0
1576500 3 407 0.0059741707 0.0000038643 0.0000000025 0 0 0
1577266 3 359 0.0242757723 0.0000316916 0.0000000414 0 0 0
1578532 3 968 0.3387109699 0.0002675442 0.0000002113 0 0 0
1580485 3 640 0.0994316953 0.0000509123 0.0000000261 0 0 0
1581563 3 891 0.0170818308 0.0000158459 0.0000000147 0 0 0
1582969 3 235 0.0149705741 0.0000106476 0.0000000076 0 0 0
1584000 3 891 0.2954687486 0.0002865846 0.0000002780 0 0 0
1585344 3 563 0.0101564595 0.0000075569 0.0000000056 0 0 0
1586297 3 407 0.0448181290 0.0000470285 0.0000000493 0 0 0
1587438 3 875 0.3662328726 0.0003209753 0.0000002813 0 0 0
1588657 3 718 0.0016406891 0.0000013459 0.0000000011 0 0 0
1590375 4 114735 0.0000000000 0.0000000000 0.0000000000 0 0 0
1707704 3 1093 0.0164174989 0.0000001399 0.0000000000 0 0 0
1709454 3 359 0.0019509792 0.0000011148 0.0000000006 0 0 0
1710344 3 500 0.0192534415 0.0000216331 0.0000000243 0 0 0
1711204 3 375 0.0016444344 0.0000019121 0.0000000022 0 0 0
1712063 3 375 0.0705894933 0.0000821764 0.0000000957 0 0 0
1712813 3 359 0.0653333333 0.0000871111 0.0000001161 0 0 0
1713813 3 1234 0.2006962897 0.0002006963 0.0000002007 0 0 0
1715391 3 719 0.0085007691 0.0000053871 0.0000000034 0 0 0
1716969 3 1235 0.4129057882 0.0002616640 0.0000001658 0 0 0
1718532 3 484 0.0065531930 0.0000041927 0.0000000027 0 0 0
1719657 3 781 0.2186261876 0.0001943344 0.0000001727 0 0 0
1720985 3 844 0.0527930037 0.0000397538 0.0000000299 0 0 0
1722610 3 656 0.1278931935 0.0000787035 0.0000000484 0 0 0
1724063 3 828 0.2785519931 0.0001917082 0.0000001319 0 0 0
1725266 3 453 0.0058187864 0.0000048369 0.0000000040 0 0 0
1726235 3 344 0.0264776618 0.0000273247 0.0000000282 0 0 0
1727625 3 1016 0.3249400306 0.0002337698 0.0000001682 0 0 0
1729407 3 437 0.0862755469 0.0000484150 0.0000000272 0 0 0
1730625 3 1110 0.4204085521 0.0003451630 0.0000002834 0 0 0
1733657 3 687 0.2307364259 0.0000761004 0.0000000251 0 0 0
1734891 3 1516 0.0000000000 0.0000000000 0.0000000000 0 0 0
1736860 3 2172 0.0000000000 0.0000000000 0.0000000000 0 0 0
1740375 3 844 0.1757511463 0.0000500003 0.0000000142 0 0 0
1742579 3 1093 0.4474289839 0.0002030077 0.0000000921 0 0 0
1745204 3 4984 0.4499489288 0.0001714091 0.0000000653 0 0 0
1752547 3 1547 0.1320736072 0.0000179863 0.0000000024 0 0 0
1755563 3 828 0.2677522957 0.0000887773 0.0000000294 0 0 0
1757766 3 1266 0.3771703306 0.0001712076 0.0000000777 0 0 0
1760141 3 1063 0.2536294387 0.0001067913 0.0000000450 0 0 0
1762125 3 891 0.3525342989 0.0001776887 0.0000000896 0 0 0
1764032 3 1125 0.4299066002 0.0002254361 0.0000001182 0 0 0
1766579 3 1437 0.3293293634 0.0001293009 0.0000000508 0 0 0
1768375 3 1438 0.0248728237 0.0000138490 0.0000000077 0 0 0
1770813 3 3750 0.2356280394 0.0000966481 0.0000000396 0 0 0
1775922 3 1469 0.2024829151 0.0000396326 0.0000000078 0 0 0
1778594 3 875 0.3262266740 0.0001220908 0.0000000457 0 0 0
1780391 3 1063 0.3748087585 0.0002085747 0.0000001161 0 0 0
1781891 3 2156 0.0000000000 0.0000000000 0.0000000000 0 0 0
1785219 3 1453 0.2222903249 0.0000667940 0.0000000201 0 0 0
1787375 3 438 0.0856628223 0.0000397323 0.0000000184 0 0 0
1789344 3 1391 0.5957634272 0.0003025716 0.0000001537 0 0 0
1791891 3 1063 0.3132741250 0.0001229973 0.0000000483 0 0 0
1793735 3 828 0.3530865896 0.0001914786 0.0000001038 0 0 0
1795516 3 1000 0.5234204080 0.0002938913 0.0000001650 0 0 0
1797266 3 984 0.3770590905 0.0002154623 0.0000001231 0 0 0
1799063 3 1109 0.3507119404 0.0001951652 0.0000001086 0 0 0
1801297 3 1016 0.5092368615 0.0002279485 0.0000001020 0 0 0
1803344 3 1094 0.4645998009 0.0002269662 0.0000001109 0 0 0
1804922 4 8922 0.0000000000 0.0000000000 0.0000000000 0 0 0
1831750 3 485 0.3045923173 0.0001547725 0.0000000786 0 0 0
1832969 3 781 0.2189051552 0.0001795776 0.0000001473 0 0 0
1834735 3 719 0.1889857385 0.0001070134 0.0000000606 0 0 0
1836047 3 469 0.2789119756 0.0002125853 0.0000001620 0 0 0
1836985 3 828 0.2565290159 0.0002734851 0.0000002916 0 0 0
1838860 3 703 0.2096644012 0.0001118210 0.0000000596 0 0 0
1840204 3 875 0.2610270938 0.0001942166 0.0000001445 0 0 0
1842282 3 906 0.2980888537 0.0001434499 0.0000000690 0 0 0
1843547 3 500 0.0238238059 0.0000188330 0.0000000149 0 0 0
1845016 3 922 0.2661262767 0.0001811615 0.0000001233 0 0 0
1846282 3 328 0.0781672932 0.0000617435 0.0000000488 0 0 0
1847391 3 516 0.3588130189 0.0003235465 0.0000002917 0 0 0
1848532 3 1390 0.3167926396 0.0002776447 0.0000002433 0 0 0
1852047 3 360 0.4257747531 0.0002478316 0.0000001443 0 0 0
1852719 3 766 0.1282225075 0.0001908073 0.0000002839 0 0 0
1854235 3 1000 0.6552333691 0.0004322120 0.0000002851 0 0 0
1855516 3 391 0.0015612802 0.0000012188 0.0000000010 0 0 0
1856954 3 1234 0.5214497136 0.0003626215 0.0000002522 0 0 0
1858657 3 328 0.0170139970 0.0000099906 0.0000000059 0 0 0
1859422 3 750 0.2269650533 0.0002966863 0.0000003878 0 0 0
1861329 3 765 0.3615738620 0.0001896035 0.0000000994 0 0 0
1862719 3 1266 0.2997539938 0.0002156504 0.0000001551 0 0 0
1864329 3 828 0.0014995115 0.0000009314 0.0000000006 0 0 0
1865516 3 516 0.0000000000 0.0000000000 0.0000000000 0 0 0
1866375 3 922 0.0023282887 0.0000027105 0.0000000032 0 0 0
1868329 3 1531 0.1982870135 0.0001014775 0.0000000519 0 0 0
1870329 3 718 0.0069142136 0.0000034571 0.0000000017 0 0 0
1871454 3 515 0.0133333333 0.0000118519 0.0000000105 0 0 0
1872313 3 391 0.0305419555 0.0000355552 0.0000000414 0 0 0
1873375 3 922 0.4354897182 0.0004100656 0.0000003861 0 0 0
1875032 3 984 0.3579583282 0.0002160280 0.0000001304 0 0 0
1876579 4 10453 0.0000000000 0.0000000000 0.0000000000 0 0 0
1887985 3 1219 0.0876976433 0.0000076887 0.0000000007 0 0 0
1890110 3 2422 0.1081117183 0.0000508761 0.0000000239 0 0 0
1893297 3 516 0.0302285368 0.0000094850 0.0000000030 0 0 0
1894797 3 875 0.1999891376 0.0001333261 0.0000000889 0 0 0
1896000 3 485 0.0040136551 0.0000033364 0.0000000028 0 0 0
1896782 3 390 0.0000000000 0.0000000000 0.0000000000 0 0 0
1897766 3 875 0.1817712634 0.0001847269 0.0000001877 0 0 0
1898922 3 407 0.0000000000 0.0000000000 0.0000000000 0 0 0
1900141 3 1078 0.3590343165 0.0002945318 0.0000002416 0 0 0
1901469 3 500 0.0016837861 0.0000012679 0.0000000010 0 0 0
1902297 3 438 0.0012077295 0.0000014586 0.0000000018 0 0 0
1903688 3 844 0.6032685744 0.0004336942 0.0000003118 0 0 0
1905891 3 953 0.3660634309 0.0003660634 0.0000003661 0 0 0
1908532 3 1750 0.1671611015 0.0000632946 0.0000000240 0 0 0
1911860 3 1140 0.2530942600 0.0000760500 0.0000000229 0 0 0
1914110 3 1015 0.2816302718 0.0001251690 0.0000000556 0 0 0
1917329 3 1140 0.4637804182 0.0001440759 0.0000000448 0 0 0
1920438 3 1203 0.2461024931 0.0000791581 0.0000000255 0 0 0
1923000 3 1032 0.3542345446 0.0001382648 0.0000000540 0 0 0
1926204 3 1109 0.3740418474 0.0001167421 0.0000000364 0 0 0
1928954 3 1078 0.3994310985 0.0001452477 0.0000000528 0 0 0
1931016 3 1031 0.4441747066 0.0002154097 0.0000001045 0 0 0
1933110 3 2265 0.3570422634 0.0001705073 0.0000000814 0 0 0
1935907 3 1515 0.0012206698 0.0000004364 0.0000000002 0 0 0
1937782 3 2859 0.0000000000 0.0000000000 0.0000000000 0 0 0
1941204 3 984 0.1206635180 0.0000352611 0.0000000103 0 0 0
1943641 3 3797 0.4549338175 0.0001866778 0.0000000766 0 0 0
1949079 3 1046 0.1640216983 0.0000301621 0.0000000055 0 0 0
1951344 3 1985 0.4167377214 0.0001839902 0.0000000812 0 0 0
1953954 3 1296 0.0027441677 0.0000010514 0.0000000004 0 0 0
1956750 3 4079 0.2311441299 0.0000826696 0.0000000296 0 0 0
1962125 3 797 0.1191229717 0.0000221624 0.0000000041 0 0 0
1964407 3 1172 0.4474286773 0.0001960687 0.0000000859 0 0 0
1966954 3 2765 0.3162608724 0.0001241700 0.0000000488 0 0 0
1970657 3 3328 0.2267796075 0.0000612421 0.0000000165 0 0 0
1974485 3 906 0.0000000000 0.0000000000 0.0000000000 0 0 0
1976485 3 1172 0.4462252517 0.0002231126 0.0000001116 0 0 0
1979610 3 1109 0.3633003967 0.0001162561 0.0000000372 0 0 0
1981657 3 4812 0.3759871337 0.0001836772 0.0000000897 0 0 0
1987954 3 921 0.1707401863 0.0000271145 0.0000000043 0 0 0
1989891 3 922 0.5731365041 0.0002958887 0.0000001528 0 0 0
1991844 3 1297 0.4746727899 0.0002430480 0.0000001244 0 0 0
2016282 3 468 0.3527460556 0.0002821968 0.0000002258 0 0 0
2017235 3 781 0.2655696394 0.0002786670 0.0000002924 0 0 0
2018782 3 531 0.3503834302 0.0002264922 0.0000001464 0 0 0
2019782 3 1047 0.1886816681 0.0001886817 0.0000001887 0 0 0
2021579 3 953 0.3545662285 0.0001973101 0.0000001098 0 0 0
2023313 3 937 0.2489037873 0.0001435431 0.0000000828 0 0 0
2024922 3 969 0.2751327474 0.0001709961 0.0000001063 0 0 0
2026750 3 407 0.0397235723 0.0000217306 0.0000000119 0 0 0
2027829 3 1234 0.3842358174 0.0003561036 0.0000003300 0 0 0
2029907 3 531 0.2765322505 0.0001330762 0.0000000640 0 0 0
2031235 3 1094 0.3762679686 0.0002833343 0.0000002134 0 0 0
2033360 3 1453 0.1899448617 0.0000893858 0.0000000421 0 0 0
2035985 3 1390 0.2848915841 0.0001085301 0.0000000413 0 0 0
2039547 3 1703 0.0000000000 0.0000000000 0.0000000000 0 0 0
2042157 3 1015 0.2143071695 0.0000821100 0.0000000315 0 0 0
2043579 3 531 0.0000000000 0.0000000000 0.0000000000 0 0 0
2045266 3 1266 0.4203031007 0.0002491423 0.0000001477 0 0 0
2046860 3 1031 0.0000000000 0.0000000000 0.0000000000 0 0 0
2048922 3 532 0.0982041591 0.0000476257 0.0000000231 0 0 0
2050297 3 1532 0.2755848700 0.0002004254 0.0000001458 0 0 0
2052235 3 437 0.0005159959 0.0000002663 0.0000000001 0 0 0
2053860 3 1078 0.3688862214 0.0002270069 0.0000001397 0 0 0
2056188 3 781 0.1559452206 0.0000669868 0.0000000288 0 0 0
2058079 3 1046 0.2325409222 0.0001229725 0.0000000650 0 0 0
2060735 3 1078 0.2523191855 0.0001969705 0.0000001538 0 0 0
2062547 3 641 0.0790476500 0.0000436245 0.0000000241 0 0 0
2064469 3 922 0.2663028895 0.0001385551 0.0000000721 0 0 0
2066047 3 703 0.0897113590 0.0000568513 0.0000000360 0 0 0
2067594 3 875 0.4343090114 0.0002807427 0.0000001815 0 0 0
2068750 3 2516 0.0008650519 0.0000007483 0.0000000006 0 0 0
2071829 3 1078 0.0020274897 0.0000006585 0.0000000002 0 0 0
2073563 3 844 0.0818915802 0.0000472270 0.0000000272 0 0 0
2074938 3 656 0.0741142586 0.0000539013 0.0000000392 0 0 0
2076360 3 1047 0.3401866566 0.0002392311 0.0000001682 0 0 0
2079204 3 765 0.4032084995 0.0003307699 0.0000002713 0 0 0
2081641 3 1188 0.5161948202 0.0004234576 0.0000003474 0 0 0
2084250 3 2672 0.3131082532 0.0001200108 0.0000000460 0 0 0
2087985 3 875 0.1683835299 0.0000450826 0.0000000121 0 0 0
2092407 3 734 0.0077083690 0.0000017432 0.0000000004 0 0 0
2095204 3 1218 0.3168503063 0.0001132822 0.0000000405 0 0 0
2098719 3 1172 0.2250523127 0.0000640263 0.0000000182 0 0 0
2100344 3 969 0.0012307692 0.0000007574 0.0000000005 0 0 0
2101625 3 735 0.0007806401 0.0000006094 0.0000000005 0 0 0
2104219 3 985 0.0000000000 0.0000000000 0.0000000000 0 0 0
2105860 3 1094 0.0024375381 0.0000014854 0.0000000009 0 0 0
2108313 3 2437 0.3661453794 0.0001492643 0.0000000608 0 0 0
2111641 3 1094 0.0148253412 0.0000044547 0.0000000013 0 0 0
2114891 3 1016 0.3691059301 0.0001135711 0.0000000349 0 0 0
2117204 3 1109 0.2914576661 0.0001260085 0.0000000545 0 0 0
2119516 3 1094 0.4364670210 0.0001887833 0.0000000817 0 0 0
2121532 3 875 0.3992814458 0.0001980563 0.0000000982 0 0 0
2123891 3 1781 0.3468429289 0.0001470296 0.0000000623 0 0 0
2126610 3 2890 0.1849186506 0.0000680098 0.0000000250 0 0 0
2130563 3 4391 0.1802145965 0.0000455893 0.0000000115 0 0 0
2136172 3 1860 0.1691874319 0.0000301636 0.0000000054 0 0 0
2139282 3 2625 0.2970703245 0.0000955210 0.0000000307 0 0 0
2142594 3 4141 0.0030906002 0.0000009332 0.0000000003 0 0 0
2148094 3 1563 0.1813715563 0.0000329766 0.0000000060 0 0 0
2150797 3 1266 0.3185556331 0.0001178526 0.0000000436 0 0 0
2153641 3 2375 0.3088797955 0.0001086075 0.0000000382 0 0 0
2156532 3 2203 0.0021593361 0.0000007469 0.0000000003 0 0 0
2159891 3 2125 0.2358886373 0.0000702259 0.0000000209 0 0 0
2162954 3 1859 0.2870975766 0.0000937308 0.0000000306 0 0 0
2165875 3 922 0.2594712206 0.0000888296 0.0000000304 0 0 0
2167579 3 765 0.4281300354 0.0002512500 0.0000001474 0 0 0
2169125 3 2282 0.5658713876 0.0003660229 0.0000002368 0 0 0
2172579 3 921 0.3047094716 0.0000882193 0.0000000255 0 0 0
2174344 3 938 0.6184121541 0.0003503752 0.0000001985 0 0 0
2178313 4 6250 0.0000000000 0.0000000000 0.0000000000 0 0 0
2185454 0 125 0.0470787473 0.0000065927 0.0000000009 0 0 0
2187297 0 110 0.1707338222 0.0000926391 0.0000000503 0 0 0
2191157 0 125 0.8652012237 0.0004855226 0.0000002725 0 0 0
2198391 3 484 0.3304048689 0.0003111157 0.0000002930 0 0 0
2199375 3 485 0.2468600175 0.0002508740 0.0000002550 0 0 0
2200360 3 890 0.1528078446 0.0001551349 0.0000001575 0 0 0
2201907 3 515 0.2756162888 0.0001781618 0.0000001152 0 0 0
2202907 3 625 0.1649756064 0.0001649756 0.0000001650 0 0 0
2204391 3 797 0.3429635510 0.0002311075 0.0000001557 0 0 0
2205454 3 421 0.0000000000 0.0000000000 0.0000000000 0 0 0
2206344 3 500 0.2371864629 0.0002665016 0.0000002994 0 0 0
2207266 3 453 0.0000000000 0.0000000000 0.0000000000 0 0 0
2208188 3 1266 0.1129084155 0.0001224603 0.0000001328 0 0 0
2209782 3 281 0.0000000000 0.0000000000 0.0000000000 0 0 0
2210657 3 812 0.4677066327 0.0005345219 0.0000006109 0 0 0
2212063 3 969 0.2400536905 0.0001707352 0.0000001214 0 0 0
2213360 3 422 0.0007710100 0.0000005945 0.0000000005 0 0 0
2214579 3 3750 0.3248854617 0.0002665180 0.0000002186 0 0 0
2219329 3 906 0.1532523618 0.0000322637 0.0000000068 0 0 0
2221297 3 1532 0.2834910863 0.0001440503 0.0000000732 0 0 0
2223766 3 1000 0.2245846865 0.0000909618 0.0000000368 0 0 0
2226188 3 750 0.0069008302 0.0000072412 0.0000000076 0 0 0
2227829 3 359 0.0693111058 0.0001054964 0.0000001606 0 0 0
2228860 3 1031 0.4758058396 0.0004614994 0.0000004476 0 0 0
2230235 3 500 0.0000000000 0.0000000000 0.0000000000 0 0 0
2231954 3 359 0.1158028610 0.0001452984 0.0000001823 0 0 0
2232969 3 1031 0.4946384091 0.0004873285 0.0000004801 0 0 0
2234407 3 250 0.0013908206 0.0000009672 0.0000000007 0 0 0
2235297 3 1078 0.5557707423 0.0006244615 0.0000007016 0 0 0
2236688 3 1297 0.0000000000 0.0000000000 0.0000000000 0 0 0
2238407 3 328 0.0029086678 0.0000016921 0.0000000010 0 0 0
2239704 3 1062 0.5640430027 0.0004348828 0.0000003353 0 0 0
2242797 3 719 0.3861054949 0.0002630146 0.0000001792 0 0 0
2244344 3 1063 0.2345637662 0.0001516249 0.0000000980 0 0 0
2246594 3 985 0.2153964137 0.0000957317 0.0000000425 0 0 0
2248032 3 843 0.0023742793 0.0000016511 0.0000000011 0 0 0
2249438 3 422 0.0962414928 0.0000684506 0.0000000487 0 0 0
2250454 3 1125 0.3021459580 0.0002973878 0.0000002927 0 0 0
2252719 3 1203 0.2490977184 0.0001099769 0.0000000486 0 0 0
2254282 3 1203 0.0057581574 0.0000036840 0.0000000024 0 0 0
2255907 3 593 0.0260523615 0.0000160322 0.0000000099 0 0 0
2256813 3 375 0.0110375276 0.0000121827 0.0000000134 0 0 0
2257907 3 890 0.3426055848 0.0003131678 0.0000002863 0 0 0
2260547 3 953 0.3693335324 0.0002815042 0.0000002146 0 0 0
2262266 3 500 0.0595577767 0.0000346468 0.0000000202 0 0 0
2264813 3 2719 0.3360827258 0.0001319524 0.0000000518 0 0 0
2267938 3 2484 0.0007725483 0.0000002472 0.0000000001 0 0 0
2270750 3 516 0.0000000000 0.0000000000 0.0000000000 0 0 0
2272625 3 891 0.0000000000 0.0000000000 0.0000000000 0 0 0
2274125 3 1000 0.0006666667 0.0000004444 0.0000000003 0 0 0
2276766 3 1125 0.3868402406 0.0001464749 0.0000000555 0 0 0
2279266 3 1063 0.0000000000 0.0000000000 0.0000000000 0 0 0
2280719 3 422 0.0013764625 0.0000009473 0.0000000007 0 0 0
2281954 3 1218 0.4908071090 0.0003974147 0.0000003218 0 0 0
2284000 3 6657 0.0000000000 0.0000000000 0.0000000000 0 0 0
2292875 3 1110 0.1764049519 0.0000198766 0.0000000022 0 0 0
2298172 3 1063 0.2281128517 0.0000430645 0.0000000081 0 0 0
2299672 3 1985 0.0000000000 0.0000000000 0.0000000000 0 0 0
2302063 3 3219 0.0000000000 0.0000000000 0.0000000000 0 0 0
2306079 3 4296 0.0392192736 0.0000097658 0.0000000024 0 0 0
2310969 3 1360 0.0000000000 0.0000000000 0.0000000000 0 0 0
2313282 3 1218 0.1586905034 0.0000686081 0.0000000297 0 0 0
2319016 3 781 0.2749700809 0.0000479543 0.0000000084 0 0 0
2320969 3 5344 0.4036824626 0.0002066986 0.0000001058 0 0 0
2329079 3 1593 0.1135040792 0.0000139956 0.0000000017 0 0 0
2332188 3 969 0.2165523588 0.0000696534 0.0000000224 0 0 0
2333719 3 531 0.0013063357 0.0000008533 0.0000000006 0 0 0
2336579 3 1703 0.3873424875 0.0001354344 0.0000000474 0 0 0
2340172 3 1969 0.2381136607 0.0000662715 0.0000000184 0 0 0
2342641 3 984 0.0016200891 0.0000006562 0.0000000003 0 0 0
2345360 3 1187 0.2348661386 0.0000863796 0.0000000318 0 0 0
2348094 3 2641 0.1740086839 0.0000636462 0.0000000233 0 0 0
2351625 3 2313 0.0023829548 0.0000006749 0.0000000002 0 0 0
2355313 3 1703 0.2277213802 0.0000617466 0.0000000167 0 0 0
2358282 3 4062 0.2432366437 0.0000819254 0.0000000276 0 0 0
2363407 3 2328 0.1290446078 0.0000251794 0.0000000049 0 0 0
2366907 3 1484 0.2827579884 0.0000807880 0.0000000231 0 0 0
2369547 3 4422 0.2892693570 0.0001095717 0.0000000415 0 0 0
2374782 3 1031 0.1163531443 0.0000222260 0.0000000042 0 0 0
2376563 3 1312 0.4301844008 0.0002415409 0.0000001356 0 0 0
2378922 3 1594 0.3174773728 0.0001345813 0.0000000571 0 0 0
2381329 3 593 0.1004313872 0.0000417247 0.0000000173 0 0 0
2382813 3 1000 0.6216986569 0.0004189344 0.0000002823 0 0 0
2384782 3 984 0.4405351100 0.0002237355 0.0000001136 0 0 0
2386922 4 8032 0.0000000000 0.0000000000 0.0000000000 0 0 0
2396141 0 109 0.0439212944 0.0000047642 0.0000000005 0 0 0
2400719 3 500 0.3394456687 0.0001131486 0.0000000377 0 0 0
2401797 3 360 0.0404917289 0.0000375619 0.0000000348 0 0 0
2402766 0 109 0.6836590926 0.0007055305 0.0000007281 0 0 0
2404391 0 125 0.8975730307 0.0005523526 0.0000003399 0 0 0
2410547 0 110 0.2408534791 0.0000391250 0.0000000064 0 0 0
2412282 3 578 0.5799936011 0.0003342903 0.0000001927 0 0 0
2413407 3 547 0.3107840941 0.0002762525 0.0000002456 0 0 0
2414594 3 828 0.3612122205 0.0003043068 0.0000002564 0 0 0
2415844 3 485 0.0057941125 0.0000046353 0.0000000037 0 0 0
2416829 3 375 0.1486412881 0.0001509049 0.0000001532 0 0 0
2417875 3 782 0.2800075389 0.0002676936 0.0000002559 0 0 0
2419250 3 1032 0.3016465280 0.0002193793 0.0000001595 0 0 0
2420641 3 422 0.0067679465 0.0000048655 0.0000000035 0 0 0
2421875 3 1485 0.2976149529 0.0002411791 0.0000001954 0 0 0
2423813 3 266 0.0319292439 0.0000164754 0.0000000085 0 0 0
2424797 3 985 0.5374310523 0.0005461698 0.0000005551 0 0 0
2426297 3 875 0.0031001877 0.0000020668 0.0000000014 0 0 0
2427422 3 453 0.0198437139 0.0000176389 0.0000000157 0 0 0
2428329 3 640 0.1319659540 0.0001454972 0.0000001604 0 0 0
2429532 3 765 0.1529741080 0.0001271605 0.0000001057 0 0 0
2430657 3 1000 0.0053333333 0.0000047407 0.0000000042 0 0 0
2433204 3 703 0.3008177765 0.0003316624 0.0000003657 0 0 0
2435188 3 594 0.0000000000 0.0000000000 0.0000000000 0 0 0
2436360 3 828 0.3491017559 0.0002978684 0.0000002542 0 0 0
2437594 3 703 0.0137923540 0.0000111769 0.0000000091 0 0 0
2438688 3 531 0.0009140768 0.0000008355 0.0000000008 0 0 0
2440266 3 1250 0.4101302875 0.0002599051 0.0000001647 0 0 0
2441891 3 563 0.0012307692 0.0000007574 0.0000000005 0 0 0
2443860 3 1047 0.3915354933 0.0001988499 0.0000001010 0 0 0
2445141 3 625 0.0000000000 0.0000000000 0.0000000000 0 0 0
2446157 3 343 0.0000000000 0.0000000000 0.0000000000 0 0 0
2447204 3 937 0.7096330884 0.0006777775 0.0000006474 0 0 0
2449188 3 969 0.3606786679 0.0001817937 0.0000000916 0 0 0
2450454 3 468 0.0000000000 0.0000000000 0.0000000000 0 0 0
2451313 3 312 0.0000000000 0.0000000000 0.0000000000 0 0 0
2452672 3 828 0.6779440386 0.0004988551 0.0000003671 0 0 0
2454141 3 547 0.1694153211 0.0001153270 0.0000000785 0 0 0
2456907 3 843 0.3755858077 0.0002107664 0.0000001183 0 0 0
2458282 3 375 0.0335431922 0.0000243950 0.0000000177 0 0 0
2459766 3 1000 0.2788671052 0.0001879158 0.0000001266 0 0 0
2461797 3 875 0.3894771294 0.0001917662 0.0000000944 0 0 0
2463500 3 750 0.1644003426 0.0000965357 0.0000000567 0 0 0
2464563 3 484 0.0009407338 0.0000008850 0.0000000008 0 0 0
2465829 3 750 0.2208695482 0.0001744625 0.0000001378 0 0 0
2467735 3 875 0.2580706611 0.0001353991 0.0000000710 0 0 0
2469079 3 343 0.1363053850 0.0001014177 0.0000000755 0 0 0
2469704 3 468 0.0990533263 0.0001584853 0.0000002536 0 0 0
2470579 3 671 0.0064574646 0.0000073800 0.0000000084 0 0 0
2471579 3 312 0.0038284271 0.0000038284 0.0000000038 0 0 0
2472657 3 1031 0.5701318405 0.0005288793 0.0000004906 0 0 0
2473938 3 328 0.0045499041 0.0000035518 0.0000000028 0 0 0
2475047 3 1032 0.4673906171 0.0004214523 0.0000003800 0 0 0
2479266 3 5984 0.2281741630 0.0000540825 0.0000000128 0 0 0
2486469 3 1328 0.1272687649 0.0000176689 0.0000000025 0 0 0
2488641 3 1125 0.0004604052 0.0000002120 0.0000000001 0 0 0
2490235 3 531 0.0000000000 0.0000000000 0.0000000000 0 0 0
2491922 3 1094 0.4890963365 0.0002899208 0.0000001719 0 0 0
2493375 3 532 0.0006882312 0.0000004737 0.0000000003 0 0 0
2494360 3 844 0.0000000000 0.0000000000 0.0000000000 0 0 0
2497125 3 5000 0.3027854077 0.0001095065 0.0000000396 0 0 0
2503860 3 1250 0.2014366461 0.0000299089 0.0000000044 0 0 0
2505516 3 922 0.0000000000 0.0000000000 0.0000000000 0 0 0
2507500 3 844 0.3175682379 0.0001600646 0.0000000807 0 0 0
2509704 3 1109 0.2927906279 0.0001328451 0.0000000603 0 0 0
2512344 3 1047 0.4856567594 0.0001839609 0.0000000697 0 0 0
2514829 3 890 0.4474608858 0.0001800647 0.0000000725 0 0 0
2517563 3 828 0.2189609163 0.0000800881 0.0000000293 0 0 0
2519672 3 438 0.0022857143 0.0000026122 0.0000000030 0 0 0
2520735 3 2469 0.0000000000 0.0000000000 0.0000000000 0 0 0
2523704 3 812 0.0004763266 0.0000001604 0.0000000001 0 0 0
2525110 3 1703 0.0010058418 0.0000007154 0.0000000005 0 0 0
2527485 3 3875 0.1654888929 0.0000696795 0.0000000293 0 0 0
2531657 3 4890 0.0004793864 0.0000001149 0.0000000000 0 0 0
2538594 3 2344 0.1001460098 0.0000144365 0.0000000021 0 0 0
2541454 3 546 0.0003496503 0.0000001223 0.0000000000 0 0 0
2543907 3 1062 0.2892330013 0.0001179099 0.0000000481 0 0 0
2548297 3 1141 0.1270497172 0.0000289407 0.0000000066 0 0 0
2549844 3 860 0.0000000000 0.0000000000 0.0000000000 0 0 0
2551766 3 2063 0.2657460509 0.0001382654 0.0000000719 0 0 0
2555860 3 1937 0.2580148162 0.0000630227 0.0000000154 0 0 0
2559219 3 3735 0.1599046707 0.0000476048 0.0000000142 0 0 0
2565985 3 11265 0.1846743609 0.0000272945 0.0000000040 0 0 0
2579063 3 906 0.0682196007 0.0000052164 0.0000000004 0 0 0
2582360 3 984 0.2137768167 0.0000648398 0.0000000197 0 0 0
2584672 3 2063 0.2575767109 0.0001114086 0.0000000482 0 0 0
2587579 3 1187 0.2599545179 0.0000894236 0.0000000308 0 0 0
2590282 3 906 0.2871580540 0.0001062368 0.0000000393 0 0 0
2592500 3 907 0.4169465056 0.0001879831 0.0000000848 0 0 0
2595344 3 969 0.5284830587 0.0001858239 0.0000000653 0 0 0
2597219 3 969 0.4514931225 0.0002407963 0.0000001284 0 0 0
2599219 3 906 0.5104191794 0.0002552096 0.0000001276 0 0 0
2600141 4 9875 0.0000000000 0.0000000000 0.0000000000 0 0 0
2611110 0 109 0.0442882299 0.0000040376 0.0000000004 0 0 0
2613813 3 406 0.1259616855 0.0000466007 0.0000000172 0 0 0
2617329 0 125 0.4929723741 0.0003217835 0.0000002100 0 0 0
2620688 0 109 0.9263345743 0.0008593085 0.0000007971 0 0 0
2624500 0 110 0.7028956670 0.0004736494 0.0000003192 0 0 0
2626532 0 125 0.5088340107 0.0002504104 0.0000001232 0 0 0
2630000 3 563 0.2933706092 0.0001268904 0.0000000549 0 0 0
2633422 0 125 0.7503014959 0.0004287437 0.0000002450 0 0 0
2635657 0 109 0.7993345827 0.0003576441 0.0000001600 0 0 0
2641063 3 375 0.6902633000 0.0001752827 0.0000000445 0 0 0
2642547 3 344 0.0727953428 0.0000490535 0.0000000331 0 0 0
2644094 3 531 0.0979132621 0.0000632923 0.0000000409 0 0 0
2648954 0 109 0.5939435250 0.0001784150 0.0000000536 0 0 0
2651579 3 968 0.2599559395 0.0000990308 0.0000000377 0 0 0
2657563 3 687 0.5908229086 0.0002886287 0.0000001410 0 0 0
2662672 3 500 0.5022151724 0.0002201732 0.0000000965 0 0 0
2668532 3 468 0.7374994091 0.0003323567 0.0000001498 0 0 0
2672719 3 797 0.9509284040 0.0003558864 0.0000001332 0 0 0
2674516 0 125 0.5358863756 0.0002982117 0.0000001659 0 0 0
2676829 3 609 0.4802036703 0.0002076108 0.0000000898 0 0 0
2678610 0 125 0.9389227068 0.0005271885 0.0000002960 0 0 0
2681860 0 109 0.5207998218 0.0004272353 0.0000003505 0 0 0
2685110 3 687 0.2160457072 0.0000664756 0.0000000205 0 0 0
2687344 0 110 0.8607162024 0.0003852803 0.0000001725 0 0 0
2694469 3 18563 0.2519677278 0.0000485768 0.0000000094 0 0 0
2722000 0 125 0.1891872117 0.0000672785 0.0000000239 0 0 0
2725157 4 9375 0.0000000000 0.0000000000 0.0000000000 0 0 0
2735594 0 94 0.0740856089 0.0000070984 0.0000000007 0 0 0
2740000 0 110 0.4090697473 0.0002424835 0.0000001437 0 0 0
2748875 3 422 0.8266710965 0.0004408913 0.0000002351 0 0 0
2750125 3 750 0.2047869143 0.0001638295 0.0000001311 0 0 0
2751188 3 328 0.0054829982 0.0000051580 0.0000000049 0 0 0
2751954 3 703 0.1597573654 0.0002085605 0.0000002723 0 0 0
2752954 3 250 0.0000000000 0.0000000000 0.0000000000 0 0 0
2754047 3 1141 0.3095149236 0.0002831793 0.0000002591 0 0 0
2755954 3 812 0.1943935202 0.0001019368 0.0000000535 0 0 0
2757579 3 578 0.1829330662 0.0001125742 0.0000000693 0 0 0
2758750 3 1079 0.2899203665 0.0002475836 0.0000002114 0 0 0
2760172 3 688 0.0000000000 0.0000000000 0.0000000000 0 0 0
2762297 3 1141 0.3919430751 0.0001844438 0.0000000868 0 0 0
2763766 3 375 0.0076532612 0.0000052098 0.0000000035 0 0 0
2764954 3 1781 0.4865186742 0.0004095275 0.0000003447 0 0 0
2767766 3 875 0.2395512213 0.0000851889 0.0000000303 0 0 0
2769250 3 438 0.0326180350 0.0000219798 0.0000000148 0 0 0
2770500 3 1204 0.5307530735 0.0004246025 0.0000003397 0 0 0
2772125 3 610 0.0070998887 0.0000043692 0.0000000027 0 0 0
2773954 3 843 0.3091450040 0.0001690241 0.0000000924 0 0 0
2775875 3 813 0.2396625993 0.0001247593 0.0000000649 0 0 0
2777407 3 562 0.1905000952 0.0001243473 0.0000000812 0 0 0
2778500 3 1016 0.1641727789 0.0001502038 0.0000001374 0 0 0
2779954 3 1390 0.0041265475 0.0000028381 0.0000000020 0 0 0
2781829 3 671 0.0040836556 0.0000021779 0.0000000012 0 0 0
2783282 3 937 0.3330209196 0.0002291954 0.0000001577 0 0 0
2785266 3 906 0.2984963446 0.0001504518 0.0000000758 0 0 0
2786688 3 984 0.0101819330 0.0000071603 0.0000000050 0 0 0
2787969 3 375 0.0029886238 0.0000023330 0.0000000018 0 0 0
2789125 3 1782 0.4399175282 0.0003805515 0.0000003292 0 0 0
2791672 3 1797 0.2240733851 0.0000879754 0.0000000345 0 0 0
2793907 3 797 0.0027134206 0.0000012141 0.0000000005 0 0 0
2795063 3 250 0.1080357156 0.0000934565 0.0000000808 0 0 0
2795641 3 469 0.0798219974 0.0001381003 0.0000002389 0 0 0
2796938 3 1156 0.5680549289 0.0004379760 0.0000003377 0 0 0
2798469 3 578 0.0101101951 0.0000066037 0.0000000043 0 0 0
2799375 3 344 0.0110375276 0.0000121827 0.0000000134 0 0 0
2800657 3 859 0.5936877988 0.0004630950 0.0000003612 0 0 0
2801782 3 328 0.0057015232 0.0000050680 0.0000000045 0 0 0
2802860 3 984 0.3314651033 0.0003074815 0.0000002852 0 0 0
2804141 3 391 0.0048105212 0.0000037553 0.0000000029 0 0 0
2805375 3 688 0.2033439204 0.0001647844 0.0000001335 0 0 0
2807125 3 985 0.3822267147 0.0002184153 0.0000001248 0 0 0
2808969 3 2297 0.2974873225 0.0001613272 0.0000000875 0 0 0
2812407 3 2125 0.3060742937 0.0000890268 0.0000000259 0 0 0
2815813 3 969 0.2845523085 0.0000835444 0.0000000245 0 0 0
2818860 3 1094 0.3574021770 0.0001172964 0.0000000385 0 0 0
2820563 3 391 0.0008304249 0.0000004876 0.0000000003 0 0 0
2822172 3 1063 0.5128161984 0.0003187173 0.0000001981 0 0 0
2823625 3 1094 0.0000000000 0.0000000000 0.0000000000 0 0 0
2825172 3 1360 0.0099032501 0.0000064016 0.0000000041 0 0 0
2826985 3 328 0.0571987407 0.0000315492 0.0000000174 0 0 0
2828141 3 1547 0.5861696743 0.0005070672 0.0000004386 0 0 0
2833954 3 703 0.0375998405 0.0000108859 0.0000000032 0 0 0
2835110 3 3203 0.0087063106 0.0000075314 0.0000000065 0 0 0
2838844 3 844 0.0022074560 0.0000005912 0.0000000002 0 0 0
2841000 3 1297 0.4981319261 0.0002310445 0.0000001072 0 0 0
2844750 3 969 0.6591751453 0.0003057399 0.0000001418 0 0 0
2847360 3 1140 0.4764530005 0.0001825490 0.0000000699 0 0 0
2849969 3 828 0.3397760892 0.0001302323 0.0000000499 0 0 0
2852032 3 875 0.4592728773 0.0002226238 0.0000001079 0 0 0
2853797 3 875 0.3639155274 0.0002061844 0.0000001168 0 0 0
2855766 3 859 0.3755491535 0.0001907309 0.0000000969 0 0 0
2857688 3 1172 0.4823353258 0.0002509549 0.0000001306 0 0 0
2859750 3 938 0.2900524228 0.0001406656 0.0000000682 0 0 0
2863141 3 1156 0.2813750716 0.0000829770 0.0000000245 0 0 0
2865422 3 985 0.3548688598 0.0001555760 0.0000000682 0 0 0
2867329 3 906 0.3948222328 0.0002070384 0.0000001086 0 0 0
2869313 3 906 0.4880070823 0.0002459713 0.0000001240 0 0 0
2871516 3 813 0.6340534311 0.0002878136 0.0000001306 0 0 0
2873235 3 1140 0.5663938248 0.0003294903 0.0000001917 0 0 0
2875969 3 828 0.3527821735 0.0001290352 0.0000000472 0 0 0
2877719 3 797 0.6216417087 0.0003552238 0.0000002030 0 0 0
2879438 3 984 0.6842450319 0.0003980483 0.0000002316 0 0 0
2881344 4 18141 0.0000000000 0.0000000000 0.0000000000 0 0 0
2900657 0 93 0.0339707664 0.0000017590 0.0000000001 0 0 0
2902485 0 94 0.2068490005 0.0001131559 0.0000000619 0 0 0
2905125 0 125 0.2978570072 0.0001128246 0.0000000427 0 0 0
2906954 0 109 0.3012046553 0.0001646827 0.0000000900 0 0 0
2912860 0 94 0.1845636231 0.0000312502 0.0000000053 0 0 0
2914313 3 656 0.6090073272 0.0004191379 0.0000002885 0 0 0
2915563 3 578 0.1759029225 0.0001407223 0.0000001126 0 0 0
2916907 3 672 0.2991637009 0.0002225920 0.0000001656 0 0 0
2918000 3 1094 0.0031237087 0.0000028579 0.0000000026 0 0 0
2922360 3 984 0.2244425069 0.0001139881 0.0000000579 0 0 0
2923657 3 828 0.0000000000 0.0000000000 0.0000000000 0 0 0
2925000 3 360 0.0578405646 0.0000430682 0.0000000321 0 0 0
2926391 3 2672 0.3625200991 0.0002606183 0.0000001874 0 0 0
2929469 3 766 0.0000000000 0.0000000000 0.0000000000 0 0 0
2930704 3 359 0.0000000000 0.0000000000 0.0000000000 0 0 0
2931813 3 875 0.3000780753 0.0002705844 0.0000002440 0 0 0
2934297 3 907 0.0101767587 0.0000084595 0.0000000070 0 0 0
2936297 3 1407 0.2426459359 0.0001213230 0.0000000607 0 0 0
2938657 3 422 0.1607861024 0.0000681297 0.0000000289 0 0 0
2939563 3 984 0.2899133609 0.0003199927 0.0000003532 0 0 0
2941407 3 890 0.2318768671 0.0001257467 0.0000000682 0 0 0
2942579 3 703 0.0000000000 0.0000000000 0.0000000000 0 0 0
2943547 3 1453 0.0000000000 0.0000000000 0.0000000000 0 0 0
2945297 3 750 0.0000000000 0.0000000000 0.0000000000 0 0 0
2947047 3 1313 0.3747709290 0.0002141548 0.0000001224 0 0 0
2948688 3 750 0.0000000000 0.0000000000 0.0000000000 0 0 0
2949766 3 484 0.0000000000 0.0000000000 0.0000000000 0 0 0
2950907 3 781 0.1788572091 0.0001567548 0.0000001374 0 0 0
2952907 3 703 0.3414407505 0.0001707204 0.0000000854 0 0 0
2955125 3 1016 0.4905972441 0.0002211890 0.0000000997 0 0 0
2957250 3 1047 0.3638713448 0.0001712336 0.0000000806 0 0 0
2958610 3 687 0.0025104511 0.0000018459 0.0000000014 0 0 0
2960719 3 1078 0.3161907941 0.0001499245 0.0000000711 0 0 0
2963547 3 1016 0.3682029397 0.0002589332 0.0000001821 0 0 0
2965047 3 1360 0.0016094757 0.0000010730 0.0000000007 0 0 0
2967485 3 359 0.0000000000 0.0000000000 0.0000000000 0 0 0
2968469 3 1078 0.3775587981 0.0003836980 0.0000003899 0 0 0
2970875 3 282 0.0357843838 0.0000369673 0.0000000382 0 0 0
2972032 3 1156 0.3132017679 0.0002707016 0.0000002340 0 0 0
2973813 0 125 0.0123686048 0.0000069448 0.0000000039 0 0 0
2974422 3 282 0.0369810366 0.0000607242 0.0000000997 0 0 0
2975407 3 672 0.3538889040 0.0003592781 0.0000003647 0 0 0
2976454 3 578 0.0009551098 0.0000009122 0.0000000009 0 0 0
2977672 3 797 0.1548200761 0.0001271101 0.0000001044 0 0 0
2978844 3 313 0.0000000000 0.0000000000 0.0000000000 0 0 0
2979579 3 718 0.0057633578 0.0000078413 0.0000000107 0 0 0
2980719 3 656 0.0017543860 0.0000015389 0.0000000013 0 0 0
2981829 3 375 0.0000000000 0.0000000000 0.0000000000 0 0 0
2983969 3 1078 0.2846386103 0.0001330087 0.0000000622 0 0 0
2986141 3 1047 0.3539818012 0.0001629750 0.0000000750 0 0 0
2988391 3 2172 0.3527751078 0.0001567889 0.0000000697 0 0 0
2991610 3 1047 0.2660364811 0.0000826457 0.0000000257 0 0 0
2993735 3 922 0.3637995040 0.0001711998 0.0000000806 0 0 0
2995141 3 813 0.0527184150 0.0000374953 0.0000000267 0 0 0
2996969 3 1703 0.3628484731 0.0001984948 0.0000001086 0 0 0
2999625 3 938 0.2783264524 0.0001047916 0.0000000395 0 0 0
3001547 3 2063 0.3710349191 0.0001930463 0.0000001004 0 0 0
3005360 3 2453 0.2649524520 0.0000694866 0.0000000182 0 0 0
3008188 3 2187 0.0000000000 0.0000000000 0.0000000000 0 0 0
3010829 3 2750 0.0000000000 0.0000000000 0.0000000000 0 0 0
3014000 3 360 0.0006307159 0.0000001989 0.0000000001 0 0 0
3015719 3 1438 0.5516874012 0.0003209351 0.0000001867 0 0 0
3018438 3 1937 0.2549769340 0.0000937760 0.0000000345 0 0 0
3021625 3 1719 0.2622784247 0.0000822963 0.0000000258 0 0 0
3024329 3 812 0.3146035028 0.0001163474 0.0000000430 0 0 0
3026422 3 1203 0.5326511181 0.0002544917 0.0000001216 0 0 0
3028297 3 563 0.0553685243 0.0000295299 0.0000000157 0 0 0
3029407 3 578 0.0054054054 0.0000048697 0.0000000044 0 0 0
3030360 3 969 0.0000000000 0.0000000000 0.0000000000 0 0 0
3032438 3 1391 0.4328952298 0.0002083230 0.0000001003 0 0 0
3034969 3 1375 0.3671057223 0.0001450437 0.0000000573 0 0 0
3036907 3 2843 0.0000000000 0.0000000000 0.0000000000 0 0 0
3040922 3 875 0.1685776685 0.0000419870 0.0000000105 0 0 0
3042844 3 1031 0.4479483812 0.0002330637 0.0000001213 0 0 0
3044985 3 812 0.4448667438 0.0002077846 0.0000000971 0 0 0
3046938 3 2547 0.4979469832 0.0002549652 0.0000001306 0 0 0
3050657 3 1234 0.2539529615 0.0000682853 0.0000000184 0 0 0
3052407 3 1281 0.0057142857 0.0000032653 0.0000000019 0 0 0
3054641 3 1797 0.3776676186 0.0001690544 0.0000000757 0 0 0
3057157 3 890 0.3357766626 0.0001334565 0.0000000530 0 0 0
3059110 3 844 0.5871580182 0.0003006441 0.0000001539 0 0 0
3060391 4 8766 0.0000000000 0.0000000000 0.0000000000 0 0 0
3081532 0 125 0.2110547776 0.0000363074 0.0000000062 0 0 0
3083297 3 938 0.4595196379 0.0002603511 0.0000001475 0 0 0
3084625 3 579 0.0054488464 0.0000041030 0.0000000031 0 0 0
3086079 3 953 0.4083538213 0.0002808486 0.0000001932 0 0 0
3089063 3 1750 0.0984785946 0.0000330022 0.0000000111 0 0 0
3091204 3 750 0.0154891535 0.0000072345 0.0000000034 0 0 0
3093407 3 890 0.2333799025 0.0001059373 0.0000000481 0 0 0
3095907 3 1062 0.1214094389 0.0000485638 0.0000000194 0 0 0
3103547 0 94 0.2932558026 0.0000383843 0.0000000050 0 0 0
3105594 0 94 0.5074051990 0.0002478775 0.0000001211 0 0 0
3108422 0 125 0.3347509783 0.0001183702 0.0000000419 0 0 0
3113266 3 359 0.5628039806 0.0001615396 0.0000000464 0 0 0
3114250 3 688 0.3201744150 0.0003253805 0.0000003307 0 0 0
3115907 3 781 0.3592806485 0.0002168260 0.0000001309 0 0 0
3117735 3 984 0.2729824320 0.0001493339 0.0000000817 0 0 0
3119688 3 578 0.3290377625 0.0001684781 0.0000000863 0 0 0
3121516 3 1078 0.2997217962 0.0001639616 0.0000000897 0 0 0
3123657 3 484 0.1981323059 0.0000925419 0.0000000432 0 0 0
3124766 3 703 0.3144985392 0.0002835875 0.0000002557 0 0 0
3125860 3 406 0.0891754121 0.0000815132 0.0000000745 0 0 0
3127219 3 1000 0.2271329521 0.0001671324 0.0000001230 0 0 0
3128829 3 953 0.0034636591 0.0000021513 0.0000000013 0 0 0
3130125 3 422 0.0052688481 0.0000040655 0.0000000031 0 0 0
3131172 3 594 0.2909487773 0.0002778880 0.0000002654 0 0 0
3132672 3 985 0.3416840358 0.0002277894 0.0000001519 0 0 0
3134766 3 1000 0.1974662777 0.0000943010 0.0000000450 0 0 0
3136672 3 750 0.2438082623 0.0001279162 0.0000000671 0 0 0
3139188 3 953 0.4486074422 0.0003502010 0.0000002734 0 0 0
3140594 3 875 0.0035561878 0.0000025293 0.0000000018 0 0 0
3142547 3 750 0.4085132542 0.0002091722 0.0000001071 0 0 0
3143641 3 328 0.0109689214 0.0000100264 0.0000000092 0 0 0
3145485 3 2281 0.0000000000 0.0000000000 0.0000000000 0 0 0
3148266 3 2250 0.0000000000 0.0000000000 0.0000000000 0 0 0
3150891 3 859 0.0000000000 0.0000000000 0.0000000000 0 0 0
3152516 3 922 0.2957243597 0.0001819842 0.0000001120 0 0 0
3154454 3 906 0.3160773137 0.0001630946 0.0000000842 0 0 0
3156250 3 938 0.3880246622 0.0002160494 0.0000001203 0 0 0
3157625 3 297 0.0307519330 0.0000223650 0.0000000163 0 0 0
3158813 3 1156 0.8040524953 0.0006768119 0.0000005697 0 0 0
3160829 3 1140 0.2501002180 0.0001240576 0.0000000615 0 0 0
3162782 3 1968 0.0963859525 0.0000493528 0.0000000253 0 0 0
3166204 3 1140 0.2442418768 0.0000713740 0.0000000209 0 0 0
3168438 3 859 0.3411617940 0.0001527134 0.0000000684 0 0 0
3171141 3 938 0.4771094018 0.0001765111 0.0000000653 0 0 0
3173422 3 2000 0.3281703443 0.0001438713 0.0000000631 0 0 0
3176860 3 812 0.2131969420 0.0000620119 0.0000000180 0 0 0
3179563 3 1734 0.4201655677 0.0001554442 0.0000000575 0 0 0
3181782 3 1203 0.0000000000 0.0000000000 0.0000000000 0 0 0
3184204 3 1000 0.3274745081 0.0001352083 0.0000000558 0 0 0
3185579 3 625 0.0000000000 0.0000000000 0.0000000000 0 0 0
3186844 3 563 0.0754439976 0.0000596395 0.0000000471 0 0 0
3189594 3 1360 0.4256671290 0.0001547880 0.0000000563 0 0 0
3192688 3 1141 0.3093919756 0.0000999974 0.0000000323 0 0 0
3195047 3 1860 0.3120738492 0.0001322907 0.0000000561 0 0 0
3197344 3 3141 0.0000000000 0.0000000000 0.0000000000 0 0 0
3201688 3 1000 0.2183537042 0.0000502656 0.0000000116 0 0 0
3203579 3 3375 0.4411126872 0.0002332695 0.0000001234 0 0 0
3207985 3 1672 0.1204229789 0.0000273316 0.0000000062 0 0 0
3210532 3 1218 0.3524726461 0.0001383874 0.0000000543 0 0 0
3213047 3 875 0.4616041230 0.0001835404 0.0000000730 0 0 0
3214266 3 453 0.0000000000 0.0000000000 0.0000000000 0 0 0
3215141 3 500 0.0011428571 0.0000013061 0.0000000015 0 0 0
3215938 3 1766 0.0000000000 0.0000000000 0.0000000000 0 0 0
3218922 3 1688 0.3218259799 0.0001078505 0.0000000361 0 0 0
3221063 3 1062 0.0009341429 0.0000004363 0.0000000002 0 0 0
3223813 3 1031 0.3503903803 0.0001274147 0.0000000463 0 0 0
3225704 3 859 0.3893768224 0.0002059105 0.0000001089 0 0 0
3227547 3 1125 0.3359773707 0.0001822992 0.0000000989 0 0 0
3230313 3 1562 0.3177323053 0.0001148707 0.0000000415 0 0 0
3232875 3 1219 0.3620998693 0.0001413348 0.0000000552 0 0 0
3235422 3 1453 0.4394153614 0.0001725227 0.0000000677 0 0 0
3238047 3 1672 0.3941591982 0.0001501559 0.0000000572 0 0 0
3240829 3 921 0.3424853496 0.0001231076 0.0000000443 0 0 0
3242829 3 1328 0.3671787855 0.0001835894 0.0000000918 0 0 0
3244985 3 547 0.1066033317 0.0000494450 0.0000000229 0 0 0
3246407 3 828 0.5023658253 0.0003532812 0.0000002484 0 0 0
3248297 3 1016 0.5462406019 0.0002890162 0.0000001529 0 0 0
3252094 4 6844 0.0000000000 0.0000000000 0.0000000000 0 0 0
3259625 0 94 0.0225864791 0.0000029991 0.0000000004 0 0 0
3262032 0 125 0.4140152697 0.0001720047 0.0000000715 0 0 0
3263579 0 93 0.4739545062 0.0003063701 0.0000001980 0 0 0
3269719 0 125 0.1865339661 0.0000303801 0.0000000049 0 0 0
3272719 3 500 0.2091684153 0.0000697228 0.0000000232 0 0 0
3273938 3 516 0.6562635222 0.0005383622 0.0000004416 0 0 0
3275000 3 797 0.4515508874 0.0004251892 0.0000004004 0 0 0
3276422 3 438 0.2295025153 0.0001613942 0.0000001135 0 0 0
3277454 3 906 0.4083087702 0.0003956480 0.0000003834 0 0 0
3278688 3 500 0.0024311183 0.0000019701 0.0000000016 0 0 0
3279688 3 625 0.2207614444 0.0002207614 0.0000002208 0 0 0
3281141 3 891 0.2420152057 0.0001665624 0.0000001146 0 0 0
3283047 3 1985 0.3442432912 0.0001806103 0.0000000948 0 0 0
3285797 3 516 0.0878429846 0.0000319429 0.0000000116 0 0 0
3286875 3 1329 0.2305387166 0.0002138578 0.0000001984 0 0 0
3289079 3 1203 0.2811157972 0.0001275480 0.0000000579 0 0 0
3290579 3 843 0.0036094757 0.0000024063 0.0000000016 0 0 0
3292000 3 688 0.2240869045 0.0001576966 0.0000001110 0 0 0
3296329 3 1515 0.2820633356 0.0000843491 0.0000000252 0 0 0
3298766 3 688 0.0940497974 0.0000385924 0.0000000158 0 0 0
3300422 3 1453 0.2851249227 0.0001721769 0.0000001040 0 0 0
3302688 3 922 0.1497776350 0.0000660978 0.0000000292 0 0 0
3303875 2 563 0.0008424600 0.0000007097 0.0000000006 157 187 219
3305891 3 844 0.2527640055 0.0001253790 0.0000000622 0 0 0
3307016 3 422 0.0021459676 0.0000019075 0.0000000017 0 0 0
3307766 3 234 0.1681223499 0.0002241631 0.0000002989 0 0 0
3308875 3 813 0.5234662522 0.0004720165 0.0000004256 0 0 0
3310000 3 266 0.0062222222 0.0000055309 0.0000000049 0 0 0
3311016 3 750 0.3262292585 0.0003210918 0.0000003160 0 0 0
3312079 3 484 0.0086886811 0.0000081737 0.0000000077 0 0 0
3313485 3 922 0.2313223346 0.0001645251 0.0000001170 0 0 0
3315938 3 875 0.3794147547 0.0003372576 0.0000002998 0 0 0
3318032 3 922 0.3553861168 0.0001697164 0.0000000810 0 0 0
3319297 3 422 0.0176215556 0.0000139301 0.0000000110 0 0 0
3320735 3 656 0.5382582880 0.0003743104 0.0000002603 0 0 0
3323329 3 859 0.5403193751 0.0003325042 0.0000002046 0 0 0
3324547 3 328 0.0226134678 0.0000185661 0.0000000152 0 0 0
3325907 3 906 0.4333138239 0.0003186131 0.0000002343 0 0 0
3327250 3 438 0.0017976274 0.0000013385 0.0000000010 0 0 0
3328563 3 656 0.2198279847 0.0001674242 0.0000001275 0 0 0
3331047 3 3672 0.3145282875 0.0001266217 0.0000000510 0 0 0
3335422 3 3938 0.2081552246 0.0000475783 0.0000000109 0 0 0
3340000 3 3235 0.1034830617 0.0000226044 0.0000000049 0 0 0
3343922 3 766 0.0755788474 0.0000192705 0.0000000049 0 0 0
3347188 0 141 0.8199788788 0.0002510652 0.0000000769 0 0 0
3351219 3 1141 0.5527793694 0.0001371321 0.0000000340 0 0 0
3355719 3 938 0.2203467787 0.0000489660 0.0000000109 0 0 0
3358157 3 2875 0.4570663221 0.0001874759 0.0000000769 0 0 0
3362594 3 953 0.2508446139 0.0000565347 0.0000000127 0 0 0
3365844 3 3953 0.4298622032 0.0001322653 0.0000000407 0 0 0
3370422 3 625 0.0023278406 0.0000005085 0.0000000001 0 0 0
3373797 3 2203 0.3653306399 0.0001082461 0.0000000321 0 0 0
3376844 3 656 0.0000000000 0.0000000000 0.0000000000 0 0 0
3378047 3 828 0.0000000000 0.0000000000 0.0000000000 0 0 0
3379297 3 1063 0.0175659339 0.0000140527 0.0000000112 0 0 0
3380704 3 687 0.0000000000 0.0000000000 0.0000000000 0 0 0
3381907 3 562 0.4551925955 0.0003783812 0.0000003145 0 0 0
3384735 3 3031 0.2471372324 0.0000873894 0.0000000309 0 0 0
3390141 3 797 0.2140239381 0.0000395901 0.0000000073 0 0 0
3392610 3 781 0.4722908183 0.0001912883 0.0000000775 0 0 0
3394500 3 3985 0.4792864250 0.0002535907 0.0000001342 0 0 0
3400844 3 1328 0.0857246541 0.0000135127 0.0000000021 0 0 0
3402610 3 1406 0.0000000000 0.0000000000 0.0000000000 0 0 0
3408625 3 1250 0.4914595068 0.0000817057 0.0000000136 0 0 0
3411360 3 4297 0.3233185545 0.0001182152 0.0000000432 0 0 0
3417907 3 1437 0.1439635284 0.0000219892 0.0000000034 0 0 0
3419954 3 1359 0.0000000000 0.0000000000 0.0000000000 0 0 0
3422860 3 7765 0.3647595743 0.0001255195 0.0000000432 0 0 0
3431282 3 5031 0.0000000000 0.0000000000 0.0000000000 0 0 0
3437719 3 1781 0.0000000000 0.0000000000 0.0000000000 0 0 0
3441610 3 2344 0.3633893735 0.0000933923 0.0000000240 0 0 0
3444547 3 2282 0.0000000000 0.0000000000 0.0000000000 0 0 0
3448110 3 2375 0.2373946177 0.0000666277 0.0000000187 0 0 0
3451657 3 2015 0.2976245757 0.0000839088 0.0000000237 0 0 0
3455141 3 625 0.3289153954 0.0000944074 0.0000000271 0 0 0
3456422 3 5610 0.3466382925 0.0002705998 0.0000002112 0 0 0
3464469 3 2672 0.6034828524 0.0002904152 0.0000001398 0 0 0
3468485 3 2906 0.1669158130 0.0000415627 0.0000000103 0 0 0
3472250 3 2875 0.1747270451 0.0000464082 0.0000000123 0 0 0
3476047 3 2703 0.1598937111 0.0000421105 0.0000000111 0 0 0
3479235 3 703 0.0010709578 0.0000003359 0.0000000001 0 0 0
3481625 3 829 0.5410829823 0.0002263946 0.0000000947 0 0 0
3483360 3 922 0.5698253904 0.0003284296 0.0000001893 0 0 0
3485329 3 859 0.4796135215 0.0002435823 0.0000001237 0 0 0
3487235 3 797 0.3372875522 0.0001769609 0.0000000928 0 0 0
3488844 3 766 0.6006533605 0.0003733085 0.0000002320 0 0 0
3490641 3 1219 0.6037129880 0.0003359560 0.0000001870 0 0 0
3492907 3 1281 0.5353659243 0.0002362603 0.0000001043 0 0 0
3494688 4 8641 0.0000000000 0.0000000000 0.0000000000 0 0 0
3504188 0 109 0.0462956401 0.0000048732 0.0000000005 0 0 0
3505469 0 94 0.2775162405 0.0002166403 0.0000001691 0 0 0
3507625 0 94 0.2638002397 0.0001223563 0.0000000568 0 0 0
3508782 0 109 0.3121354439 0.0002697800 0.0000002332 0 0 0
3514500 0 110 0.2017105621 0.0000352764 0.0000000062 0 0 0
3516032 3 468 0.6126781966 0.0003999205 0.0000002610 0 0 0
3517313 3 1234 0.4210982575 0.0003287262 0.0000002566 0 0 0
3519547 3 594 0.2170375454 0.0000971520 0.0000000435 0 0 0
3520766 3 438 0.3348612515 0.0002747016 0.0000002253 0 0 0
3521985 3 672 0.3184998934 0.0002612797 0.0000002143 0 0 0
3523344 3 938 0.3807931079 0.0002802010 0.0000002062 0 0 0
3525032 3 734 0.3755311597 0.0002224711 0.0000001318 0 0 0
3527032 3 375 0.3411113874 0.0001705557 0.0000000853 0 0 0
3528047 3 719 0.4041914560 0.0003982182 0.0000003923 0 0 0
3529454 3 609 0.3883296792 0.0002759984 0.0000001962 0 0 0
3530438 3 359 0.1512401545 0.0001536993 0.0000001562 0 0 0
3531454 3 609 0.3464805190 0.0003410241 0.0000003357 0 0 0
3533047 3 969 0.3601120274 0.0002260590 0.0000001419 0 0 0
3534860 3 1609 0.3681655777 0.0002030698 0.0000001120 0 0 0
3537391 3 1281 0.2722662750 0.0001075726 0.0000000425 0 0 0
3539000 3 797 0.0000000000 0.0000000000 0.0000000000 0 0 0
3540375 3 313 0.0064206743 0.0000046696 0.0000000034 0 0 0
3541329 3 2015 0.1684789572 0.0001766027 0.0000001851 0 0 0
3543750 3 1110 0.0000000000 0.0000000000 0.0000000000 0 0 0
3545454 3 3312 0.0005868545 0.0000003444 0.0000000002 0 0 0
3549204 3 2453 0.0000000000 0.0000000000 0.0000000000 0 0 0
3551922 3 828 0.0008882316 0.0000003268 0.0000000001 0 0 0
3553579 3 1218 0.2364018809 0.0001426686 0.0000000861 0 0 0
3555157 3 1031 0.0049609804 0.0000031438 0.0000000020 0 0 0
3558735 3 500 0.3536647178 0.0000988442 0.0000000276 0 0 0
3560672 3 2688 0.1151173199 0.0000594307 0.0000000307 0 0 0
3564297 3 922 0.0598821547 0.0000165192 0.0000000046 0 0 0
3565704 3 531 0.0893908168 0.0000635329 0.0000000452 0 0 0
3567188 3 578 0.4239967987 0.0002857121 0.0000001925 0 0 0
3568219 3 547 0.0305808458 0.0000296613 0.0000000288 0 0 0
3570172 3 360 0.4150743776 0.0002125317 0.0000001088 0 0 0
3571110 3 1078 0.4467578990 0.0004762877 0.0000005078 0 0 0
3572547 3 563 0.0000000000 0.0000000000 0.0000000000 0 0 0
3573938 3 1234 0.3902140838 0.0002805277 0.0000002017 0 0 0
3575625 3 313 0.0076042840 0.0000045076 0.0000000027 0 0 0
3577094 3 891 0.7099042743 0.0004832568 0.0000003290 0 0 0
3580579 3 906 0.6408525845 0.0001838888 0.0000000528 0 0 0
3582516 3 1547 0.3003808412 0.0001550753 0.0000000801 0 0 0
3584735 3 922 0.0013519603 0.0000006093 0.0000000003 0 0 0
3586000 3 829 0.0011179554 0.0000008838 0.0000000007 0 0 0
3588782 3 437 0.1642323061 0.0001281063 0.0000000999 0 0 0
3590110 3 484 0.5087580497 0.0003831009 0.0000002885 0 0 0
3591360 3 969 0.5499805485 0.0004399844 0.0000003520 0 0 0
3592829 3 406 0.0253071013 0.0000172274 0.0000000117 0 0 0
3594438 3 828 0.3206371543 0.0001992773 0.0000001239 0 0 0
3596672 3 4875 0.4764119368 0.0002132551 0.0000000955 0 0 0
3603125 3 1079 0.1259796848 0.0000195227 0.0000000030 0 0 0
3605360 3 1078 0.5203250076 0.0002328076 0.0000001042 0 0 0
3607407 3 1312 0.5787059807 0.0002827093 0.0000001381 0 0 0
3609032 3 390 0.0086153846 0.0000053018 0.0000000033 0 0 0
3609860 3 1172 0.0000000000 0.0000000000 0.0000000000 0 0 0
3612313 3 1094 0.3886723400 0.0001584478 0.0000000646 0 0 0
3613891 3 828 0.0111384609 0.0000070586 0.0000000045 0 0 0
3615454 3 328 0.0381460417 0.0000244057 0.0000000156 0 0 0
3617110 3 2547 0.5217492158 0.0003150660 0.0000001903 0 0 0
3621407 3 1390 0.2539646835 0.0000591028 0.0000000138 0 0 0
3623688 3 937 0.0496706449 0.0000217758 0.0000000095 0 0 0
3625907 3 1750 0.4572946943 0.0002060814 0.0000000929 0 0 0
3628829 3 1500 0.3134656430 0.0001072778 0.0000000367 0 0 0
3631688 3 1031 0.3116585404 0.0001090096 0.0000000381 0 0 0
3634079 3 1093 0.6034935452 0.0002524022 0.0000001056 0 0 0
3636297 3 1953 0.4328396001 0.0001951486 0.0000000880 0 0 0
3639485 3 1250 0.3414891774 0.0001071171 0.0000000336 0 0 0
3641719 3 953 0.4031718489 0.0001804708 0.0000000808 0 0 0
3643391 3 1891 0.3896336723 0.0002330345 0.0000001394 0 0 0
3645688 3 750 0.0008707009 0.0000003791 0.0000000002 0 0 0
3647875 3 1063 0.5115951844 0.0002339256 0.0000001070 0 0 0
3650157 3 1390 0.3482735819 0.0001526177 0.0000000669 0 0 0
3652360 3 3844 0.2729581283 0.0001239029 0.0000000562 0 0 0
3657094 3 1516 0.1236961235 0.0000261293 0.0000000055 0 0 0
3659500 3 938 0.3319013642 0.0001379474 0.0000000573 0 0 0
3660985 3 922 0.0621969738 0.0000418835 0.0000000282 0 0 0
3662907 3 1187 0.3408531426 0.0001773429 0.0000000923 0 0 0
3664922 3 766 0.4872282164 0.0002418006 0.0000001200 0 0 0
3666454 3 937 0.4810386887 0.0003139939 0.0000002050 0 0 0
3668235 3 1031 0.5083149492 0.0002854099 0.0000001603 0 0 0
3669282 4 9078 0.0000000000 0.0000000000 0.0000000000 0 0 0
3679079 0 93 0.0214682585 0.0000021913 0.0000000002 0 0 0
3688094 0 110 0.9037014989 0.0005457135 0.0000003295 0 0 0
3690141 0 125 0.5523596166 0.0002698386 0.0000001318 0 0 0
