87.5146443515 13.5599858593
125.0000000000 15.0000000000
546.0714285714 71.6543930322
79.0714285714 19.8690868498
377.6428571429 55.0773574722
89.3571428571 18.0618269241
0.3186515914 0.2574232994
0.0001697428 0.0002177380
0.0000001308 0.0000002392

3354 0 93 0.5414593205 0.0001614369 0.0000000481 0 0 0
13197 0 78 0.1877924659 0.0000190788 0.0000000019 0 0 0
14804 0 63 0.5166631496 0.0003215079 0.0000002001 0 0 0
19765 0 62 0.5911053031 0.0001839158 0.0000000572 0 0 0
22932 4 8377 0.0000000000 0.0000000000 0.0000000000 0 0 0
33072 0 62 0.0996315785 0.0000098256 0.0000000010 0 0 0
44897 0 62 0.0501989044 0.0000253402 0.0000000128 0 0 0
45568 0 93 0.1616368955 0.0002408896 0.0000003590 0 0 0
45661 4 8144 0.0000000000 0.0000000000 0.0000000000 0 0 0
54319 0 63 0.0040339997 0.0000004659 0.0000000001 0 0 0
57736 0 93 0.0342556150 0.0000100251 0.0000000029 0 0 0
57829 4 7488 0.0000000000 0.0000000000 0.0000000000 0 0 0
70887 0 62 0.0287152853 0.0000021991 0.0000000002 0 0 0
78000 0 109 0.3024185339 0.0000425163 0.0000000060 0 0 0
80995 0 63 0.2609967399 0.0000871442 0.0000000291 0 0 0
93569 0 94 0.4199469624 0.0000333980 0.0000000027 0 0 0
94365 0 93 0.7751906040 0.0009738575 0.0000012234 0 0 0
96268 0 94 1.0202953065 0.0005361510 0.0000002817 0 0 0
100964 4 8330 0.0000000000 0.0000000000 0.0000000000 0 0 0
111135 0 78 0.0534889086 0.0000052590 0.0000000005 0 0 0
112071 0 78 0.1293503804 0.0001381949 0.0000001476 0 0 0
115378 0 78 0.4958037607 0.0001499255 0.0000000453 0 0 0
116283 0 78 0.7530019098 0.0008320463 0.0000009194 0 0 0
118935 0 109 0.0549271138 0.0000489111 0.0000000436 0 0 0
119185 4 6895 0.0000000000 0.0000000000 0.0000000000 0 0 0
126595 0 78 0.0194400677 0.0000026235 0.0000000004 0 0 0
132211 2 421 0.0577182503 0.0000102775 0.0000000018 62 296 63
137499 0 62 0.2573646334 0.0000486696 0.0000000092 0 0 0
138794 0 78 0.4298328699 0.0003319173 0.0000002563 0 0 0
140557 2 530 0.0309409552 0.0000319638 0.0000000330 109 327 94
141087 4 6381 0.0000000000 0.0000000000 0.0000000000 0 0 0
149308 0 94 0.1523419489 0.0000185308 0.0000000023 0 0 0
164425 0 78 0.0663123745 0.0000043866 0.0000000003 0 0 0
171336 0 78 0.3415392605 0.0000494197 0.0000000072 0 0 0
173426 0 78 0.6598061072 0.0003156967 0.0000001511 0 0 0
174549 0 94 0.8674526421 0.0007724422 0.0000006878 0 0 0
177872 0 94 0.2532732558 0.0000762183 0.0000000229 0 0 0
190602 4 34507 0.0000000000 0.0000000000 0.0000000000 0 0 0
226591 0 63 0.0320766434 0.0000008913 0.0000000000 0 0 0
227465 0 62 0.2830590358 0.0003238662 0.0000003706 0 0 0
229852 0 62 0.0797565725 0.0000334129 0.0000000140 0 0 0
233876 4 7504 0.0000000000 0.0000000000 0.0000000000 0 0 0
249087 4 26691 0.0000000000 0.0000000000 0.0000000000 0 0 0
279226 0 94 0.0296957547 0.0000009853 0.0000000000 0 0 0
288945 0 93 0.1968204277 0.0000202511 0.0000000021 0 0 0
291737 2 468 0.0528847510 0.0000916547 0.0000001588 63 358 47
292470 0 78 0.0428003230 0.0000583906 0.0000000797 0 0 0
292548 4 8097 0.0000000000 0.0000000000 0.0000000000 0 0 0
301518 2 547 0.1308762415 0.0000145904 0.0000000016 94 375 78
305746 0 78 0.1074494898 0.0000254138 0.0000000060 0 0 0
308897 0 110 0.0980393895 0.0000311137 0.0000000099 0 0 0
339302 4 17940 0.0000000000 0.0000000000 0.0000000000 0 0 0
363295 3 1529 0.0008674430 0.0000000362 0.0000000000 0 0 0
370346 0 78 0.5672631226 0.0000804514 0.0000000114 0 0 0
387054 0 78 0.1593730973 0.0000217812 0.0000000030 0 0 0
393372 0 109 0.1504646580 0.0000238152 0.0000000038 0 0 0
396679 0 94 0.4652363782 0.0001406823 0.0000000425 0 0 0
400907 0 93 0.3371899396 0.0000797516 0.0000000189 0 0 0
402950 4 52729 0.0000000000 0.0000000000 0.0000000000 0 0 0
457083 0 78 0.0259366794 0.0000004791 0.0000000000 0 0 0
458003 0 63 0.5057702134 0.0005497502 0.0000005976 0 0 0
476349 0 62 0.6420688469 0.0002338197 0.0000000851 0 0 0
517237 0 93 0.1029872228 0.0000025188 0.0000000001 0 0 0
523336 0 78 0.4431566327 0.0000989852 0.0000000221 0 0 0
532400 0 94 0.2830677526 0.0001745177 0.0000001076 0 0 0
535848 0 93 0.7325047910 0.0002124434 0.0000000616 0 0 0
537423 0 94 0.0019047619 0.0000012094 0.0000000008 0 0 0
538640 0 78 0.0322799467 0.0000265242 0.0000000218 0 0 0
539592 0 93 0.1964315663 0.0002063357 0.0000002167 0 0 0
542259 0 78 0.4873232440 0.0001827234 0.0000000685 0 0 0
547735 0 78 0.2335436552 0.0000426486 0.0000000078 0 0 0
552774 0 78 0.7267319494 0.0002740317 0.0000001033 0 0 0
574193 4 5491 0.0000000000 0.0000000000 0.0000000000 0 0 0
581821 0 94 0.1340981221 0.0000175797 0.0000000023 0 0 0
583381 4 5819 0.0000000000 0.0000000000 0.0000000000 0 0 0
589886 0 94 0.2029153690 0.0000311938 0.0000000048 0 0 0
594535 0 78 0.1854296201 0.0000398859 0.0000000086 0 0 0
596267 0 78 0.4327000839 0.0002498268 0.0000001442 0 0 0
600058 0 78 0.8506654068 0.0003063253 0.0000001103 0 0 0
615081 0 109 0.4094165620 0.0000531227 0.0000000069 0 0 0
615923 0 94 0.0000000000 0.0000000000 0.0000000000 0 0 0
622756 3 2979 0.2782276802 0.0000407182 0.0000000060 0 0 0
626391 0 78 0.4063767884 0.0001117955 0.0000000308 0 0 0
628091 0 94 0.2990895267 0.0001759350 0.0000001035 0 0 0
629121 0 78 0.0205742696 0.0000199750 0.0000000194 0 0 0
630649 0 94 0.8252332165 0.0005400741 0.0000003535 0 0 0
637545 0 78 0.4408950747 0.0000639349 0.0000000093 0 0 0
642568 2 452 0.0574045949 0.0000157230 0.0000000043 62 297 93
648621 0 78 0.2144431750 0.0000354276 0.0000000059 0 0 0
649432 0 78 0.9577632802 0.0011809658 0.0000014562 0 0 0
651569 0 78 0.3575532951 0.0001673155 0.0000000783 0 0 0
661928 0 78 0.2256766062 0.0000217856 0.0000000021 0 0 0
662801 0 78 0.5339004844 0.0006115699 0.0000007005 0 0 0
663784 0 94 0.5044447770 0.0005131686 0.0000005220 0 0 0
673269 0 78 0.3993714650 0.0000421056 0.0000000044 0 0 0
674891 4 7364 0.0000000000 0.0000000000 0.0000000000 0 0 0
684064 0 78 0.1088392237 0.0000118652 0.0000000013 0 0 0
687325 0 93 0.2854963162 0.0000875487 0.0000000268 0 0 0
690991 0 78 0.3418556540 0.0000932503 0.0000000254 0 0 0
692551 0 78 0.6637925229 0.0004255080 0.0000002728 0 0 0
695811 0 78 0.3422608885 0.0001049880 0.0000000322 0 0 0
696248 4 61527 0.0000000000 0.0000000000 0.0000000000 0 0 0
758695 0 78 0.0235519330 0.0000003772 0.0000000000 0 0 0
759912 0 93 0.6724291907 0.0005525301 0.0000004540 0 0 0
771269 0 109 0.3576000996 0.0000314872 0.0000000028 0 0 0
773593 0 78 0.5310486060 0.0002285063 0.0000000983 0 0 0
781300 0 109 0.3711323219 0.0000481552 0.0000000062 0 0 0
793733 0 109 0.3268698329 0.0000262905 0.0000000021 0 0 0
803889 0 78 0.0604158207 0.0000059488 0.0000000006 0 0 0
814559 0 94 0.3447433438 0.0002145260 0.0000001335 0 0 0
816493 0 110 0.8103364181 0.0004189950 0.0000002166 0 0 0
819161 0 94 0.2776333587 0.0001040605 0.0000000390 0 0 0
828053 0 109 0.1193681826 0.0000134242 0.0000000015 0 0 0
828708 4 79545 0.0000000000 0.0000000000 0.0000000000 0 0 0
909189 2 546 0.0128638839 0.0000001598 0.0000000000 47 374 125
916630 0 78 0.1507938160 0.0000202653 0.0000000027 0 0 0
917691 0 109 1.0241532424 0.0009652717 0.0000009098 0 0 0
919782 0 78 0.7284918332 0.0003483940 0.0000001666 0 0 0
920484 4 60122 0.0000000000 0.0000000000 0.0000000000 0 0 0
981854 0 94 0.0214547838 0.0000003496 0.0000000000 0 0 0
990934 0 78 0.3015436890 0.0001143510 0.0000000434 0 0 0
994257 0 109 0.4628855609 0.0001392975 0.0000000419 0 0 0
997314 0 78 0.4968325374 0.0002794334 0.0000001572 0 0 0
1039715 3 4072 0.1539242507 0.0000346208 0.0000000078 0 0 0
1078138 4 26084 0.0000000000 0.0000000000 0.0000000000 0 0 0
1177043 4 46395 0.0000000000 0.0000000000 0.0000000000 0 0 0
1225949 0 94 0.0259491350 0.0000005306 0.0000000000 0 0 0
1228336 0 109 0.9007346531 0.0003773501 0.0000001581 0 0 0
1253717 4 110948 0.0000000000 0.0000000000 0.0000000000 0 0 0
1375929 4 5647 0.0000000000 0.0000000000 0.0000000000 0 0 0
1383214 3 4711 0.0795242894 0.0000109162 0.0000000015 0 0 0
1389111 0 109 0.1341064391 0.0000227415 0.0000000039 0 0 0
1392277 0 78 0.9392713052 0.0005282741 0.0000002971 0 0 0
1393588 0 78 0.7513982606 0.0005731489 0.0000004372 0 0 0
1395195 0 93 0.4260537717 0.0002651237 0.0000001650 0 0 0
1395928 0 62 0.7066753607 0.0009640864 0.0000013153 0 0 0
1400686 0 109 0.2424839090 0.0000509634 0.0000000107 0 0 0
1406333 0 78 0.5771460468 0.0001022040 0.0000000181 0 0 0
1409079 3 624 0.1575361433 0.0000573693 0.0000000209 0 0 0
1415132 0 109 0.0781102364 0.0000476863 0.0000000291 0 0 0
1418907 0 109 0.6852392289 0.0001815203 0.0000000481 0 0 0
1425272 2 593 0.3129175271 0.0000491622 0.0000000077 93 406 94
1429577 0 110 0.4077088301 0.0001519601 0.0000000566 0 0 0
1430529 0 109 0.0031512605 0.0000033101 0.0000000035 0 0 0
1431403 0 78 0.1222435841 0.0001398668 0.0000001600 0 0 0
1434148 0 94 0.7984037540 0.0002908575 0.0000001060 0 0 0
1442635 0 78 0.2230814278 0.0000658835 0.0000000195 0 0 0
1448906 0 109 0.2876393609 0.0000801670 0.0000000223 0 0 0
1454725 3 1279 0.4978276501 0.0001957639 0.0000000770 0 0 0
1463882 4 103959 0.0000000000 0.0000000000 0.0000000000 0 0 0
1573816 3 3635 0.0117150952 0.0000001066 0.0000000000 0 0 0
1578667 0 78 0.2828518060 0.0000583079 0.0000000120 0 0 0
1583675 0 94 0.1648429580 0.0001124440 0.0000000767 0 0 0
1588293 0 93 0.3789655602 0.0005278072 0.0000007351 0 0 0
1589478 0 94 0.7137350805 0.0006023081 0.0000005083 0 0 0
1590492 0 94 0.5068443696 0.0004998465 0.0000004929 0 0 0
1591179 3 1887 0.6226510332 0.0009063334 0.0000013193 0 0 0
1598074 3 874 0.6081390311 0.0003749316 0.0000002312 0 0 0
1600632 1 110 0.8145927910 0.0003184491 0.0000001245 0 0 0
1604548 0 94 0.1397123169 0.0000356773 0.0000000091 0 0 0
1605796 0 109 0.5480015869 0.0004391038 0.0000003518 0 0 0
1606670 4 38922 0.0000000000 0.0000000000 0.0000000000 0 0 0
1671909 0 94 0.1826295784 0.0000177121 0.0000000017 0 0 0
1698695 4 7675 0.0000000000 0.0000000000 0.0000000000 0 0 0
1707462 0 94 0.0282357997 0.0000402219 0.0000000573 0 0 0
1711487 0 93 0.0668143802 0.0000701832 0.0000000737 0 0 0
1715200 0 93 0.0890045444 0.0000239711 0.0000000065 0 0 0
1718366 0 94 0.0289892299 0.0000091564 0.0000000029 0 0 0
1720238 0 94 0.0591426775 0.0000315933 0.0000000169 0 0 0
1723156 0 93 0.0368183508 0.0000126177 0.0000000043 0 0 0
1728881 0 109 0.2391568532 0.0000417741 0.0000000073 0 0 0
1756477 4 63961 0.0000000000 0.0000000000 0.0000000000 0 0 0
1856973 4 13650 0.0000000000 0.0000000000 0.0000000000 0 0 0
1883041 0 94 0.1201533814 0.0000046092 0.0000000002 0 0 0
1895272 0 109 0.3372739344 0.0000275753 0.0000000023 0 0 0
1896894 0 109 0.2938149337 0.0001811436 0.0000001117 0 0 0
1970916 0 94 0.0401429968 0.0000005423 0.0000000000 0 0 0
1979122 4 5210 0.0000000000 0.0000000000 0.0000000000 0 0 0
1984504 4 6521 0.0000000000 0.0000000000 0.0000000000 0 0 0
1993022 4 5288 0.0000000000 0.0000000000 0.0000000000 0 0 0
2005486 4 7675 0.0000000000 0.0000000000 0.0000000000 0 0 0
2031414 0 78 0.0888017261 0.0000034249 0.0000000001 0 0 0
2032677 0 78 0.7698526540 0.0006095429 0.0000004826 0 0 0
2035064 0 78 0.1930226637 0.0000808641 0.0000000339 0 0 0
2046951 0 78 0.3804603520 0.0000320064 0.0000000027 0 0 0
2049697 0 62 0.8366858226 0.0003046926 0.0000001110 0 0 0
2050805 0 109 0.0581574833 0.0000524887 0.0000000474 0 0 0
2051912 0 78 0.1080585445 0.0000976139 0.0000000882 0 0 0
2052614 4 5055 0.0000000000 0.0000000000 0.0000000000 0 0 0
2059603 0 78 0.3461020520 0.0000495210 0.0000000071 0 0 0
2077215 4 9875 0.0000000000 0.0000000000 0.0000000000 0 0 0
2097090 0 94 0.0990979769 0.0000049861 0.0000000003 0 0 0
2098962 0 78 0.3506528715 0.0001873146 0.0000001001 0 0 0
2101957 0 94 0.3303842471 0.0001103119 0.0000000368 0 0 0
2103346 0 78 0.6671657394 0.0004803209 0.0000003458 0 0 0
2105982 0 109 0.8279762470 0.0003141033 0.0000001192 0 0 0
2108088 2 484 0.5354357056 0.0002542430 0.0000001207 47 359 78
2110553 0 93 0.6661905593 0.0002702599 0.0000001096 0 0 0
2117355 0 109 0.4545411012 0.0000791746 0.0000000138 0 0 0
2125217 4 48766 0.0000000000 0.0000000000 0.0000000000 0 0 0
2175200 0 78 0.0202799724 0.0000004057 0.0000000000 0 0 0
2192360 4 7035 0.0000000000 0.0000000000 0.0000000000 0 0 0
2216977 0 109 0.1523530804 0.0000091873 0.0000000006 0 0 0
2226664 4 7379 0.0000000000 0.0000000000 0.0000000000 0 0 0
2235588 0 78 0.0639590220 0.0000071671 0.0000000008 0 0 0
2236851 0 94 0.6684031985 0.0005292187 0.0000004190 0 0 0
2269424 0 94 0.0922976707 0.0000028336 0.0000000001 0 0 0
2272934 0 94 0.3682809121 0.0001049233 0.0000000299 0 0 0
2286366 4 8845 0.0000000000 0.0000000000 0.0000000000 0 0 0
2372822 4 5179 0.0000000000 0.0000000000 0.0000000000 0 0 0
2386004 0 78 0.0652528880 0.0000049502 0.0000000004 0 0 0
2400387 4 57409 0.0000000000 0.0000000000 0.0000000000 0 0 0
2499198 0 109 0.1441747173 0.0000276727 0.0000000053 0 0 0
2553346 4 5101 0.0000000000 0.0000000000 0.0000000000 0 0 0
2567495 4 12995 0.0000000000 0.0000000000 0.0000000000 0 0 0
2588883 4 5647 0.0000000000 0.0000000000 0.0000000000 0 0 0
2595825 0 78 0.1124952111 0.0000162050 0.0000000023 0 0 0
2599148 0 109 0.4737698407 0.0001425729 0.0000000429 0 0 0
2643437 0 109 0.0649163067 0.0000014657 0.0000000000 0 0 0
2644342 0 78 0.4428329812 0.0004893182 0.0000005407 0 0 0
2645449 0 94 0.0672210347 0.0000607236 0.0000000549 0 0 0
2646713 0 93 0.3243949455 0.0002566416 0.0000002030 0 0 0
2694979 4 5975 0.0000000000 0.0000000000 0.0000000000 0 0 0
2704137 4 27565 0.0000000000 0.0000000000 0.0000000000 0 0 0
2778549 0 109 0.1848789342 0.0000170035 0.0000000016 0 0 0
2781373 0 93 0.4686864279 0.0001659654 0.0000000588 0 0 0
2786739 0 109 0.2698477337 0.0000502884 0.0000000094 0 0 0
2791123 0 78 0.3231697716 0.0000737157 0.0000000168 0 0 0
2793572 0 78 0.4341346418 0.0002898095 0.0000001935 0 0 0
2794695 0 94 0.3448506639 0.0003070798 0.0000002734 0 0 0
2796115 0 93 0.2369249184 0.0001668485 0.0000001175 0 0 0
2796676 4 38907 0.0000000000 0.0000000000 0.0000000000 0 0 0
2845770 0 78 0.1385653479 0.0000028224 0.0000000001 0 0 0
2850091 0 94 0.5665751895 0.0001931726 0.0000000659 0 0 0
2851698 0 94 0.0355059699 0.0000220946 0.0000000137 0 0 0
2852852 0 78 0.2174195780 0.0001884052 0.0000001633 0 0 0
2852930 4 12449 0.0000000000 0.0000000000 0.0000000000 0 0 0
2881479 4 10608 0.0000000000 0.0000000000 0.0000000000 0 0 0
2911696 0 94 0.1223712319 0.0000496435 0.0000000201 0 0 0
2958122 4 5491 0.0000000000 0.0000000000 0.0000000000 0 0 0
3020710 4 61386 0.0000000000 0.0000000000 0.0000000000 0 0 0
3083048 0 93 0.0087988041 0.0000001411 0.0000000000 0 0 0
3093890 0 109 0.2110482687 0.0000194658 0.0000000018 0 0 0
3102267 4 9516 0.0000000000 0.0000000000 0.0000000000 0 0 0
3122906 0 78 0.0703074497 0.0000034065 0.0000000002 0 0 0
3133997 0 94 0.1104599631 0.0000099594 0.0000000009 0 0 0
3134793 0 94 0.5204490401 0.0006538305 0.0000008214 0 0 0
3136041 0 78 0.1519637100 0.0001217658 0.0000000976 0 0 0
3136665 0 109 0.3462793375 0.0005549348 0.0000008893 0 0 0
3156805 0 93 0.1806785698 0.0000089711 0.0000000004 0 0 0
3183933 0 110 0.0781909147 0.0000028823 0.0000000001 0 0 0
3186414 0 93 0.3116618549 0.0001256194 0.0000000506 0 0 0
3188036 0 78 0.1978022853 0.0001219496 0.0000000752 0 0 0
3192623 0 93 0.0324460630 0.0000070735 0.0000000015 0 0 0
3201920 0 94 0.2257274029 0.0000242796 0.0000000026 0 0 0
3206023 4 60060 0.0000000000 0.0000000000 0.0000000000 0 0 0
3289530 4 5819 0.0000000000 0.0000000000 0.0000000000 0 0 0
3295630 4 7051 0.0000000000 0.0000000000 0.0000000000 0 0 0
3326908 4 68313 0.0000000000 0.0000000000 0.0000000000 0 0 0
3402023 0 93 0.0242473709 0.0000003228 0.0000000000 0 0 0
3405564 0 78 0.4176630927 0.0001179506 0.0000000333 0 0 0
3406328 0 94 0.3092105701 0.0004047259 0.0000005297 0 0 0
3407124 0 94 0.4367031984 0.0005486221 0.0000006892 0 0 0
3409636 0 78 0.2252193312 0.0000896574 0.0000000357 0 0 0
3410681 0 78 0.8243867783 0.0007888869 0.0000007549 0 0 0
3452442 0 63 0.0687279792 0.0000016457 0.0000000000 0 0 0
3453924 0 78 0.6023333719 0.0004064328 0.0000002742 0 0 0
3455001 2 671 0.2143052123 0.0001989835 0.0000001848 78 499 94
3456249 0 78 0.2003024617 0.0001604988 0.0000001286 0 0 0
3457403 0 94 0.3567302549 0.0003091250 0.0000002679 0 0 0
3460820 0 93 0.5301006925 0.0001551363 0.0000000454 0 0 0
3463908 0 94 0.5471183174 0.0001771756 0.0000000574 0 0 0
3465515 0 63 0.0515080194 0.0000320523 0.0000000199 0 0 0
3468339 0 93 0.8933483361 0.0008673285 0.0000008421 0 0 0
3470226 3 2746 0.9704620575 0.0005142883 0.0000002725 0 0 0
3473253 0 78 0.2594052189 0.0000856971 0.0000000283 0 0 0
3475094 0 78 0.3158052357 0.0001715401 0.0000000932 0 0 0
3478744 3 2012 0.7414255662 0.0002031303 0.0000000557 0 0 0
3481334 0 109 0.2056372798 0.0000793966 0.0000000307 0 0 0
3482738 0 93 0.9457515466 0.0006736122 0.0000004798 0 0 0
3483752 0 62 0.3482203803 0.0003434126 0.0000003387 0 0 0
3484781 0 78 0.5854032100 0.0005689050 0.0000005529 0 0 0
3490382 0 109 0.1319685527 0.0000235616 0.0000000042 0 0 0
3491443 0 62 0.5143188193 0.0004847491 0.0000004569 0 0 0
3493798 4 5725 0.0000000000 0.0000000000 0.0000000000 0 0 0
3503798 0 78 0.2575701654 0.0000257570 0.0000000026 0 0 0
3512471 4 14883 0.0000000000 0.0000000000 0.0000000000 0 0 0
3552891 0 94 0.0685623660 0.0000016962 0.0000000000 0 0 0
3556152 0 93 0.3856280201 0.0001182545 0.0000000363 0 0 0
3558273 0 110 0.0273083972 0.0000128752 0.0000000061 0 0 0
3559911 0 94 0.0916562978 0.0000559562 0.0000000342 0 0 0
3569240 0 78 0.0793668026 0.0000085075 0.0000000009 0 0 0
3584154 4 5273 0.0000000000 0.0000000000 0.0000000000 0 0 0
3599832 0 62 0.0918976988 0.0000058616 0.0000000004 0 0 0
3602999 0 93 0.6199514491 0.0001957535 0.0000000618 0 0 0
3603919 0 78 0.0507165802 0.0000551267 0.0000000599 0 0 0
3606946 3 3385 0.1974508649 0.0000652299 0.0000000215 0 0 0
3611829 0 78 0.1922114510 0.0000393634 0.0000000081 0 0 0
3622593 3 6832 0.4250273804 0.0000394860 0.0000000037 0 0 0
3638208 4 9657 0.0000000000 0.0000000000 0.0000000000 0 0 0
3656663 3 687 0.1754310515 0.0000095059 0.0000000005 0 0 0
3660906 0 63 0.5504502023 0.0001297314 0.0000000306 0 0 0
3665228 0 62 0.4614610842 0.0001382034 0.0000000414 0 0 0
3667552 0 78 0.6314246195 0.0002716973 0.0000001169 0 0 0
3672763 0 93 0.2139981516 0.0000410666 0.0000000079 0 0 0
3674276 0 93 0.0455416007 0.0000301002 0.0000000199 0 0 0
3678332 0 93 0.0000000000 0.0000000000 0.0000000000 0 0 0
3679829 0 78 0.0354729730 0.0000599206 0.0000001012 0 0 0
3690796 0 94 0.3280965165 0.0000388786 0.0000000046 0 0 0
3693635 0 94 0.2851919975 0.0001004551 0.0000000354 0 0 0
3695851 0 93 0.5988108059 0.0002702215 0.0000001219 0 0 0
3696771 0 94 0.3244943865 0.0003527113 0.0000003834 0 0 0
3697910 0 109 0.7286206644 0.0006397021 0.0000005616 0 0 0
3698924 1 140 0.1573141837 0.0001551422 0.0000001530 0 0 0
3699579 0 78 0.0704200030 0.0001075115 0.0000001641 0 0 0
3701607 0 78 0.9703265017 0.0004784647 0.0000002359 0 0 0
3702590 0 78 0.5499764939 0.0005594878 0.0000005692 0 0 0
3705554 0 94 0.5659653629 0.0001909465 0.0000000644 0 0 0
3707239 0 78 0.4385157002 0.0002602467 0.0000001544 0 0 0
3711856 0 78 0.4527507971 0.0000980617 0.0000000212 0 0 0
3717301 0 93 0.5452833160 0.0001001439 0.0000000184 0 0 0
3719766 2 624 0.0211241654 0.0000085696 0.0000000035 109 421 94
3721014 2 577 0.0464743590 0.0000372391 0.0000000298 93 375 109
3722386 2 656 0.0313765504 0.0000228692 0.0000000167 94 468 94
3723354 2 530 0.0561830215 0.0000580403 0.0000000600 78 358 94
3724165 2 546 0.0483656417 0.0000596370 0.0000000735 78 374 94
3726364 0 78 0.4521732012 0.0002056267 0.0000000935 0 0 0
