115.0754716981 14.9630770596
131.8181818182 12.3201105501
369.6153846154 78.1798109504
109.2307692308 23.0656382665
138.0000000000 73.1910040710
122.3846153846 25.0769230769
0.1474032317 0.1730440256
0.0000496094 0.0000808483
0.0000000256 0.0000000611

2932 0 94 0.2272705043 0.0000775138 0.0000000264 0 0 0
5319 0 141 0.7241126404 0.0003033568 0.0000001271 0 0 0
8767 0 125 0.6262680163 0.0001816323 0.0000000527 0 0 0
13494 0 124 0.2844484701 0.0000601753 0.0000000127 0 0 0
27503 4 25256 0.0000000000 0.0000000000 0.0000000000 0 0 0
64756 4 38095 0.0000000000 0.0000000000 0.0000000000 0 0 0
102867 4 7675 0.0000000000 0.0000000000 0.0000000000 0 0 0
111182 4 10608 0.0000000000 0.0000000000 0.0000000000 0 0 0
124800 4 12371 0.0000000000 0.0000000000 0.0000000000 0 0 0
141383 0 141 0.0308879043 0.0000018626 0.0000000001 0 0 0
158637 0 125 0.1049725052 0.0000079918 0.0000000006 0 0 0
162225 0 125 0.3123670491 0.0002706820 0.0000002346 0 0 0
166297 0 109 0.1350566944 0.0000331672 0.0000000081 0 0 0
174861 0 109 0.2860780123 0.0000334047 0.0000000039 0 0 0
178496 0 125 0.1407804591 0.0000387291 0.0000000107 0 0 0
178621 4 5413 0.0000000000 0.0000000000 0.0000000000 0 0 0
198948 0 124 0.1324759116 0.0000065172 0.0000000003 0 0 0
206420 4 9126 0.0000000000 0.0000000000 0.0000000000 0 0 0
218183 3 1232 0.0467034169 0.0000039704 0.0000000003 0 0 0
232004 4 7254 0.0000000000 0.0000000000 0.0000000000 0 0 0
239430 4 19313 0.0000000000 0.0000000000 0.0000000000 0 0 0
261161 0 93 0.0781852732 0.0000035979 0.0000000002 0 0 0
262300 0 109 0.1145922909 0.0001006078 0.0000000883 0 0 0
270381 4 211849 0.0000000000 0.0000000000 0.0000000000 0 0 0
484086 2 546 0.0018354739 0.0000000086 0.0000000000 110 327 109
487331 0 94 0.2969795203 0.0000915191 0.0000000282 0 0 0
488033 2 499 0.0042735043 0.0000060876 0.0000000087 125 265 109
488720 2 374 0.0000000000 0.0000000000 0.0000000000 93 109 172
489141 2 234 0.0000000000 0.0000000000 0.0000000000 62 109 63
489578 2 374 0.0000000000 0.0000000000 0.0000000000 93 172 109
490061 2 343 0.0000000000 0.0000000000 0.0000000000 125 109 109
490498 2 359 0.0000000000 0.0000000000 0.0000000000 109 125 125
490997 2 359 0.0000000000 0.0000000000 0.0000000000 125 94 140
491543 2 406 0.0000000000 0.0000000000 0.0000000000 125 140 141
493415 0 109 0.1623139012 0.0000867061 0.0000000463 0 0 0
523227 4 11248 0.0000000000 0.0000000000 0.0000000000 0 0 0
544225 4 27783 0.0000000000 0.0000000000 0.0000000000 0 0 0
572227 4 61308 0.0000000000 0.0000000000 0.0000000000 0 0 0
640696 0 109 0.0196771523 0.0000002874 0.0000000000 0 0 0
641944 4 6879 0.0000000000 0.0000000000 0.0000000000 0 0 0
650227 4 8549 0.0000000000 0.0000000000 0.0000000000 0 0 0
669197 0 109 0.0717607073 0.0000037829 0.0000000002 0 0 0
672754 0 125 0.0328537586 0.0000273553 0.0000000228 0 0 0
674408 2 296 0.3379764119 0.0002043388 0.0000001235 109 78 109
675203 3 655 0.0012578616 0.0000015822 0.0000000020 0 0 0
677340 2 359 0.3015008511 0.0001410860 0.0000000660 110 109 140
686045 0 109 0.3526449456 0.0000405106 0.0000000047 0 0 0
687824 1 124 0.0738063172 0.0000414875 0.0000000233 0 0 0
692940 4 46972 0.0000000000 0.0000000000 0.0000000000 0 0 0
742627 0 140 0.0694314755 0.0000013974 0.0000000000 0 0 0
750552 0 109 0.6099938627 0.0000769708 0.0000000097 0 0 0
750661 4 8549 0.0000000000 0.0000000000 0.0000000000 0 0 0
780129 0 125 0.1184105650 0.0000040183 0.0000000001 0 0 0
788210 4 14696 0.0000000000 0.0000000000 0.0000000000 0 0 0
806119 0 141 0.0665347231 0.0000037152 0.0000000002 0 0 0
809192 0 125 0.0440876239 0.0000143468 0.0000000047 0 0 0
825713 0 140 0.3398230474 0.0000205692 0.0000000012 0 0 0
839129 0 140 0.2981193668 0.0000222212 0.0000000017 0 0 0
842530 4 9765 0.0000000000 0.0000000000 0.0000000000 0 0 0
857194 0 109 0.1209872616 0.0000082506 0.0000000006 0 0 0
860470 4 22745 0.0000000000 0.0000000000 0.0000000000 0 0 0
885258 0 94 0.1027748579 0.0000041462 0.0000000002 0 0 0
892154 0 109 0.9475504326 0.0002748116 0.0000000797 0 0 0
895445 0 110 0.4002307358 0.0001216137 0.0000000370 0 0 0
897583 0 124 0.8279599130 0.0003872591 0.0000001811 0 0 0
898581 0 109 0.3131892664 0.0003138169 0.0000003144 0 0 0
903027 0 125 0.1365027794 0.0000307024 0.0000000069 0 0 0
907801 0 124 0.3662923603 0.0000767265 0.0000000161 0 0 0
907925 4 7832 0.0000000000 0.0000000000 0.0000000000 0 0 0
918939 0 109 0.0524115824 0.0000047586 0.0000000004 0 0 0
944461 0 140 0.2291260998 0.0000120981 0.0000000006 0 0 0
948876 0 109 0.4009515533 0.0000908158 0.0000000206 0 0 0
949749 0 125 0.3897531133 0.0004464526 0.0000005114 0 0 0
956333 0 140 0.0907248091 0.0000137796 0.0000000021 0 0 0
957659 0 109 0.1183526075 0.0000892554 0.0000000673 0 0 0
958735 0 140 0.2619941872 0.0002434890 0.0000002263 0 0 0
969468 0 109 0.0788847405 0.0000073497 0.0000000007 0 0 0
974741 0 109 0.1596933704 0.0001124601 0.0000000792 0 0 0
983773 0 125 0.3212170975 0.0000355643 0.0000000039 0 0 0
983898 4 5148 0.0000000000 0.0000000000 0.0000000000 0 0 0
990091 0 109 0.0135433274 0.0000021869 0.0000000004 0 0 0
991417 0 109 0.0451571206 0.0000340551 0.0000000257 0 0 0
991526 4 13432 0.0000000000 0.0000000000 0.0000000000 0 0 0
1005972 0 94 0.0094392623 0.0000006534 0.0000000000 0 0 0
1009435 0 109 0.2717376256 0.0000784688 0.0000000227 0 0 0
1009544 4 9641 0.0000000000 0.0000000000 0.0000000000 0 0 0
1025410 0 93 0.5575754517 0.0001547102 0.0000000429 0 0 0
1025503 4 16100 0.0000000000 0.0000000000 0.0000000000 0 0 0
1042882 0 140 0.0777724479 0.0000044751 0.0000000003 0 0 0
1046002 0 125 0.0000000000 0.0000000000 0.0000000000 0 0 0
1046610 4 19313 0.0000000000 0.0000000000 0.0000000000 0 0 0
1066750 0 140 0.0396151685 0.0000019670 0.0000000001 0 0 0
1069340 0 124 0.0000000000 0.0000000000 0.0000000000 0 0 0
1079012 0 109 0.0892948589 0.0000092323 0.0000000010 0 0 0
1083973 0 124 0.0000000000 0.0000000000 0.0000000000 0 0 0
1086188 0 140 0.4216990944 0.0001903833 0.0000000860 0 0 0
1088122 4 31840 0.0000000000 0.0000000000 0.0000000000 0 0 0
1124814 4 49686 0.0000000000 0.0000000000 0.0000000000 0 0 0
1175498 0 141 0.0150100355 0.0000002961 0.0000000000 0 0 0
1176310 4 34585 0.0000000000 0.0000000000 0.0000000000 0 0 0
1210957 4 9782 0.0000000000 0.0000000000 0.0000000000 0 0 0
1220785 4 45693 0.0000000000 0.0000000000 0.0000000000 0 0 0
1275043 4 5070 0.0000000000 0.0000000000 0.0000000000 0 0 0
1291251 4 5023 0.0000000000 0.0000000000 0.0000000000 0 0 0
1303232 0 109 0.1284144924 0.0000107182 0.0000000009 0 0 0
1305853 0 109 0.0369627042 0.0000141025 0.0000000054 0 0 0
1306633 4 8970 0.0000000000 0.0000000000 0.0000000000 0 0 0
1323434 0 125 0.1378582672 0.0000082054 0.0000000005 0 0 0
1324542 0 109 0.0077927921 0.0000070332 0.0000000063 0 0 0
1328130 0 125 0.2413788273 0.0000672739 0.0000000187 0 0 0
1337318 0 94 0.4415745632 0.0000792915 0.0000000142 0 0 0
1342919 0 93 0.0885659509 0.0000158125 0.0000000028 0 0 0
1353698 4 12855 0.0000000000 0.0000000000 0.0000000000 0 0 0
1371295 0 109 0.0084894598 0.0000004824 0.0000000000 0 0 0
1375320 0 109 0.4191927307 0.0001041473 0.0000000259 0 0 0
1376303 4 14820 0.0000000000 0.0000000000 0.0000000000 0 0 0
1391170 4 6302 0.0000000000 0.0000000000 0.0000000000 0 0 0
1400904 0 125 0.0791682930 0.0000081332 0.0000000008 0 0 0
1405725 4 7456 0.0000000000 0.0000000000 0.0000000000 0 0 0
1415631 4 6006 0.0000000000 0.0000000000 0.0000000000 0 0 0
1440138 0 110 0.0865744163 0.0000035326 0.0000000001 0 0 0
1446269 0 125 0.2073075443 0.0000338130 0.0000000055 0 0 0
1449327 0 125 0.0000000000 0.0000000000 0.0000000000 0 0 0
1451152 4 8674 0.0000000000 0.0000000000 0.0000000000 0 0 0
1475161 0 124 0.5680171002 0.0001193815 0.0000000251 0 0 0
1481494 0 125 0.0727902063 0.0000114938 0.0000000018 0 0 0
1502820 4 14898 0.0000000000 0.0000000000 0.0000000000 0 0 0
1522367 3 6208 0.0014328934 0.0000000733 0.0000000000 0 0 0
1539090 0 109 0.0599699218 0.0000150754 0.0000000038 0 0 0
1539932 4 5679 0.0000000000 0.0000000000 0.0000000000 0 0 0
1546328 0 94 0.0685303637 0.0000107146 0.0000000017 0 0 0
1549651 3 9625 0.3648743594 0.0001098027 0.0000000330 0 0 0
1562022 0 109 0.1703133156 0.0000925113 0.0000000503 0 0 0
1563332 4 9922 0.0000000000 0.0000000000 0.0000000000 0 0 0
1584393 3 2823 0.0525293923 0.0000049370 0.0000000005 0 0 0
1608042 0 141 0.0419049492 0.0000073998 0.0000000013 0 0 0
1610258 3 10311 0.4681747840 0.0002112702 0.0000000953 0 0 0
1624188 0 94 0.0313163562 0.0000022481 0.0000000002 0 0 0
1625296 3 530 0.0236872952 0.0000213784 0.0000000193 0 0 0
1626747 3 795 0.0449106726 0.0000309515 0.0000000213 0 0 0
1630132 1 125 0.0000000000 0.0000000000 0.0000000000 0 0 0
1635857 0 141 0.2838273247 0.0000812328 0.0000000232 0 0 0
1644391 0 124 0.0182673536 0.0000021405 0.0000000003 0 0 0
1645997 0 110 0.5803219239 0.0003613462 0.0000002250 0 0 0
1647916 0 94 0.2775215792 0.0001446178 0.0000000754 0 0 0
1652752 3 2699 0.0111918739 0.0000030663 0.0000000008 0 0 0
1657807 1 156 0.1737813962 0.0000343781 0.0000000068 0 0 0
1659679 0 109 0.1686360887 0.0000900834 0.0000000481 0 0 0
1662861 0 94 0.4517117080 0.0001419584 0.0000000446 0 0 0
1664889 0 125 0.0793895000 0.0000391467 0.0000000193 0 0 0
1669600 3 1124 0.0628679318 0.0000523463 0.0000000436 0 0 0
1677385 3 1700 0.0194457902 0.0000170727 0.0000000150 0 0 0
1682829 1 109 0.0138043488 0.0000062776 0.0000000029 0 0 0
1688336 0 109 0.3578302251 0.0001057106 0.0000000312 0 0 0
1689849 0 94 0.0973581381 0.0000643477 0.0000000425 0 0 0
1691050 4 5445 0.0000000000 0.0000000000 0.0000000000 0 0 0
1697290 0 94 0.1187946609 0.0000190376 0.0000000031 0 0 0
1702329 3 4462 0.2577919732 0.0000511594 0.0000000102 0 0 0
1715090 3 999 0.0236567784 0.0000099776 0.0000000042 0 0 0
1717399 3 1732 0.0312805426 0.0000135472 0.0000000059 0 0 0
1719973 0 94 0.0404611674 0.0000157192 0.0000000061 0 0 0
1720067 4 7035 0.0000000000 0.0000000000 0.0000000000 0 0 0
1736228 0 125 0.0756591878 0.0000156969 0.0000000033 0 0 0
1741439 0 109 0.2401121773 0.0000460779 0.0000000088 0 0 0
1743217 0 94 0.0806902438 0.0000453826 0.0000000255 0 0 0
1744574 4 6662 0.0000000000 0.0000000000 0.0000000000 0 0 0
1764402 0 94 0.0287269336 0.0000057191 0.0000000011 0 0 0
1768099 0 110 0.1080608834 0.0000292293 0.0000000079 0 0 0
1777959 3 1575 0.0715558200 0.0000126001 0.0000000022 0 0 0
1781578 3 2808 0.0872025636 0.0000240958 0.0000000067 0 0 0
1784994 0 109 0.0312196098 0.0000091392 0.0000000027 0 0 0
1793980 0 125 0.2575222355 0.0000286582 0.0000000032 0 0 0
1794183 4 5912 0.0000000000 0.0000000000 0.0000000000 0 0 0
1800641 4 11591 0.0000000000 0.0000000000 0.0000000000 0 0 0
1815648 0 94 0.0275972363 0.0000018390 0.0000000001 0 0 0
1816896 4 7847 0.0000000000 0.0000000000 0.0000000000 0 0 0
1827005 3 1124 0.0317781970 0.0000291009 0.0000000266 0 0 0
1830297 3 1529 0.0381993134 0.0000401253 0.0000000421 0 0 0
1833573 3 2465 0.0456377332 0.0000551847 0.0000000667 0 0 0
1836974 0 93 0.1281408456 0.0000376774 0.0000000111 0 0 0
1837754 3 3120 0.0385442245 0.0000494157 0.0000000634 0 0 0
1841529 0 109 0.0396791981 0.0000105110 0.0000000028 0 0 0
1848331 4 7238 0.0000000000 0.0000000000 0.0000000000 0 0 0
1872464 4 8050 0.0000000000 0.0000000000 0.0000000000 0 0 0
1881013 3 1357 0.0008464227 0.0000000990 0.0000000000 0 0 0
1883712 3 1513 0.1451152688 0.0000537663 0.0000000199 0 0 0
1893867 0 141 0.1420341119 0.0000464619 0.0000000152 0 0 0
1902837 3 5414 0.2107625793 0.0000390518 0.0000000072 0 0 0
1911246 3 3151 0.0639965039 0.0000076105 0.0000000009 0 0 0
1915926 3 2917 0.0999773004 0.0000213627 0.0000000046 0 0 0
1924444 3 2511 0.0140990272 0.0000071135 0.0000000036 0 0 0
1927876 0 93 0.0182966608 0.0000053312 0.0000000016 0 0 0
1935379 0 94 0.0564889101 0.0000348267 0.0000000215 0 0 0
1936378 0 109 0.0979221127 0.0000980201 0.0000000981 0 0 0
1939295 0 93 0.0484036693 0.0000256375 0.0000000136 0 0 0
1942212 1 125 0.0227293577 0.0000077920 0.0000000027 0 0 0
1943866 0 109 0.0564672645 0.0000341398 0.0000000206 0 0 0
1946424 3 3214 0.0358703899 0.0000140228 0.0000000055 0 0 0
1951260 3 1217 0.0545737205 0.0000112849 0.0000000023 0 0 0
1954895 0 94 0.0531738837 0.0000146283 0.0000000040 0 0 0
1955769 1 124 0.0000000000 0.0000000000 0.0000000000 0 0 0
1958873 0 125 0.1372439252 0.0000442152 0.0000000142 0 0 0
1962102 0 109 0.3209846565 0.0000994068 0.0000000308 0 0 0
1963381 0 110 0.1114827029 0.0000871640 0.0000000682 0 0 0
1964473 4 7176 0.0000000000 0.0000000000 0.0000000000 0 0 0
1972351 0 94 0.0403753290 0.0000051251 0.0000000007 0 0 0
1977031 0 110 0.0000000000 0.0000000000 0.0000000000 0 0 0
1978654 4 63321 0.0000000000 0.0000000000 0.0000000000 0 0 0
2044065 0 109 0.0534811341 0.0000008176 0.0000000000 0 0 0
2046702 4 32651 0.0000000000 0.0000000000 0.0000000000 0 0 0
2084703 0 94 0.0201603810 0.0000005305 0.0000000000 0 0 0
2086809 3 999 0.3016905311 0.0001432529 0.0000000680 0 0 0
2089212 1 140 0.0045330513 0.0000018864 0.0000000008 0 0 0
2092847 0 124 0.1065795420 0.0000293204 0.0000000081 0 0 0
2095046 0 109 0.6462225645 0.0002938711 0.0000001336 0 0 0
2097480 0 93 0.0631816667 0.0000259580 0.0000000107 0 0 0
2098400 4 9392 0.0000000000 0.0000000000 0.0000000000 0 0 0
2111941 1 141 0.0556225139 0.0000161365 0.0000000047 0 0 0
2114921 0 109 0.0937487270 0.0000314593 0.0000000106 0 0 0
2116668 4 23416 0.0000000000 0.0000000000 0.0000000000 0 0 0
2142424 0 125 0.0000000000 0.0000000000 0.0000000000 0 0 0
2143843 0 141 0.0000000000 0.0000000000 0.0000000000 0 0 0
2146371 4 16582 0.0000000000 0.0000000000 0.0000000000 0 0 0
2163031 4 50950 0.0000000000 0.0000000000 0.0000000000 0 0 0
2216883 0 109 0.0178282734 0.0000003311 0.0000000000 0 0 0
2222062 0 125 0.3251766520 0.0000627875 0.0000000121 0 0 0
2223076 4 11981 0.0000000000 0.0000000000 0.0000000000 0 0 0
2240470 4 12059 0.0000000000 0.0000000000 0.0000000000 0 0 0
2256772 4 5710 0.0000000000 0.0000000000 0.0000000000 0 0 0
2263418 4 47409 0.0000000000 0.0000000000 0.0000000000 0 0 0
2311638 0 125 0.0098190190 0.0000002036 0.0000000000 0 0 0
2313666 0 125 0.0967793422 0.0000477216 0.0000000235 0 0 0
2321653 2 359 0.2175473522 0.0001003447 0.0000000463 156 63 140
2324929 2 297 0.0167867193 0.0000051242 0.0000000016 78 94 125
2329313 3 484 0.0514032730 0.0000117252 0.0000000027 0 0 0
2330842 0 109 0.0493484178 0.0000322750 0.0000000211 0 0 0
2331809 4 12808 0.0000000000 0.0000000000 0.0000000000 0 0 0
2356410 0 125 0.1058140290 0.0000128712 0.0000000016 0 0 0
2361480 1 141 0.1227608384 0.0000242132 0.0000000048 0 0 0
2362526 0 93 0.4613846135 0.0004410943 0.0000004217 0 0 0
2366706 0 125 0.2705977590 0.0000647363 0.0000000155 0 0 0
2370996 0 94 0.1537475093 0.0000358386 0.0000000084 0 0 0
2371090 4 10967 0.0000000000 0.0000000000 0.0000000000 0 0 0
2392259 0 94 0.2319217716 0.0000109557 0.0000000005 0 0 0
2394053 4 12449 0.0000000000 0.0000000000 0.0000000000 0 0 0
2413912 4 35865 0.0000000000 0.0000000000 0.0000000000 0 0 0
2450838 0 140 0.0133545683 0.0000003617 0.0000000000 0 0 0
2461290 3 1950 0.1455397237 0.0000139246 0.0000000013 0 0 0
2465205 0 94 0.0157341424 0.0000040189 0.0000000010 0 0 0
2467233 1 125 0.0304557780 0.0000150176 0.0000000074 0 0 0
2469511 1 140 0.0613271724 0.0000269215 0.0000000118 0 0 0
2473177 0 94 0.1428687953 0.0000847886 0.0000000503 0 0 0
2475501 4 6147 0.0000000000 0.0000000000 0.0000000000 0 0 0
2497981 0 125 0.0214888063 0.0000035233 0.0000000006 0 0 0
2500072 0 124 0.0650327193 0.0000311013 0.0000000149 0 0 0
2500196 4 7067 0.0000000000 0.0000000000 0.0000000000 0 0 0
2508028 0 124 0.0174075833 0.0000022226 0.0000000003 0 0 0
2544984 4 6194 0.0000000000 0.0000000000 0.0000000000 0 0 0
2556357 4 16926 0.0000000000 0.0000000000 0.0000000000 0 0 0
2575670 0 109 0.1675203630 0.0000086740 0.0000000004 0 0 0
2576684 0 125 0.0000000000 0.0000000000 0.0000000000 0 0 0
2581426 4 18439 0.0000000000 0.0000000000 0.0000000000 0 0 0
2599928 4 12121 0.0000000000 0.0000000000 0.0000000000 0 0 0
2616043 4 8845 0.0000000000 0.0000000000 0.0000000000 0 0 0
2647586 4 19188 0.0000000000 0.0000000000 0.0000000000 0 0 0
2678537 4 5304 0.0000000000 0.0000000000 0.0000000000 0 0 0
2714261 4 9984 0.0000000000 0.0000000000 0.0000000000 0 0 0
2741046 0 110 0.0735645421 0.0000027465 0.0000000001 0 0 0
2748160 0 109 0.2753144426 0.0000387004 0.0000000054 0 0 0
2752856 0 109 0.1704378427 0.0000362943 0.0000000077 0 0 0
2770655 4 15569 0.0000000000 0.0000000000 0.0000000000 0 0 0
2787176 4 13525 0.0000000000 0.0000000000 0.0000000000 0 0 0
2818251 0 109 0.2063209002 0.0000066394 0.0000000002 0 0 0
2820248 0 94 0.4439396790 0.0002223033 0.0000001113 0 0 0
2824772 4 14025 0.0000000000 0.0000000000 0.0000000000 0 0 0
2841589 4 16942 0.0000000000 0.0000000000 0.0000000000 0 0 0
2862899 0 125 0.2243674535 0.0000105287 0.0000000005 0 0 0
2864022 0 109 0.0000000000 0.0000000000 0.0000000000 0 0 0
2865598 0 109 0.0000000000 0.0000000000 0.0000000000 0 0 0
2866877 4 10280 0.0000000000 0.0000000000 0.0000000000 0 0 0
2884770 4 12028 0.0000000000 0.0000000000 0.0000000000 0 0 0
2896845 4 24929 0.0000000000 0.0000000000 0.0000000000 0 0 0
2924394 0 110 0.0206640532 0.0000007501 0.0000000000 0 0 0
2924504 4 24726 0.0000000000 0.0000000000 0.0000000000 0 0 0
2958106 4 11357 0.0000000000 0.0000000000 0.0000000000 0 0 0
2971351 0 140 0.0357909448 0.0000027022 0.0000000002 0 0 0
2973051 4 15039 0.0000000000 0.0000000000 0.0000000000 0 0 0
2993877 0 125 0.0307081705 0.0000014745 0.0000000001 0 0 0
3002754 4 17737 0.0000000000 0.0000000000 0.0000000000 0 0 0
3021411 0 125 0.0299315688 0.0000016043 0.0000000001 0 0 0
3023361 4 13697 0.0000000000 0.0000000000 0.0000000000 0 0 0
3051660 0 125 0.3669146745 0.0001199852 0.0000000392 0 0 0
3062814 0 109 0.3651190329 0.0000486566 0.0000000065 0 0 0
3063594 0 140 0.0000000000 0.0000000000 0.0000000000 0 0 0
3064951 0 94 0.1394429238 0.0001027582 0.0000000757 0 0 0
3087821 0 125 0.0958177988 0.0000051484 0.0000000003 0 0 0
3090582 4 50919 0.0000000000 0.0000000000 0.0000000000 0 0 0
3142375 4 49733 0.0000000000 0.0000000000 0.0000000000 0 0 0
3192139 4 176687 0.0000000000 0.0000000000 0.0000000000 0 0 0
3368872 4 5180 0.0000000000 0.0000000000 0.0000000000 0 0 0
3375674 4 47066 0.0000000000 0.0000000000 0.0000000000 0 0 0
3429463 4 14664 0.0000000000 0.0000000000 0.0000000000 0 0 0
3452349 4 5116 0.0000000000 0.0000000000 0.0000000000 0 0 0
3480507 4 18361 0.0000000000 0.0000000000 0.0000000000 0 0 0
3507542 4 6037 0.0000000000 0.0000000000 0.0000000000 0 0 0
3514655 0 125 0.0641307785 0.0000090160 0.0000000013 0 0 0
3531862 0 125 0.1196940892 0.0000069561 0.0000000004 0 0 0
3534779 4 31201 0.0000000000 0.0000000000 0.0000000000 0 0 0
3565995 4 7785 0.0000000000 0.0000000000 0.0000000000 0 0 0
3573842 4 5601 0.0000000000 0.0000000000 0.0000000000 0 0 0
3581783 0 124 0.1425616317 0.0000179526 0.0000000023 0 0 0
3587898 4 9609 0.0000000000 0.0000000000 0.0000000000 0 0 0
3597523 4 10374 0.0000000000 0.0000000000 0.0000000000 0 0 0
3610877 4 12417 0.0000000000 0.0000000000 0.0000000000 0 0 0
3624418 4 5163 0.0000000000 0.0000000000 0.0000000000 0 0 0
3646071 4 9360 0.0000000000 0.0000000000 0.0000000000 0 0 0
3655446 4 8471 0.0000000000 0.0000000000 0.0000000000 0 0 0
3682965 0 140 0.0286597616 0.0000010415 0.0000000000 0 0 0
3691857 0 140 0.4397945950 0.0000494596 0.0000000056 0 0 0
3694244 0 124 0.8264878329 0.0003462454 0.0000001451 0 0 0
