115.8734177215 15.5688483909
148.7500000000 17.5552698641
296.7500000000 37.1172129880
91.6250000000 21.2363927022
89.8750000000 21.6242774446
115.2500000000 21.8560632320
0.1625482971 0.1360882639
0.0000537260 0.0000739743
0.0000000292 0.0000000691

6156 3 2031 0.1665786007 0.0000270596 0.0000000044 0 0 0
25187 0 110 0.2609956512 0.0000462758 0.0000000082 0 0 0
30672 0 109 0.3265133883 0.0000595284 0.0000000109 0 0 0
32094 0 93 0.0937062007 0.0000658975 0.0000000463 0 0 0
33375 0 94 0.0422723674 0.0000329995 0.0000000258 0 0 0
34109 2 235 0.2421308823 0.0003298786 0.0000004494 78 78 79
38906 0 94 0.3101334078 0.0000646515 0.0000000135 0 0 0
39812 0 110 0.0022075055 0.0000024365 0.0000000027 0 0 0
48281 0 109 0.1524592404 0.0000376722 0.0000000093 0 0 0
55390 0 141 0.2037044318 0.0000286544 0.0000000040 0 0 0
58109 0 110 0.4653584287 0.0001711506 0.0000000629 0 0 0
68390 0 94 0.2867777271 0.0000278940 0.0000000027 0 0 0
72515 0 125 0.2236802777 0.0000542255 0.0000000131 0 0 0
79281 0 109 0.2904597391 0.0000815440 0.0000000229 0 0 0
85047 4 39125 0.0000000000 0.0000000000 0.0000000000 0 0 0
126015 0 125 0.0083874154 0.0000002047 0.0000000000 0 0 0
132703 0 141 0.4021939982 0.0000601367 0.0000000090 0 0 0
143297 0 93 0.2505175332 0.0000335410 0.0000000045 0 0 0
145031 1 125 0.0017301038 0.0000009978 0.0000000006 0 0 0
146515 0 94 0.0963218090 0.0000649069 0.0000000437 0 0 0
152844 2 343 0.2392168273 0.0000377969 0.0000000060 125 93 125
155922 2 328 0.1507192821 0.0000489666 0.0000000159 109 78 141
160172 0 109 0.0950271452 0.0000223593 0.0000000053 0 0 0
160875 0 125 0.0000000000 0.0000000000 0.0000000000 0 0 0
165328 0 109 0.3797834676 0.0000852871 0.0000000192 0 0 0
166578 0 109 0.2422848024 0.0001938278 0.0000001551 0 0 0
170859 4 17172 0.0000000000 0.0000000000 0.0000000000 0 0 0
188797 0 140 0.0243001614 0.0000013547 0.0000000001 0 0 0
194765 0 125 0.0861825452 0.0000144408 0.0000000024 0 0 0
198031 2 266 0.2566060969 0.0000785689 0.0000000241 94 78 94
200109 0 94 0.1330217169 0.0000640143 0.0000000308 0 0 0
201890 4 5141 0.0000000000 0.0000000000 0.0000000000 0 0 0
209515 2 297 0.0584791103 0.0000076694 0.0000000010 94 63 140
212969 4 13265 0.0000000000 0.0000000000 0.0000000000 0 0 0
227953 0 141 0.0250923431 0.0000016746 0.0000000001 0 0 0
239375 0 109 0.0352183585 0.0000030834 0.0000000003 0 0 0
240672 2 297 0.2171855311 0.0001674522 0.0000001291 93 79 125
253078 0 109 0.0516657421 0.0000133884 0.0000000035 0 0 0
257594 4 12250 0.0000000000 0.0000000000 0.0000000000 0 0 0
280031 0 109 0.0000000000 0.0000000000 0.0000000000 0 0 0
281359 0 110 0.1270277341 0.0000956534 0.0000000720 0 0 0
283390 0 125 0.0000000000 0.0000000000 0.0000000000 0 0 0
284703 4 38875 0.0000000000 0.0000000000 0.0000000000 0 0 0
328640 4 64063 0.0000000000 0.0000000000 0.0000000000 0 0 0
399609 4 15078 0.0000000000 0.0000000000 0.0000000000 0 0 0
417125 4 26328 0.0000000000 0.0000000000 0.0000000000 0 0 0
448844 0 93 0.1122072402 0.0000035375 0.0000000001 0 0 0
450812 0 110 0.2311355591 0.0001174469 0.0000000597 0 0 0
467906 4 10094 0.0000000000 0.0000000000 0.0000000000 0 0 0
484922 4 14078 0.0000000000 0.0000000000 0.0000000000 0 0 0
506875 0 125 0.3054972764 0.0000647377 0.0000000137 0 0 0
512250 0 125 0.2354988641 0.0000438137 0.0000000082 0 0 0
517531 0 141 0.1808740020 0.0000342500 0.0000000065 0 0 0
522719 0 109 0.1012970621 0.0000195253 0.0000000038 0 0 0
531937 4 6032 0.0000000000 0.0000000000 0.0000000000 0 0 0
543672 4 5140 0.0000000000 0.0000000000 0.0000000000 0 0 0
592265 4 5688 0.0000000000 0.0000000000 0.0000000000 0 0 0
615297 4 18484 0.0000000000 0.0000000000 0.0000000000 0 0 0
643437 0 141 0.0987572859 0.0000035095 0.0000000001 0 0 0
667344 0 109 0.0641083103 0.0000026816 0.0000000001 0 0 0
676109 4 5188 0.0000000000 0.0000000000 0.0000000000 0 0 0
681687 0 125 0.0002535342 0.0000000455 0.0000000000 0 0 0
694062 0 110 0.1631844090 0.0000131866 0.0000000011 0 0 0
715219 0 140 0.1337430359 0.0000425798 0.0000000136 0 0 0
726750 0 140 0.1089220665 0.0000131026 0.0000000016 0 0 0
749406 0 141 0.3015785798 0.0000251966 0.0000000021 0 0 0
760734 0 94 0.0633593373 0.0000055932 0.0000000005 0 0 0
764531 0 94 0.1620102906 0.0000426680 0.0000000112 0 0 0
767140 0 94 0.3209732443 0.0001230254 0.0000000472 0 0 0
773203 0 109 0.1420386185 0.0000306052 0.0000000066 0 0 0
794937 4 15125 0.0000000000 0.0000000000 0.0000000000 0 0 0
820578 4 6094 0.0000000000 0.0000000000 0.0000000000 0 0 0
873812 4 7594 0.0000000000 0.0000000000 0.0000000000 0 0 0
883078 4 13203 0.0000000000 0.0000000000 0.0000000000 0 0 0
896297 4 7468 0.0000000000 0.0000000000 0.0000000000 0 0 0
925187 4 8047 0.0000000000 0.0000000000 0.0000000000 0 0 0
941062 4 9625 0.0000000000 0.0000000000 0.0000000000 0 0 0
955015 4 5297 0.0000000000 0.0000000000 0.0000000000 0 0 0
960500 4 25672 0.0000000000 0.0000000000 0.0000000000 0 0 0
1019250 0 94 0.0281043842 0.0000004784 0.0000000000 0 0 0
1024250 0 125 0.4051322563 0.0001630311 0.0000000656 0 0 0
1031328 0 109 0.0022857143 0.0000026122 0.0000000030 0 0 0
1053750 0 109 0.1417388370 0.0000063214 0.0000000003 0 0 0
1069437 0 110 0.0137752054 0.0000014084 0.0000000001 0 0 0
1076390 0 110 0.2135802466 0.0000307177 0.0000000044 0 0 0
1082250 0 109 0.3156730721 0.0000538691 0.0000000092 0 0 0
1084859 0 110 0.0678686379 0.0000260133 0.0000000100 0 0 0
1087484 4 6703 0.0000000000 0.0000000000 0.0000000000 0 0 0
1117765 0 125 0.1559060296 0.0000211398 0.0000000029 0 0 0
1124984 1 141 0.4635789037 0.0000642165 0.0000000089 0 0 0
1126906 0 94 0.0372017990 0.0000193558 0.0000000101 0 0 0
1133015 0 110 0.1045750044 0.0000171182 0.0000000028 0 0 0
1135172 0 140 0.2203947520 0.0001021765 0.0000000474 0 0 0
1136109 0 125 0.1915579678 0.0002044375 0.0000002182 0 0 0
1140531 1 172 0.1172879278 0.0000265237 0.0000000060 0 0 0
1146594 0 140 0.3490824993 0.0000792109 0.0000000180 0 0 0
1148265 0 110 0.1062292660 0.0000635723 0.0000000380 0 0 0
1149203 0 125 0.0437787794 0.0000466725 0.0000000498 0 0 0
1151047 0 140 0.0869078051 0.0000471300 0.0000000256 0 0 0
1172172 0 125 0.2024736618 0.0000141620 0.0000000010 0 0 0
1187984 0 125 0.1210033286 0.0000076526 0.0000000005 0 0 0
1192297 2 343 0.1135436811 0.0000834880 0.0000000614 93 125 125
1197922 0 125 0.1813912256 0.0000322473 0.0000000057 0 0 0
1203390 1 157 0.1705439261 0.0000311895 0.0000000057 0 0 0
1204750 0 109 0.1572195517 0.0001156026 0.0000000850 0 0 0
1207156 0 109 0.4972914506 0.0002066881 0.0000000859 0 0 0
1210094 4 6343 0.0000000000 0.0000000000 0.0000000000 0 0 0
1227937 0 94 0.0307444732 0.0000017231 0.0000000001 0 0 0
1257765 0 125 0.0857764763 0.0000189981 0.0000000042 0 0 0
1272578 4 9859 0.0000000000 0.0000000000 0.0000000000 0 0 0
1282453 4 6937 0.0000000000 0.0000000000 0.0000000000 0 0 0
1299547 0 140 0.0043178364 0.0000002526 0.0000000000 0 0 0
1303875 4 12765 0.0000000000 0.0000000000 0.0000000000 0 0 0
1336703 4 6422 0.0000000000 0.0000000000 0.0000000000 0 0 0
1349375 0 140 0.0337724184 0.0000026651 0.0000000002 0 0 0
1362000 4 5890 0.0000000000 0.0000000000 0.0000000000 0 0 0
1368031 4 10438 0.0000000000 0.0000000000 0.0000000000 0 0 0
1393750 0 109 0.0557338935 0.0000021670 0.0000000001 0 0 0
1413125 4 39015 0.0000000000 0.0000000000 0.0000000000 0 0 0
1453890 0 94 0.0249167876 0.0000006112 0.0000000000 0 0 0
1461297 2 265 0.5639035801 0.0002097856 0.0000000780 47 125 93
1463437 4 17875 0.0000000000 0.0000000000 0.0000000000 0 0 0
1484719 4 100156 0.0000000000 0.0000000000 0.0000000000 0 0 0
1588172 4 286797 0.0000000000 0.0000000000 0.0000000000 0 0 0
1876953 4 205312 0.0000000000 0.0000000000 0.0000000000 0 0 0
2083531 4 229297 0.0000000000 0.0000000000 0.0000000000 0 0 0
2320672 0 109 0.0000000000 0.0000000000 0.0000000000 0 0 0
2321625 4 71687 0.0000000000 0.0000000000 0.0000000000 0 0 0
2395515 4 138641 0.0000000000 0.0000000000 0.0000000000 0 0 0
2536984 4 96125 0.0000000000 0.0000000000 0.0000000000 0 0 0
2634578 4 168000 0.0000000000 0.0000000000 0.0000000000 0 0 0
2803984 4 192188 0.0000000000 0.0000000000 0.0000000000 0 0 0
2997172 4 65562 0.0000000000 0.0000000000 0.0000000000 0 0 0
3063672 4 105062 0.0000000000 0.0000000000 0.0000000000 0 0 0
3177062 0 110 0.0392899784 0.0000175873 0.0000000079 0 0 0
3177172 4 157203 0.0000000000 0.0000000000 0.0000000000 0 0 0
3341890 0 125 0.3877799065 0.0001426710 0.0000000525 0 0 0
3343047 0 125 0.5421517058 0.0004685840 0.0000004050 0 0 0
3343500 4 265250 0.0000000000 0.0000000000 0.0000000000 0 0 0
3611047 0 140 0.0045520744 0.0000000170 0.0000000000 0 0 0
