107.7592592593 13.5331351726
129.4718309859 15.2867860005
326.9523809524 60.4479123988
120.1428571429 20.5386643844
95.2380952381 57.1913286483
111.5714285714 18.2249735216
0.1790048076 0.1871567005
0.0002052687 0.0002849896
0.0000003876 0.0000010444

1201 0 109 0.7052724250 0.0005872377 0.0000004890 0 0 0
2043 3 109 0.5384587221 0.0006394997 0.0000007595 0 0 0
6520 1 125 0.1075321543 0.0000240188 0.0000000054 0 0 0
7597 1 140 0.1375071674 0.0001276761 0.0000001185 0 0 0
8595 1 141 0.1937696055 0.0001941579 0.0000001945 0 0 0
16739 1 124 0.2193092403 0.0000732007 0.0000000244 0 0 0
26660 1 125 0.2829470711 0.0000285200 0.0000000029 0 0 0
31122 4 5943 0.0000000000 0.0000000000 0.0000000000 0 0 0
40139 1 140 0.1290461660 0.0000143114 0.0000000016 0 0 0
44741 1 140 0.2273621109 0.0001019104 0.0000000457 0 0 0
51511 4 16848 0.0000000000 0.0000000000 0.0000000000 0 0 0
70231 0 94 0.0755314753 0.0000040348 0.0000000002 0 0 0
73305 0 93 0.0935248991 0.0000605339 0.0000000392 0 0 0
73726 4 994553 0.0000000000 0.0000000000 0.0000000000 0 0 0
1073677 1 124 0.4264613365 0.0002024983 0.0000000962 0 0 0
1074644 1 109 0.5473172582 0.0005659951 0.0000005853 0 0 0
1077374 1 125 0.3510373376 0.0001285851 0.0000000471 0 0 0
1082506 0 94 0.0055710306 0.0000155182 0.0000000432 0 0 0
1082600 4 44398 0.0000000000 0.0000000000 0.0000000000 0 0 0
1131319 0 93 0.1621732441 0.0001923763 0.0000002282 0 0 0
1138027 0 94 0.2570751993 0.0000560565 0.0000000122 0 0 0
1143549 0 110 0.1301525328 0.0000456036 0.0000000160 0 0 0
1147387 0 94 0.4780934137 0.0002664958 0.0000001485 0 0 0
1157823 3 110 0.3762608348 0.0000360541 0.0000000035 0 0 0
1165967 1 125 0.7182519650 0.0010965679 0.0000016741 0 0 0
1166528 1 125 0.1424772953 0.0002539702 0.0000004527 0 0 0
1167106 1 109 0.5426993835 0.0009389263 0.0000016244 0 0 0
1167449 1 125 0.1336590371 0.0003896765 0.0000011361 0 0 0
1168151 1 109 0.6412331660 0.0009134376 0.0000013012 0 0 0
1168946 1 141 0.5079413110 0.0006389199 0.0000008037 0 0 0
1177292 4 22995 0.0000000000 0.0000000000 0.0000000000 0 0 0
1201020 3 94 0.0273322718 0.0000011519 0.0000000000 0 0 0
1233094 4 5897 0.0000000000 0.0000000000 0.0000000000 0 0 0
1239006 4 10016 0.0000000000 0.0000000000 0.0000000000 0 0 0
1252454 4 6911 0.0000000000 0.0000000000 0.0000000000 0 0 0
1267040 4 16208 0.0000000000 0.0000000000 0.0000000000 0 0 0
1291688 3 671 0.4900806925 0.0000751542 0.0000000115 0 0 0
1292702 3 3354 0.0310948898 0.0000306656 0.0000000302 0 0 0
1318692 4 20623 0.0000000000 0.0000000000 0.0000000000 0 0 0
1367520 4 8518 0.0000000000 0.0000000000 0.0000000000 0 0 0
1416192 4 18330 0.0000000000 0.0000000000 0.0000000000 0 0 0
1437736 3 78 0.4431264291 0.0002000571 0.0000000903 0 0 0
1443290 4 5725 0.0000000000 0.0000000000 0.0000000000 0 0 0
1467392 4 14321 0.0000000000 0.0000000000 0.0000000000 0 0 0
1496704 4 18081 0.0000000000 0.0000000000 0.0000000000 0 0 0
1517718 3 577 0.5848694904 0.0004869854 0.0000004055 0 0 0
1564908 4 13401 0.0000000000 0.0000000000 0.0000000000 0 0 0
1590508 4 17831 0.0000000000 0.0000000000 0.0000000000 0 0 0
1620538 1 156 0.0909611106 0.0000376183 0.0000000156 0 0 0
1633720 1 141 0.2122441659 0.0000161011 0.0000000012 0 0 0
1634984 1 109 0.3020674606 0.0002389774 0.0000001891 0 0 0
1637074 4 280896 0.0000000000 0.0000000000 0.0000000000 0 0 0
1924303 1 141 0.0104836660 0.0000000365 0.0000000000 0 0 0
1924990 1 140 0.0807411332 0.0001175271 0.0000001711 0 0 0
1932540 1 109 0.2768936540 0.0000391812 0.0000000055 0 0 0
1935910 1 109 0.4969403059 0.0004550735 0.0000004167 0 0 0
1938094 1 109 0.8714534621 0.0012137235 0.0000016904 0 0 0
1939139 1 109 0.3573476402 0.0004976987 0.0000006932 0 0 0
1940465 1 140 0.0962363507 0.0001622873 0.0000002737 0 0 0
1941994 3 124 0.0278514254 0.0001481459 0.0000007880 0 0 0
1942586 3 1108 0.6649192603 0.0011231744 0.0000018973 0 0 0
1944833 1 125 0.4756645661 0.0007262054 0.0000011087 0 0 0
1949872 4 10795 0.0000000000 0.0000000000 0.0000000000 0 0 0
1967094 1 109 0.1548105746 0.0000089891 0.0000000005 0 0 0
1968139 1 125 0.2744403958 0.0002626224 0.0000002513 0 0 0
1989792 4 6864 0.0000000000 0.0000000000 0.0000000000 0 0 0
2012397 1 109 0.0434878989 0.0000061808 0.0000000009 0 0 0
2012756 1 125 0.3190307200 0.0008886650 0.0000024754 0 0 0
2025251 1 141 0.0038910506 0.0000075701 0.0000000147 0 0 0
2025704 1 140 0.0000000000 0.0000000000 0.0000000000 0 0 0
2036187 1 109 0.0089746079 0.0000039676 0.0000000018 0 0 0
2036483 1 156 0.0101351351 0.0000342403 0.0000001157 0 0 0
2036795 1 141 0.1219858781 0.0003909804 0.0000012531 0 0 0
2037045 1 125 0.1638615562 0.0006554462 0.0000026218 0 0 0
2037326 1 109 0.1220682668 0.0004344066 0.0000015459 0 0 0
2037544 1 141 0.0378266571 0.0001735168 0.0000007959 0 0 0
2046577 1 140 0.0054410952 0.0000010900 0.0000000002 0 0 0
2057356 1 125 0.0423098290 0.0000202439 0.0000000097 0 0 0
2057637 1 141 0.0764379140 0.0002720210 0.0000009680 0 0 0
2057871 1 141 0.0000000000 0.0000000000 0.0000000000 0 0 0
2058308 1 109 0.1215081617 0.0002780507 0.0000006363 0 0 0
2058542 1 140 0.1429912679 0.0006110738 0.0000026114 0 0 0
2070632 1 141 0.0370261476 0.0000084457 0.0000000019 0 0 0
2074610 1 125 0.0251030012 0.0000073144 0.0000000021 0 0 0
2074860 1 140 0.0346801855 0.0001387207 0.0000005549 0 0 0
2089649 3 265 0.2184815154 0.0000880619 0.0000000355 0 0 0
2089961 4 6692 0.0000000000 0.0000000000 0.0000000000 0 0 0
2102566 4 27144 0.0000000000 0.0000000000 0.0000000000 0 0 0
2130443 3 78 0.0269038401 0.0000009651 0.0000000000 0 0 0
2134998 3 312 0.7907839928 0.0003379419 0.0000001444 0 0 0
2248894 1 141 0.0398329154 0.0000051278 0.0000000007 0 0 0
2249175 1 156 0.0207417335 0.0000738140 0.0000002627 0 0 0
2249862 1 140 0.0893938108 0.0001301220 0.0000001894 0 0 0
2250127 1 125 0.0804290887 0.0003035060 0.0000011453 0 0 0
2250361 1 125 0.0213675214 0.0000913142 0.0000003902 0 0 0
2250657 1 125 0.0168918919 0.0000570672 0.0000001928 0 0 0
2251593 1 125 0.0688996585 0.0000736107 0.0000000786 0 0 0
2252358 1 124 0.1333280802 0.0005697781 0.0000024349 0 0 0
2262326 1 125 0.0124511282 0.0000014673 0.0000000002 0 0 0
2263184 1 125 0.0764323968 0.0000890820 0.0000001038 0 0 0
2264089 1 109 0.0320441989 0.0000354080 0.0000000391 0 0 0
2264401 1 140 0.0202710106 0.0000649712 0.0000002082 0 0 0
2265134 1 141 0.0316984828 0.0001273031 0.0000005113 0 0 0
2265415 1 140 0.0230325123 0.0000819662 0.0000002917 0 0 0
2266195 1 109 0.0171977097 0.0000220483 0.0000000283 0 0 0
2266429 1 140 0.0000000000 0.0000000000 0.0000000000 0 0 0
2266803 1 125 0.0366280982 0.0000979361 0.0000002619 0 0 0
2267661 1 125 0.0304686895 0.0000355113 0.0000000414 0 0 0
2267911 1 156 0.0000000000 0.0000000000 0.0000000000 0 0 0
2268207 1 156 0.0033783784 0.0000114134 0.0000000386 0 0 0
2268894 1 140 0.0159412216 0.0000392641 0.0000000967 0 0 0
2269767 1 125 0.0080183276 0.0000091848 0.0000000105 0 0 0
2269970 1 141 0.0000000000 0.0000000000 0.0000000000 0 0 0
2270407 1 125 0.0234687250 0.0000537042 0.0000001229 0 0 0
2272388 1 141 0.0000000000 0.0000000000 0.0000000000 0 0 0
2272887 1 110 0.0273052427 0.0000547199 0.0000001097 0 0 0
2273574 1 109 0.0499376067 0.0000726894 0.0000001058 0 0 0
2273792 1 125 0.0000000000 0.0000000000 0.0000000000 0 0 0
2274135 1 110 0.1159593914 0.0003380740 0.0000009856 0 0 0
2274463 1 140 0.0274390244 0.0000836556 0.0000002550 0 0 0
2274713 1 124 0.0000000000 0.0000000000 0.0000000000 0 0 0
2276241 1 125 0.0692489491 0.0000616642 0.0000000549 0 0 0
2276475 1 141 0.0607526355 0.0002596266 0.0000011095 0 0 0
2277021 1 125 0.0586080586 0.0001073408 0.0000001966 0 0 0
2277255 1 125 0.0085470085 0.0000365257 0.0000001561 0 0 0
2277552 1 109 0.0067340067 0.0000226734 0.0000000763 0 0 0
2278113 1 125 0.0782033395 0.0001393999 0.0000002485 0 0 0
2278379 1 140 0.0150375940 0.0000565323 0.0000002125 0 0 0
2278722 1 125 0.0771623643 0.0002249632 0.0000006559 0 0 0
2278987 1 125 0.0797905205 0.0003010963 0.0000011362 0 0 0
2279642 1 125 0.0665374511 0.0001015839 0.0000001551 0 0 0
2279939 1 140 0.0067340067 0.0000226734 0.0000000763 0 0 0
2280219 1 125 0.0329527599 0.0001176884 0.0000004203 0 0 0
2280531 1 141 0.1124397726 0.0003603839 0.0000011551 0 0 0
2282497 1 109 0.1342587233 0.0000682903 0.0000000347 0 0 0
2283386 1 141 0.0481693575 0.0001287951 0.0000003444 0 0 0
2283792 1 109 0.0188592469 0.0000464513 0.0000001144 0 0 0
2284993 1 125 0.0255206341 0.0000212495 0.0000000177 0 0 0
2285414 1 156 0.0023752969 0.0000056420 0.0000000134 0 0 0
2285789 1 156 0.0080000000 0.0000213333 0.0000000569 0 0 0
2286132 1 156 0.0145772595 0.0000424993 0.0000001239 0 0 0
2286537 1 156 0.0000000000 0.0000000000 0.0000000000 0 0 0
2286865 1 125 0.0147208144 0.0000448805 0.0000001368 0 0 0
2287239 1 141 0.0398206477 0.0001064723 0.0000002847 0 0 0
2288488 1 109 0.1562306789 0.0001250846 0.0000001001 0 0 0
2288862 1 125 0.0353238036 0.0000944487 0.0000002525 0 0 0
2290282 1 140 0.0122635307 0.0000086363 0.0000000061 0 0 0
2290531 1 141 0.0463752710 0.0001862461 0.0000007480 0 0 0
2290812 1 109 0.0050327885 0.0000179103 0.0000000637 0 0 0
2291062 1 140 0.0200000000 0.0000800000 0.0000003200 0 0 0
2292419 1 109 0.0817370234 0.0000602336 0.0000000444 0 0 0
2292934 1 124 0.0000000000 0.0000000000 0.0000000000 0 0 0
2293136 1 125 0.0000000000 0.0000000000 0.0000000000 0 0 0
2293542 1 109 0.0320197044 0.0000788663 0.0000001943 0 0 0
2293979 1 109 0.0183066362 0.0000418916 0.0000000959 0 0 0
2295305 1 109 0.0150943396 0.0000569598 0.0000002149 0 0 0
2296771 1 125 0.1868109798 0.0004132986 0.0000009144 0 0 0
2297083 1 125 0.0192307692 0.0000616371 0.0000001976 0 0 0
2297692 1 140 0.0894910777 0.0001469476 0.0000002413 0 0 0
2297941 1 125 0.0056795725 0.0000228095 0.0000000916 0 0 0
2298316 1 109 0.0975009546 0.0002600025 0.0000006933 0 0 0
2336364 1 109 0.0262870579 0.0000055074 0.0000000012 0 0 0
2337035 1 156 0.0329440820 0.0000844720 0.0000002166 0 0 0
2337659 1 140 0.0667023654 0.0001068948 0.0000001713 0 0 0
2337877 1 141 0.0863880154 0.0003962753 0.0000018178 0 0 0
2338174 1 125 0.0362637361 0.0001221001 0.0000004111 0 0 0
2339235 1 156 0.1344179868 0.0001266899 0.0000001194 0 0 0
2340217 1 141 0.0817391680 0.0000832374 0.0000000848 0 0 0
2340498 1 141 0.0284697509 0.0001013158 0.0000003606 0 0 0
2340795 1 156 0.0000000000 0.0000000000 0.0000000000 0 0 0
2341216 1 140 0.0173410049 0.0000411900 0.0000000978 0 0 0
2341528 1 125 0.0032051282 0.0000102728 0.0000000329 0 0 0
2342043 1 109 0.0423568857 0.0000822464 0.0000001597 0 0 0
2342245 1 141 0.0000000000 0.0000000000 0.0000000000 0 0 0
2342776 1 125 0.0634806100 0.0001195492 0.0000002251 0 0 0
2342979 1 140 0.0589244139 0.0002902680 0.0000014299 0 0 0
2343665 1 140 0.0440148301 0.0000641616 0.0000000935 0 0 0
2343883 1 141 0.0486493178 0.0002231620 0.0000010237 0 0 0
2344242 1 109 0.0139275766 0.0000387955 0.0000001081 0 0 0
2395567 2 312 0.1538073164 0.0000070980 0.0000000003 140 62 110
2395957 2 265 0.0000000000 0.0000000000 0.0000000000 93 78 94
2396269 2 296 0.0000000000 0.0000000000 0.0000000000 124 63 109
2396627 0 125 0.0000000000 0.0000000000 0.0000000000 0 0 0
2401916 2 468 0.0594180277 0.0000112343 0.0000000021 93 266 109
2402446 2 297 0.0053366550 0.0000100692 0.0000000190 109 78 110
2402789 2 312 0.0000000000 0.0000000000 0.0000000000 125 63 124
2403164 2 281 0.0177340841 0.0000472909 0.0000001261 140 63 78
2410605 2 343 0.1789080598 0.0000674616 0.0000000254 140 110 93
2411042 0 109 0.1432020779 0.0003276935 0.0000007499 0 0 0
2411213 3 125 0.5327885300 0.0031157224 0.0000182206 0 0 0
2411401 0 124 0.0265957447 0.0001414667 0.0000007525 0 0 0
2412306 2 312 0.0120363782 0.0000132999 0.0000000147 109 78 125
2412711 2 281 0.0024691358 0.0000060966 0.0000000151 109 78 94
2413070 0 125 0.0222841226 0.0000620728 0.0000001729 0 0 0
2450307 2 297 0.0730443496 0.0000043557 0.0000000003 125 63 109
2450666 2 297 0.0403584256 0.0001124190 0.0000003131 109 78 110
2451025 2 296 0.0083565460 0.0000232773 0.0000000648 125 62 109
2451384 2 312 0.0055710306 0.0000155182 0.0000000432 125 78 109
2451758 2 359 0.0000000000 0.0000000000 0.0000000000 141 93 125
2452211 2 312 0.0132450331 0.0000292385 0.0000000645 124 63 125
2452679 0 93 0.0000000000 0.0000000000 0.0000000000 0 0 0
2479027 1 141 0.0168029748 0.0000022676 0.0000000003 0 0 0
2479838 1 125 0.0391030078 0.0000482158 0.0000000595 0 0 0
2485174 1 140 0.0138793675 0.0000046826 0.0000000016 0 0 0
2485486 1 124 0.0090654716 0.0000290560 0.0000000931 0 0 0
2491944 1 156 0.0170466471 0.0000072354 0.0000000031 0 0 0
2492412 1 109 0.0000000000 0.0000000000 0.0000000000 0 0 0
2492896 1 124 0.0893536623 0.0001846150 0.0000003814 0 0 0
2502037 1 141 0.0535306178 0.0000083498 0.0000000013 0 0 0
2502380 1 125 0.0299865402 0.0000874243 0.0000002549 0 0 0
2502661 1 125 0.0121502262 0.0000432392 0.0000001539 0 0 0
2503145 1 125 0.0612849252 0.0001266217 0.0000002616 0 0 0
2503909 1 125 0.0506976068 0.0000663581 0.0000000869 0 0 0
2504206 1 156 0.0308181227 0.0001037647 0.0000003494 0 0 0
2504580 1 140 0.0124339079 0.0000332457 0.0000000889 0 0 0
2504845 1 109 0.0188679245 0.0000711997 0.0000002687 0 0 0
2523129 1 109 0.1067215630 0.0000058369 0.0000000003 0 0 0
2533612 4 17628 0.0000000000 0.0000000000 0.0000000000 0 0 0
2572628 4 5897 0.0000000000 0.0000000000 0.0000000000 0 0 0
2589445 1 124 0.0581935084 0.0000034604 0.0000000002 0 0 0
2591192 1 140 0.1439281549 0.0000823859 0.0000000472 0 0 0
2597775 1 156 0.7123837145 0.0002134163 0.0000000639 0 0 0
2599085 0 125 0.1583863105 0.0003632714 0.0000008332 0 0 0
2599912 1 110 0.1245895739 0.0001506524 0.0000001822 0 0 0
2600692 1 125 0.4156457614 0.0005328792 0.0000006832 0 0 0
2601379 1 125 0.2879298795 0.0004191119 0.0000006101 0 0 0
2602206 1 124 0.4349501811 0.0005259373 0.0000006360 0 0 0
2602923 1 141 0.3412913775 0.0004759991 0.0000006639 0 0 0
2605201 1 125 0.4553873502 0.0001999067 0.0000000878 0 0 0
2606308 1 125 0.2380931805 0.0002150797 0.0000001943 0 0 0
2609850 3 1201 0.4452104945 0.0006065538 0.0000008264 0 0 0
2611893 0 94 0.2668328746 0.0001306084 0.0000000639 0 0 0
2612611 3 1295 0.6695289509 0.0009324916 0.0000012987 0 0 0
2614342 1 125 0.1526650536 0.0000881947 0.0000000510 0 0 0
2614592 1 109 0.0842842712 0.0003371371 0.0000013485 0 0 0
2615169 0 125 0.4116559020 0.0007134418 0.0000012365 0 0 0
2615949 1 125 0.9454401050 0.0012121027 0.0000015540 0 0 0
2616807 1 125 0.4180025775 0.0004871825 0.0000005678 0 0 0
2617478 0 109 0.1865436010 0.0002780083 0.0000004143 0 0 0
2618274 0 109 0.4220025225 0.0005301539 0.0000006660 0 0 0
2618851 1 109 0.5756693588 0.0009976939 0.0000017291 0 0 0
2629740 1 156 0.4703409945 0.0000431941 0.0000000040 0 0 0
2637087 4 8378 0.0000000000 0.0000000000 0.0000000000 0 0 0
2657430 1 140 0.1771384446 0.0000087076 0.0000000004 0 0 0
2658787 1 156 0.1573449723 0.0001159506 0.0000000854 0 0 0
2660082 1 156 0.0000000000 0.0000000000 0.0000000000 0 0 0
2660862 1 140 0.4437020393 0.0005688488 0.0000007293 0 0 0
2661892 1 140 0.1890963415 0.0001835887 0.0000001782 0 0 0
2663966 1 125 0.3143256189 0.0003953781 0.0000004973 0 0 0
2664341 1 109 0.0547395924 0.0001459722 0.0000003893 0 0 0
2665589 1 140 0.2817082855 0.0002257278 0.0000001809 0 0 0
2667804 1 156 0.1718723629 0.0000775947 0.0000000350 0 0 0
2668506 1 125 0.3140095598 0.0004473071 0.0000006372 0 0 0
2669083 0 125 0.3997969650 0.0006928890 0.0000012008 0 0 0
2671408 1 140 0.4761931102 0.0007096768 0.0000010576 0 0 0
2672390 1 125 0.2248815771 0.0002290036 0.0000002332 0 0 0
2673124 0 109 0.3670239653 0.0005000327 0.0000006812 0 0 0
2673342 1 140 0.0091743119 0.0000420840 0.0000001930 0 0 0
2673950 0 110 0.4156051808 0.0006835612 0.0000011243 0 0 0
2676493 1 125 0.0986821710 0.0000917121 0.0000000852 0 0 0
2678521 1 109 0.1711734410 0.0001638023 0.0000001567 0 0 0
2680346 1 110 0.2996084710 0.0002911647 0.0000002830 0 0 0
2681360 1 125 0.2848827163 0.0002809494 0.0000002771 0 0 0
2682374 1 110 0.1340298255 0.0001321793 0.0000001304 0 0 0
2683607 1 156 0.1866594423 0.0001513864 0.0000001228 0 0 0
2684933 1 109 0.1862749000 0.0001404788 0.0000001059 0 0 0
2686586 1 141 0.1824259155 0.0001103605 0.0000000668 0 0 0
2687616 1 156 0.0703373684 0.0000682887 0.0000000663 0 0 0
2694137 3 125 0.1317500272 0.0000202040 0.0000000031 0 0 0
2704745 0 109 0.0319360891 0.0000032239 0.0000000003 0 0 0
2714136 0 125 0.0785643474 0.0000093440 0.0000000011 0 0 0
2714838 0 125 0.4564715266 0.0006502443 0.0000009263 0 0 0
2716336 1 109 0.3291608294 0.0002197335 0.0000001467 0 0 0
2717989 1 141 0.1839310007 0.0001112710 0.0000000673 0 0 0
2718629 0 109 0.4083613244 0.0006380646 0.0000009970 0 0 0
2718894 1 109 0.0075471698 0.0000284799 0.0000001075 0 0 0
2719440 0 125 0.3096307911 0.0005670894 0.0000010386 0 0 0
2721109 1 125 0.2957369011 0.0004212776 0.0000006001 0 0 0
2721702 0 94 0.4594665594 0.0007748171 0.0000013066 0 0 0
2721952 1 125 0.0160000000 0.0000640000 0.0000002560 0 0 0
2722669 0 110 0.4302717828 0.0006001001 0.0000008370 0 0 0
2724308 1 124 0.3740892591 0.0002282424 0.0000001393 0 0 0
2725431 1 109 0.0938488705 0.0000835698 0.0000000744 0 0 0
2725696 1 109 0.1106881698 0.0004176912 0.0000015762 0 0 0
2726429 1 141 0.2287480063 0.0003120709 0.0000004257 0 0 0
2727521 1 125 0.1433402422 0.0001312640 0.0000001202 0 0 0
2728504 1 109 0.3676799951 0.0003740387 0.0000003805 0 0 0
2729300 1 140 0.1551273517 0.0001948836 0.0000002448 0 0 0
2729736 4 39453 0.0000000000 0.0000000000 0.0000000000 0 0 0
2769189 1 109 0.0000000000 0.0000000000 0.0000000000 0 0 0
2771545 1 156 0.1620955678 0.0000688012 0.0000000292 0 0 0
2772715 1 140 0.2437781050 0.0002083574 0.0000001781 0 0 0
2773526 1 140 0.2092944647 0.0002580696 0.0000003182 0 0 0
2774945 1 141 0.2944042015 0.0002074730 0.0000001462 0 0 0
2777972 1 109 0.2551574647 0.0002124542 0.0000001769 0 0 0
2778721 1 140 0.2460829036 0.0003285486 0.0000004386 0 0 0
2781950 1 109 0.3140379992 0.0000972555 0.0000000301 0 0 0
2783713 0 124 0.1900245254 0.0001077848 0.0000000611 0 0 0
2784929 3 1326 0.3682687276 0.0003028526 0.0000002491 0 0 0
2786848 1 125 0.1422112983 0.0000741070 0.0000000386 0 0 0
2787691 0 109 0.3379773541 0.0004009221 0.0000004756 0 0 0
2788330 1 110 0.5073437642 0.0007939652 0.0000012425 0 0 0
2790312 1 124 0.1459657896 0.0004065899 0.0000011326 0 0 0
2790780 4 39936 0.0000000000 0.0000000000 0.0000000000 0 0 0
2834787 1 156 0.0426925776 0.0000009701 0.0000000000 0 0 0
2835786 1 109 0.2852684132 0.0002855540 0.0000002858 0 0 0
2836301 1 109 0.1392272752 0.0005234108 0.0000019677 0 0 0
2836535 1 124 0.1669703753 0.0007135486 0.0000030494 0 0 0
2837767 1 109 0.4462303868 0.0008664668 0.0000016825 0 0 0
2838173 1 109 0.0929932124 0.0002290473 0.0000005642 0 0 0
2839686 1 156 0.4243215336 0.0002804505 0.0000001854 0 0 0
2840809 1 140 0.3266939215 0.0002909118 0.0000002590 0 0 0
2843555 1 140 0.3148691789 0.0001146647 0.0000000418 0 0 0
2844522 1 125 0.0743242882 0.0003661295 0.0000018036 0 0 0
2845208 1 141 0.3843111760 0.0005602204 0.0000008166 0 0 0
2846129 1 109 0.2042007506 0.0002217163 0.0000002407 0 0 0
2847704 1 141 0.3227110202 0.0004926886 0.0000007522 0 0 0
2848328 1 141 0.3871510941 0.0006204344 0.0000009943 0 0 0
2849015 1 125 0.2352708055 0.0003424611 0.0000004985 0 0 0
2852431 1 156 0.3759735428 0.0001100625 0.0000000322 0 0 0
2853710 1 141 0.3031948938 0.0002370562 0.0000001853 0 0 0
2856784 1 109 0.4335831455 0.0001410485 0.0000000459 0 0 0
2857720 1 140 0.1708109256 0.0001824903 0.0000001950 0 0 0
2858671 1 125 0.0995430720 0.0001046720 0.0000001101 0 0 0
2859748 1 124 0.3652851001 0.0003391691 0.0000003149 0 0 0
2860138 4 72478 0.0000000000 0.0000000000 0.0000000000 0 0 0
2932662 4 21217 0.0000000000 0.0000000000 0.0000000000 0 0 0
2955142 4 14243 0.0000000000 0.0000000000 0.0000000000 0 0 0
2970196 0 109 0.0756471874 0.0000050251 0.0000000003 0 0 0
2972692 0 125 0.6994537671 0.0002802299 0.0000001123 0 0 0
2975641 0 93 0.8438784651 0.0002861575 0.0000000970 0 0 0
2976904 0 125 0.1944136603 0.0001539301 0.0000001219 0 0 0
2977700 3 328 0.2102238111 0.0002641003 0.0000003318 0 0 0
2978542 3 219 0.1666805974 0.0001979580 0.0000002351 0 0 0
2986093 2 437 0.1013390047 0.0000401025 0.0000000159 78 218 141
2992395 0 125 0.1517788982 0.0000504081 0.0000000167 0 0 0
2995141 0 93 0.4395259933 0.0001600604 0.0000000583 0 0 0
3004844 2 297 0.3234272038 0.0000333327 0.0000000034 125 62 110
3005219 2 265 0.0000000000 0.0000000000 0.0000000000 93 94 78
3005843 2 343 0.0840404615 0.0001346802 0.0000002158 171 47 125
3006248 0 94 0.0049382716 0.0000121933 0.0000000301 0 0 0
3032097 1 156 0.1409941262 0.0000110359 0.0000000009 0 0 0
3038213 1 125 0.3335618162 0.0000545392 0.0000000089 0 0 0
3044500 4 23010 0.0000000000 0.0000000000 0.0000000000 0 0 0
3067822 3 109 0.0050366161 0.0000002160 0.0000000000 0 0 0
3069351 1 124 0.0562174013 0.0000367674 0.0000000240 0 0 0
3072642 3 94 0.1543498280 0.0000469006 0.0000000143 0 0 0
3073375 4 29266 0.0000000000 0.0000000000 0.0000000000 0 0 0
3104669 1 141 0.0177433428 0.0000005670 0.0000000000 0 0 0
3106323 3 109 0.0607549508 0.0000367321 0.0000000222 0 0 0
3107103 1 140 0.0156956932 0.0000201227 0.0000000258 0 0 0
3107727 3 109 0.1243526757 0.0001992831 0.0000003194 0 0 0
3108382 1 109 0.0758519166 0.0001158045 0.0000001768 0 0 0
3109334 3 93 0.1423247652 0.0001495008 0.0000001570 0 0 0
3119240 1 109 0.3735057367 0.0000377050 0.0000000038 0 0 0
3122968 1 125 0.3707943119 0.0000994620 0.0000000267 0 0 0
3123748 1 125 0.4191989905 0.0005374346 0.0000006890 0 0 0
3151376 3 3229 0.0228972814 0.0000011631 0.0000000001 0 0 0
3169098 1 109 0.0437353231 0.0000126257 0.0000000036 0 0 0
3171750 1 140 0.2462476707 0.0000928536 0.0000000350 0 0 0
3172545 1 156 0.1289222669 0.0001621664 0.0000002040 0 0 0
3180517 1 109 0.2294288809 0.0000287793 0.0000000036 0 0 0
3190033 1 140 0.1424744751 0.0002175183 0.0000003321 0 0 0
3190501 1 156 0.0000000000 0.0000000000 0.0000000000 0 0 0
3190938 1 156 0.0000000000 0.0000000000 0.0000000000 0 0 0
3191624 1 125 0.0000000000 0.0000000000 0.0000000000 0 0 0
3198800 1 125 0.4441309067 0.0006194294 0.0000008639 0 0 0
3199767 1 110 0.1665468419 0.0001722304 0.0000001781 0 0 0
3201593 1 124 0.0280900830 0.0000485988 0.0000000841 0 0 0
3202170 1 140 0.0478432431 0.0000829172 0.0000001437 0 0 0
3203309 1 109 0.0725096830 0.0000636608 0.0000000559 0 0 0
3209159 1 124 0.0794379690 0.0000217579 0.0000000060 0 0 0
3221155 4 26099 0.0000000000 0.0000000000 0.0000000000 0 0 0
3251123 1 156 0.0385783670 0.0000012873 0.0000000000 0 0 0
3252776 1 110 0.2194897218 0.0001327827 0.0000000803 0 0 0
3262589 1 125 0.3472577658 0.0000353875 0.0000000036 0 0 0
3263478 1 109 0.3169039933 0.0003564724 0.0000004010 0 0 0
3265257 1 140 0.5126587052 0.0002881724 0.0000001620 0 0 0
3267768 1 156 0.2767280425 0.0006122302 0.0000013545 0 0 0
3268626 1 141 0.0965455095 0.0001125239 0.0000001311 0 0 0
3269547 1 124 0.1318069373 0.0001431129 0.0000001554 0 0 0
3270233 1 156 0.1433271866 0.0002089318 0.0000003046 0 0 0
3279687 1 140 0.1239227228 0.0000339421 0.0000000093 0 0 0
3280903 2 484 0.2810860506 0.0002311563 0.0000001901 125 203 156
3281839 1 156 0.3035878732 0.0003243460 0.0000003465 0 0 0
3282838 1 125 0.3323601454 0.0003326928 0.0000003330 0 0 0
3283446 1 109 0.4283048933 0.0007044488 0.0000011586 0 0 0
3284398 0 109 0.2944304050 0.0003092756 0.0000003249 0 0 0
3284944 3 952 0.7475913516 0.0013692149 0.0000025077 0 0 0
3286332 1 110 0.2438865533 0.0001757108 0.0000001266 0 0 0
3286676 1 109 0.0181281046 0.0000526980 0.0000001532 0 0 0
3287175 0 109 0.2910386004 0.0005832437 0.0000011688 0 0 0
3287690 1 140 0.5114290170 0.0009930661 0.0000019283 0 0 0
3288470 1 109 0.3947060393 0.0005060334 0.0000006488 0 0 0
3289062 1 110 0.3272886362 0.0005528524 0.0000009339 0 0 0
3292510 1 125 0.2911749169 0.0000844475 0.0000000245 0 0 0
3293321 1 109 0.4208639816 0.0005189445 0.0000006399 0 0 0
3295162 4 19952 0.0000000000 0.0000000000 0.0000000000 0 0 0
3315536 0 124 0.0230790692 0.0000011328 0.0000000001 0 0 0
3324537 4 21996 0.0000000000 0.0000000000 0.0000000000 0 0 0
3347282 0 93 0.0706816855 0.0000031076 0.0000000001 0 0 0
3348655 0 109 0.2642060788 0.0001924298 0.0000001402 0 0 0
3348811 4 8892 0.0000000000 0.0000000000 0.0000000000 0 0 0
3360854 0 94 0.0650521694 0.0000054017 0.0000000004 0 0 0
3366018 0 93 0.1477878178 0.0000286189 0.0000000055 0 0 0
3370666 0 110 0.1728109389 0.0000371796 0.0000000080 0 0 0
3375471 1 156 0.1273966528 0.0000378144 0.0000000112 0 0 0
3376376 1 125 0.3005305400 0.0003320779 0.0000003669 0 0 0
3380339 4 14695 0.0000000000 0.0000000000 0.0000000000 0 0 0
3411118 1 140 0.0731990038 0.0000023782 0.0000000001 0 0 0
3419120 1 141 0.3552862806 0.0000443997 0.0000000055 0 0 0
3420025 1 125 0.3550119698 0.0003922784 0.0000004335 0 0 0
3434627 4 19812 0.0000000000 0.0000000000 0.0000000000 0 0 0
3467293 4 42573 0.0000000000 0.0000000000 0.0000000000 0 0 0
3524249 4 43821 0.0000000000 0.0000000000 0.0000000000 0 0 0
3573171 1 156 0.0367865445 0.0000007519 0.0000000000 0 0 0
3590612 4 24914 0.0000000000 0.0000000000 0.0000000000 0 0 0
3619597 0 78 0.1125993665 0.0000038847 0.0000000001 0 0 0
3620611 0 78 0.3091026075 0.0003048349 0.0000003006 0 0 0
3626804 0 125 0.2586747701 0.0000837677 0.0000000271 0 0 0
3627865 4 15008 0.0000000000 0.0000000000 0.0000000000 0 0 0
3644557 0 110 0.1522182537 0.0000091192 0.0000000005 0 0 0
3650517 0 124 0.1579593224 0.0000265032 0.0000000044 0 0 0
3653293 0 110 0.2386024994 0.0000859519 0.0000000310 0 0 0
3659128 0 93 0.5746275824 0.0000984794 0.0000000169 0 0 0
3663886 0 94 0.2905687153 0.0001843710 0.0000001170 0 0 0
3665243 0 109 0.9274505435 0.0006834566 0.0000005037 0 0 0
