110.7053571429 13.6077960801
117.7142857143 14.1623242644
584.6923076923 69.5672166551
123.7692307692 27.7382098201
348.0769230769 64.0317968350
112.8461538462 13.8721977286
0.2606342409 0.2373231439
0.0001809507 0.0002421872
0.0000002269 0.0000004459

1155 0 109 1.0034561762 0.0008687932 0.0000007522 0 0 0
11888 0 109 0.2321171545 0.0000276034 0.0000000033 0 0 0
12746 4 22667 0.0000000000 0.0000000000 0.0000000000 0 0 0
35927 4 6553 0.0000000000 0.0000000000 0.0000000000 0 0 0
44648 0 109 0.6837606259 0.0000784039 0.0000000090 0 0 0
47612 0 140 0.1795278277 0.0001856544 0.0000001920 0 0 0
58298 4 32043 0.0000000000 0.0000000000 0.0000000000 0 0 0
91526 0 94 0.0169378341 0.0000005097 0.0000000000 0 0 0
103445 4 9859 0.0000000000 0.0000000000 0.0000000000 0 0 0
119560 0 124 0.3563025873 0.0000221100 0.0000000014 0 0 0
122773 0 141 0.5187135515 0.0001614421 0.0000000502 0 0 0
124879 0 109 0.7314201172 0.0003473030 0.0000001649 0 0 0
129216 0 94 0.2183896318 0.0000503550 0.0000000116 0 0 0
134879 0 125 0.1547354539 0.0000273239 0.0000000048 0 0 0
153256 0 93 0.0621076422 0.0000033796 0.0000000002 0 0 0
153786 4 47471 0.0000000000 0.0000000000 0.0000000000 0 0 0
202365 4 74958 0.0000000000 0.0000000000 0.0000000000 0 0 0
278977 0 125 0.0222524389 0.0000002905 0.0000000000 0 0 0
284671 0 94 0.3013608066 0.0001136353 0.0000000428 0 0 0
288353 0 93 0.2956632373 0.0000981944 0.0000000326 0 0 0
290474 0 110 1.0128862860 0.0009413441 0.0000008749 0 0 0
292456 3 109 0.9020975770 0.0007047637 0.0000005506 0 0 0
299382 4 15085 0.0000000000 0.0000000000 0.0000000000 0 0 0
315060 0 109 0.0268591609 0.0000017132 0.0000000001 0 0 0
315700 0 109 0.0233617699 0.0000365028 0.0000000570 0 0 0
319272 4 13572 0.0000000000 0.0000000000 0.0000000000 0 0 0
335169 0 109 0.0565960444 0.0000035602 0.0000000002 0 0 0
338351 3 421 0.0999781319 0.0000471150 0.0000000222 0 0 0
346073 1 125 0.3975271025 0.0000514798 0.0000000067 0 0 0
365230 4 5647 0.0000000000 0.0000000000 0.0000000000 0 0 0
378490 1 125 0.0316056156 0.0000023835 0.0000000002 0 0 0
383950 1 141 0.6430902153 0.0002593106 0.0000001046 0 0 0
385292 1 125 0.2559228447 0.0001907026 0.0000001421 0 0 0
397070 1 109 0.2087322158 0.0000177222 0.0000000015 0 0 0
402358 4 6615 0.0000000000 0.0000000000 0.0000000000 0 0 0
420283 1 140 0.2118010230 0.0000118160 0.0000000007 0 0 0
423746 0 109 0.2571298298 0.0005883978 0.0000013464 0 0 0
424666 0 110 0.5003591099 0.0005438686 0.0000005912 0 0 0
426273 1 109 0.0274793146 0.0000298688 0.0000000325 0 0 0
437006 0 109 0.3521900373 0.0000465490 0.0000000062 0 0 0
437677 0 109 0.4639812875 0.0006914773 0.0000010305 0 0 0
438706 0 125 0.1882409580 0.0001829358 0.0000001778 0 0 0
440095 0 109 0.2408353163 0.0001733876 0.0000001248 0 0 0
443465 1 124 0.4833978584 0.0001434415 0.0000000426 0 0 0
444525 1 141 0.1615189244 0.0001523763 0.0000001438 0 0 0
446912 1 94 0.3814704896 0.0001598117 0.0000000670 0 0 0
447458 1 125 0.4150019622 0.0007600769 0.0000013921 0 0 0
461436 1 109 0.2318321632 0.0000165855 0.0000000012 0 0 0
502152 1 125 0.3159328817 0.0000178433 0.0000000010 0 0 0
504742 1 109 0.1832758606 0.0000707629 0.0000000273 0 0 0
515553 1 109 0.5553795425 0.0000513717 0.0000000048 0 0 0
518002 1 109 0.2055841227 0.0000839462 0.0000000343 0 0 0
523306 1 93 0.2903068133 0.0000662196 0.0000000151 0 0 0
548672 1 109 0.3265752656 0.0000140874 0.0000000006 0 0 0
559451 4 8627 0.0000000000 0.0000000000 0.0000000000 0 0 0
568765 4 40887 0.0000000000 0.0000000000 0.0000000000 0 0 0
640899 0 125 0.1165106148 0.0000016152 0.0000000000 0 0 0
642693 1 125 0.1503178726 0.0000837892 0.0000000467 0 0 0
643317 1 94 0.4269082780 0.0006841479 0.0000010964 0 0 0
651336 1 125 0.2054509801 0.0000256205 0.0000000032 0 0 0
653442 1 140 0.5290484504 0.0002512101 0.0000001193 0 0 0
654534 1 125 0.1956159832 0.0001791355 0.0000001640 0 0 0
656172 1 109 0.3941961726 0.0002406570 0.0000001469 0 0 0
657950 1 109 0.5136292335 0.0008038016 0.0000012579 0 0 0
664081 1 109 0.2500745867 0.0000407885 0.0000000067 0 0 0
672022 1 124 0.3268009154 0.0000411536 0.0000000052 0 0 0
672568 1 124 0.0282311604 0.0000517054 0.0000000947 0 0 0
674050 1 124 0.2059162002 0.0001389448 0.0000000938 0 0 0
676577 1 93 0.4855098667 0.0001921290 0.0000000760 0 0 0
679276 3 124 0.0829594929 0.0004412739 0.0000023472 0 0 0
679853 3 1185 0.4107183976 0.0007118170 0.0000012337 0 0 0
681631 1 109 0.2013185981 0.0001132276 0.0000000637 0 0 0
682255 0 78 0.2666272066 0.0004272872 0.0000006848 0 0 0
682770 1 140 0.5918774569 0.0011492766 0.0000022316 0 0 0
684985 1 109 0.3468866771 0.0001566080 0.0000000707 0 0 0
685422 1 109 0.1098735270 0.0002514268 0.0000005753 0 0 0
687887 1 93 0.8581663937 0.0003481405 0.0000001412 0 0 0
689135 1 125 0.0268488658 0.0000215135 0.0000000172 0 0 0
693690 4 24648 0.0000000000 0.0000000000 0.0000000000 0 0 0
719883 0 78 0.0353253970 0.0000013487 0.0000000001 0 0 0
726731 0 109 0.4809592701 0.0003952007 0.0000003247 0 0 0
727527 0 109 0.1237524509 0.0001554679 0.0000001953 0 0 0
728276 0 93 0.0335944962 0.0000448525 0.0000000599 0 0 0
730241 3 78 0.4360357653 0.0002219012 0.0000001129 0 0 0
737261 0 109 0.7804857983 0.0001873915 0.0000000450 0 0 0
739882 0 94 0.7680295081 0.0006004922 0.0000004695 0 0 0
742924 4 33868 0.0000000000 0.0000000000 0.0000000000 0 0 0
783827 1 110 0.0613434753 0.0000014997 0.0000000000 0 0 0
785013 1 125 0.2967831295 0.0002502387 0.0000002110 0 0 0
786386 1 109 0.5267220512 0.0003836286 0.0000002794 0 0 0
787057 0 109 0.8718310866 0.0012993012 0.0000019364 0 0 0
787447 1 125 0.0702305085 0.0001800782 0.0000004617 0 0 0
787821 0 109 0.2123374694 0.0005677472 0.0000015180 0 0 0
789693 1 94 0.4635044355 0.0002475985 0.0000001323 0 0 0
790442 0 109 0.6041720785 0.0008066383 0.0000010770 0 0 0
791550 1 109 0.0552219670 0.0000498393 0.0000000450 0 0 0
791877 0 109 0.1008472896 0.0003084015 0.0000009431 0 0 0
795668 4 49702 0.0000000000 0.0000000000 0.0000000000 0 0 0
847320 1 109 0.0356748347 0.0000006907 0.0000000000 0 0 0
847616 0 110 0.1269954731 0.0004290388 0.0000014495 0 0 0
847819 3 94 0.1015543258 0.0005002676 0.0000024644 0 0 0
849395 0 125 0.1036043720 0.0000729608 0.0000000514 0 0 0
850159 0 109 0.2174237777 0.0002845861 0.0000003725 0 0 0
850892 2 609 0.3855249491 0.0005259549 0.0000007175 125 375 109
851984 0 110 0.1277699892 0.0001170055 0.0000001071 0 0 0
852655 2 515 0.2438542246 0.0003634191 0.0000005416 94 327 94
853560 0 125 0.2889212110 0.0003192500 0.0000003528 0 0 0
854402 2 656 0.3155226238 0.0003747300 0.0000004450 78 468 110
855650 2 624 0.3174531737 0.0002543695 0.0000002038 125 406 93
856836 3 125 0.1863405201 0.0001571168 0.0000001325 0 0 0
857382 0 125 0.4491903484 0.0008226929 0.0000015068 0 0 0
858053 2 593 0.1225574784 0.0001826490 0.0000002722 156 343 94
859160 2 656 0.2192683389 0.0001980744 0.0000001789 125 406 125
860299 2 655 0.0389278926 0.0000341773 0.0000000300 156 375 124
861594 3 140 0.1420643491 0.0001097022 0.0000000847 0 0 0
864012 2 499 0.1572076923 0.0001200059 0.0000000916 125 265 109
864886 0 140 0.1585498550 0.0001814072 0.0000002076 0 0 0
866040 4 76394 0.0000000000 0.0000000000 0.0000000000 0 0 0
958003 1 140 0.1746269364 0.0000018989 0.0000000000 0 0 0
959173 1 109 0.2640368750 0.0002256725 0.0000001929 0 0 0
966941 1 125 0.5882195485 0.0000757234 0.0000000097 0 0 0
968174 0 125 0.4642401883 0.0003765127 0.0000003054 0 0 0
968595 3 172 0.1931502312 0.0004587891 0.0000010898 0 0 0
969297 3 125 0.0000000000 0.0000000000 0.0000000000 0 0 0
969983 2 546 0.2480747576 0.0003616250 0.0000005272 125 297 124
971871 2 640 0.1379928598 0.0000730894 0.0000000387 172 343 125
973743 2 484 0.0106226507 0.0000252319 0.0000000599 109 234 141
982822 0 94 0.0071517526 0.0000009169 0.0000000001 0 0 0
984944 0 109 0.4222963619 0.0003383785 0.0000002711 0 0 0
987674 0 109 1.0057891202 0.0003684209 0.0000001350 0 0 0
989967 0 94 0.1391687726 0.0000606929 0.0000000265 0 0 0
990061 4 1137622 0.0000000000 0.0000000000 0.0000000000 0 0 0
2128353 0 94 0.0010459594 0.0000000009 0.0000000000 0 0 0
2129477 0 93 0.2734025387 0.0002432407 0.0000002164 0 0 0
2129617 4 16474 0.0000000000 0.0000000000 0.0000000000 0 0 0
2146808 2 468 0.0995534016 0.0000057910 0.0000000003 78 281 109
2147495 0 109 0.0291120815 0.0000423757 0.0000000617 0 0 0
2147604 4 35584 0.0000000000 0.0000000000 0.0000000000 0 0 0
2185808 0 94 0.0617295173 0.0000016158 0.0000000000 0 0 0
2191440 0 109 0.1245302017 0.0000221112 0.0000000039 0 0 0
2200161 0 93 0.3861328005 0.0000442762 0.0000000051 0 0 0
2216915 0 94 0.3038174553 0.0000455021 0.0000000068 0 0 0
2222625 0 93 0.1646657836 0.0000288381 0.0000000051 0 0 0
2225402 0 109 0.2266667158 0.0000816229 0.0000000294 0 0 0
2230222 0 109 0.3969113162 0.0002795150 0.0000001968 0 0 0
2232156 1 125 0.1303217798 0.0000673846 0.0000000348 0 0 0
2232936 0 94 0.0909187736 0.0001165625 0.0000001494 0 0 0
2234294 1 140 0.1333455642 0.0000981926 0.0000000723 0 0 0
2235651 0 109 0.0152175988 0.0000112141 0.0000000083 0 0 0
2237070 1 141 0.2027374972 0.0001428735 0.0000001007 0 0 0
2237975 0 125 0.0464257897 0.0000512992 0.0000000567 0 0 0
2241048 0 94 0.2913129415 0.0000947976 0.0000000308 0 0 0
2243732 0 93 0.2400377443 0.0000894328 0.0000000333 0 0 0
2246664 3 562 0.8555073965 0.0002917829 0.0000000995 0 0 0
2251610 0 109 0.4515791451 0.0001581713 0.0000000554 0 0 0
2258458 4 6833 0.0000000000 0.0000000000 0.0000000000 0 0 0
2265915 0 109 0.0178568832 0.0000023946 0.0000000003 0 0 0
2266929 0 94 0.0896638087 0.0000884258 0.0000000872 0 0 0
2272139 4 7644 0.0000000000 0.0000000000 0.0000000000 0 0 0
2280891 0 109 0.1026784608 0.0000117320 0.0000000013 0 0 0
2281687 0 124 0.5034088327 0.0006324232 0.0000007945 0 0 0
2286055 0 93 0.2260832980 0.0000517590 0.0000000118 0 0 0
2295477 0 125 0.1075839356 0.0000114184 0.0000000012 0 0 0
2299315 0 109 0.2992417178 0.0000779681 0.0000000203 0 0 0
2306070 0 124 0.1380604974 0.0000204383 0.0000000030 0 0 0
2311358 0 125 0.5268717704 0.0000996354 0.0000000188 0 0 0
2312060 4 17145 0.0000000000 0.0000000000 0.0000000000 0 0 0
2330172 0 109 0.0686678160 0.0000037913 0.0000000002 0 0 0
2332215 4 8362 0.0000000000 0.0000000000 0.0000000000 0 0 0
2341326 4 17285 0.0000000000 0.0000000000 0.0000000000 0 0 0
2363915 4 18580 0.0000000000 0.0000000000 0.0000000000 0 0 0
2384055 4 10670 0.0000000000 0.0000000000 0.0000000000 0 0 0
2398438 0 140 0.0803688622 0.0000055878 0.0000000004 0 0 0
2401651 4 9423 0.0000000000 0.0000000000 0.0000000000 0 0 0
2411823 0 93 0.0703046182 0.0000069116 0.0000000007 0 0 0
2413773 4 12885 0.0000000000 0.0000000000 0.0000000000 0 0 0
2437532 0 124 0.0520667897 0.0000021915 0.0000000001 0 0 0
2445706 3 10125 0.1184530169 0.0000144914 0.0000000018 0 0 0
2456767 0 109 0.0446259653 0.0000040345 0.0000000004 0 0 0
2458311 3 18861 0.3370737369 0.0002183120 0.0000001414 0 0 0
2482912 3 734 0.0989354178 0.0000040216 0.0000000002 0 0 0
2491524 0 124 0.2170912443 0.0000252080 0.0000000029 0 0 0
2494051 4 59280 0.0000000000 0.0000000000 0.0000000000 0 0 0
2554127 4 34273 0.0000000000 0.0000000000 0.0000000000 0 0 0
2589258 0 94 0.0198734714 0.0000005657 0.0000000000 0 0 0
2602206 4 12371 0.0000000000 0.0000000000 0.0000000000 0 0 0
2625918 4 29921 0.0000000000 0.0000000000 0.0000000000 0 0 0
2656073 0 110 0.0007360827 0.0000000244 0.0000000000 0 0 0
2659755 4 24102 0.0000000000 0.0000000000 0.0000000000 0 0 0
2688678 4 40498 0.0000000000 0.0000000000 0.0000000000 0 0 0
2742186 0 109 0.1957914966 0.0000246589 0.0000000031 0 0 0
2743325 0 109 1.0035156106 0.0008810497 0.0000007735 0 0 0
2743699 4 5647 0.0000000000 0.0000000000 0.0000000000 0 0 0
2750282 0 125 0.0599427717 0.0000091057 0.0000000014 0 0 0
2759658 0 109 0.2262701736 0.0000261826 0.0000000030 0 0 0
2768893 0 110 0.1767735681 0.0000191417 0.0000000021 0 0 0
2770547 0 125 0.8371589282 0.0005061420 0.0000003060 0 0 0
2772700 0 109 0.2462797341 0.0001143891 0.0000000531 0 0 0
2773761 0 124 0.5858557450 0.0005521732 0.0000005204 0 0 0
2775445 0 94 0.6753554963 0.0004010425 0.0000002381 0 0 0
2779829 0 109 0.1249593570 0.0000285035 0.0000000065 0 0 0
2784291 4 17831 0.0000000000 0.0000000000 0.0000000000 0 0 0
2809766 0 109 0.0216175488 0.0000008486 0.0000000000 0 0 0
2813510 0 140 0.0000000000 0.0000000000 0.0000000000 0 0 0
2816099 2 656 0.0108301784 0.0000041832 0.0000000016 141 405 110
2817176 0 140 0.0000000000 0.0000000000 0.0000000000 0 0 0
2834710 0 94 0.1620534476 0.0000117252 0.0000000008 0 0 0
2847128 4 57549 0.0000000000 0.0000000000 0.0000000000 0 0 0
2906658 0 125 0.0202626444 0.0000003404 0.0000000000 0 0 0
2908748 0 110 0.9113762420 0.0004360652 0.0000002086 0 0 0
2917079 0 109 0.3339026445 0.0000400795 0.0000000048 0 0 0
2919575 4 5600 0.0000000000 0.0000000000 0.0000000000 0 0 0
2930276 0 110 0.0592341430 0.0000055354 0.0000000005 0 0 0
2954878 0 125 0.0671678533 0.0000027302 0.0000000001 0 0 0
2959948 0 125 0.0595059062 0.0000117369 0.0000000023 0 0 0
2963910 4 9329 0.0000000000 0.0000000000 0.0000000000 0 0 0
2994689 0 125 0.0476195750 0.0000015471 0.0000000001 0 0 0
3006717 4 21512 0.0000000000 0.0000000000 0.0000000000 0 0 0
3030538 0 125 0.0126988600 0.0000005331 0.0000000000 0 0 0
3047449 0 125 0.1156620171 0.0000190578 0.0000000031 0 0 0
3048868 4 9626 0.0000000000 0.0000000000 0.0000000000 0 0 0
3080552 4 7691 0.0000000000 0.0000000000 0.0000000000 0 0 0
3089085 4 14041 0.0000000000 0.0000000000 0.0000000000 0 0 0
3105107 4 14399 0.0000000000 0.0000000000 0.0000000000 0 0 0
3146478 4 5445 0.0000000000 0.0000000000 0.0000000000 0 0 0
3159567 0 109 0.1069487666 0.0000081709 0.0000000006 0 0 0
3161891 4 18299 0.0000000000 0.0000000000 0.0000000000 0 0 0
3189659 0 110 0.0427166431 0.0000015383 0.0000000001 0 0 0
3192920 0 109 0.4022806937 0.0001233611 0.0000000378 0 0 0
3199519 0 140 0.2094025940 0.0000317325 0.0000000048 0 0 0
3206289 0 94 0.2210045091 0.0000326447 0.0000000048 0 0 0
3206788 4 65474 0.0000000000 0.0000000000 0.0000000000 0 0 0
3273057 0 110 0.0091099184 0.0000001375 0.0000000000 0 0 0
3280140 4 16052 0.0000000000 0.0000000000 0.0000000000 0 0 0
3302869 4 6911 0.0000000000 0.0000000000 0.0000000000 0 0 0
3311293 4 14337 0.0000000000 0.0000000000 0.0000000000 0 0 0
3326051 0 109 0.0989391979 0.0000067041 0.0000000005 0 0 0
3334881 4 30420 0.0000000000 0.0000000000 0.0000000000 0 0 0
3382835 4 11373 0.0000000000 0.0000000000 0.0000000000 0 0 0
3398404 4 31029 0.0000000000 0.0000000000 0.0000000000 0 0 0
3430572 0 124 0.0442493880 0.0000013756 0.0000000000 0 0 0
