75.7918994413 13.2851196327
102.7708333333 14.5948615149
435.7739130435 77.5604180617
78.7043478261 16.9910328847
282.5739130435 76.8893118450
74.4956521739 15.1711246971
0.2911064307 0.2731495706
0.0002469807 0.0003319515
0.0000002739 0.0000004744

1282 0 93 0.3639964071 0.0002839286 0.0000002215 0 0 0
3375 0 79 0.3643345234 0.0001740729 0.0000000832 0 0 0
4922 0 78 0.3625477487 0.0002343554 0.0000001515 0 0 0
6188 0 78 0.3958863987 0.0003127065 0.0000002470 0 0 0
8204 0 93 0.2566424133 0.0001273028 0.0000000631 0 0 0
9860 0 78 0.2633713184 0.0001590407 0.0000000960 0 0 0
18125 0 79 0.3558368788 0.0000430535 0.0000000052 0 0 0
19094 0 47 0.0515995872 0.0000532503 0.0000000550 0 0 0
20235 0 62 0.0883905248 0.0000774676 0.0000000679 0 0 0
22422 0 47 0.5071586292 0.0002318969 0.0000001060 0 0 0
24407 0 62 0.3098939117 0.0001561178 0.0000000786 0 0 0
36969 3 922 0.2649429143 0.0000432560 0.0000000071 0 0 0
39204 0 78 1.0223794339 0.0004574405 0.0000002047 0 0 0
42797 0 78 0.4735046980 0.0001882722 0.0000000749 0 0 0
50547 2 360 0.3557050689 0.0000458974 0.0000000059 63 250 47
51969 0 78 0.0206530441 0.0000145239 0.0000000102 0 0 0
52641 0 94 0.0258446175 0.0000384593 0.0000000572 0 0 0
55438 0 78 0.0213685481 0.0000076398 0.0000000027 0 0 0
56079 0 93 0.1639824705 0.0002558229 0.0000003991 0 0 0
56922 0 94 0.1895477996 0.0002248491 0.0000002667 0 0 0
57625 0 63 0.1587297028 0.0002257891 0.0000003212 0 0 0
58204 0 62 0.3331508500 0.0005753901 0.0000009938 0 0 0
59594 2 516 0.0989439774 0.0000711827 0.0000000512 63 375 78
66329 2 578 0.0377063969 0.0000055986 0.0000000008 62 453 63
67954 2 546 0.0164300977 0.0000101108 0.0000000062 93 375 78
71047 2 328 0.0256846898 0.0000083041 0.0000000027 63 219 46
71907 4 6640 0.0000000000 0.0000000000 0.0000000000 0 0 0
79016 2 438 0.0135643094 0.0000019080 0.0000000003 94 281 63
80063 0 62 0.0549430738 0.0000524767 0.0000000501 0 0 0
82094 0 94 0.1671549850 0.0000823018 0.0000000405 0 0 0
84172 0 63 0.6076293716 0.0002924107 0.0000001407 0 0 0
86657 3 14047 0.3330406250 0.0001340204 0.0000000539 0 0 0
108891 3 750 0.1139529832 0.0000051252 0.0000000002 0 0 0
127344 3 1906 0.0834057576 0.0000045199 0.0000000002 0 0 0
143860 3 9156 0.0498034644 0.0000030155 0.0000000002 0 0 0
160766 0 94 0.5670696254 0.0007560928 0.0000010081 0 0 0
173141 3 17469 0.0709416441 0.0000057327 0.0000000005 0 0 0
203641 3 766 0.0762138421 0.0000073023 0.0000000007 0 0 0
205891 0 63 0.4431140295 0.0001969396 0.0000000875 0 0 0
208141 1 125 0.6886630827 0.0003060725 0.0000001360 0 0 0
208719 0 47 0.1596954749 0.0002762897 0.0000004780 0 0 0
210547 0 78 0.0000000000 0.0000000000 0.0000000000 0 0 0
211422 0 94 0.0333391232 0.0000381019 0.0000000435 0 0 0
215469 2 422 0.4609207216 0.0001138919 0.0000000281 94 250 78
216735 0 62 0.4073388016 0.0003217526 0.0000002541 0 0 0
217391 0 94 0.2153087353 0.0003282145 0.0000005003 0 0 0
218579 3 375 0.3172372427 0.0002670347 0.0000002248 0 0 0
219500 1 125 0.5282442479 0.0005735551 0.0000006228 0 0 0
220094 0 94 0.2068863637 0.0004567028 0.0000010082 0 0 0
220985 3 578 1.0631327148 0.0011931905 0.0000013392 0 0 0
223235 0 78 0.1614242606 0.0000717441 0.0000000319 0 0 0
228094 0 78 0.3856242614 0.0001788610 0.0000000830 0 0 0
233829 0 78 0.2485213740 0.0001514451 0.0000000923 0 0 0
234782 0 62 0.0708549799 0.0000743494 0.0000000780 0 0 0
236500 0 94 0.0475453403 0.0000428723 0.0000000387 0 0 0
238297 0 78 0.0312208684 0.0000266390 0.0000000227 0 0 0
239547 0 63 0.3322575204 0.0002658060 0.0000002126 0 0 0
249516 0 94 0.2871200766 0.0000316840 0.0000000035 0 0 0
252657 0 93 0.1560921800 0.0000496951 0.0000000158 0 0 0
257266 0 78 0.2390945512 0.0000518756 0.0000000113 0 0 0
262813 0 62 0.0591954090 0.0000106716 0.0000000019 0 0 0
273969 0 94 0.0258182410 0.0000085633 0.0000000028 0 0 0
274610 0 62 0.0549101127 0.0000856632 0.0000001336 0 0 0
274985 4 5703 0.0000000000 0.0000000000 0.0000000000 0 0 0
283829 3 562 0.0855621152 0.0000096746 0.0000000011 0 0 0
284922 0 63 0.4521247812 0.0004136549 0.0000003785 0 0 0
286016 0 78 0.3045418500 0.0002783746 0.0000002545 0 0 0
286985 3 703 0.5844379241 0.0006031351 0.0000006224 0 0 0
289454 2 531 0.3557418960 0.0001440834 0.0000000584 78 390 63
296329 0 93 0.1940957733 0.0000282321 0.0000000041 0 0 0
301735 4 5937 0.0000000000 0.0000000000 0.0000000000 0 0 0
308125 0 63 0.1029479744 0.0000161108 0.0000000025 0 0 0
309032 0 78 1.0381843087 0.0011446354 0.0000012620 0 0 0
310516 0 94 0.2425799731 0.0001634636 0.0000001102 0 0 0
313204 2 437 0.1647696780 0.0000612982 0.0000000228 78 312 47
315829 2 515 0.0933749878 0.0000686581 0.0000000505 93 328 94
318625 2 500 0.1803291844 0.0001924538 0.0000002054 63 359 78
319704 0 93 0.0663467206 0.0000614891 0.0000000570 0 0 0
320688 0 78 0.1015274175 0.0001031783 0.0000001049 0 0 0
321969 0 78 0.0801820622 0.0000625933 0.0000000489 0 0 0
323000 0 79 0.2102958721 0.0002039727 0.0000001978 0 0 0
325969 0 47 0.4702463269 0.0001583854 0.0000000533 0 0 0
327157 0 93 0.3767848466 0.0003171590 0.0000002670 0 0 0
331266 0 78 0.2729128320 0.0000949262 0.0000000330 0 0 0
337360 0 78 0.3921643593 0.0000643525 0.0000000106 0 0 0
338344 0 94 0.2635190123 0.0002678039 0.0000002722 0 0 0
346875 0 94 0.1143963563 0.0000134095 0.0000000016 0 0 0
348157 0 62 0.0119400435 0.0000093136 0.0000000073 0 0 0
349938 0 94 0.1026739405 0.0000576496 0.0000000324 0 0 0
353891 0 78 0.1414160484 0.0000565664 0.0000000226 0 0 0
369829 0 93 0.3531017560 0.0001394557 0.0000000551 0 0 0
371813 0 94 0.6876510337 0.0003465983 0.0000001747 0 0 0
378594 3 906 0.1513092633 0.0000305490 0.0000000062 0 0 0
381266 3 7781 0.4045001558 0.0001513848 0.0000000567 0 0 0
389625 0 94 0.1423320662 0.0000170274 0.0000000020 0 0 0
392875 0 79 0.7169518035 0.0003956688 0.0000002184 0 0 0
393610 1 78 0.8841932901 0.0012029841 0.0000016367 0 0 0
394454 1 93 0.3652356108 0.0004327436 0.0000005127 0 0 0
395375 0 94 0.6100992617 0.0006624313 0.0000007193 0 0 0
400547 3 360 0.0854265230 0.0000165171 0.0000000032 0 0 0
401110 4 7000 0.0000000000 0.0000000000 0.0000000000 0 0 0
408719 0 94 0.0483600479 0.0000063556 0.0000000008 0 0 0
409375 1 79 0.7698509340 0.0011735533 0.0000017890 0 0 0
410172 1 125 0.3893349088 0.0004885005 0.0000006129 0 0 0
410516 1 109 0.0029069767 0.0000084505 0.0000000246 0 0 0
410704 1 109 0.0000000000 0.0000000000 0.0000000000 0 0 0
410907 1 93 0.0049261084 0.0000242665 0.0000001195 0 0 0
411079 1 78 0.0000000000 0.0000000000 0.0000000000 0 0 0
411954 1 78 0.0000000000 0.0000000000 0.0000000000 0 0 0
413235 1 109 0.0421150720 0.0001123069 0.0000002995 0 0 0
413438 1 78 0.0000000000 0.0000000000 0.0000000000 0 0 0
414016 0 94 0.1658027323 0.0002868559 0.0000004963 0 0 0
414329 1 93 0.3236665909 0.0010340786 0.0000033038 0 0 0
414657 1 125 0.0671483170 0.0003066133 0.0000014001 0 0 0
414860 1 94 0.0000000000 0.0000000000 0.0000000000 0 0 0
415235 1 78 0.0064102564 0.0000410914 0.0000002634 0 0 0
415688 1 109 0.0000000000 0.0000000000 0.0000000000 0 0 0
415985 1 125 0.0000000000 0.0000000000 0.0000000000 0 0 0
428766 0 94 0.1753810140 0.0000144835 0.0000000012 0 0 0
431110 0 94 0.2902878913 0.0003375441 0.0000003925 0 0 0
431829 0 62 0.8240608772 0.0011461208 0.0000015940 0 0 0
435360 0 78 0.1649700481 0.0000467205 0.0000000132 0 0 0
440110 0 94 0.1520109949 0.0001057100 0.0000000735 0 0 0
445938 0 62 0.1870949862 0.0000814519 0.0000000355 0 0 0
451313 3 281 0.0188017620 0.0000034980 0.0000000007 0 0 0
455891 3 11500 0.7581322971 0.0001656034 0.0000000362 0 0 0
472329 4 12562 0.0000000000 0.0000000000 0.0000000000 0 0 0
492063 3 1016 0.0593814162 0.0000030091 0.0000000002 0 0 0
499875 0 94 0.0833049535 0.0000106637 0.0000000014 0 0 0
503157 0 93 0.0212832192 0.0000064848 0.0000000020 0 0 0
508297 0 63 0.0334341037 0.0000065047 0.0000000013 0 0 0
512750 0 79 0.0247297806 0.0000055535 0.0000000012 0 0 0
512907 4 6031 0.0000000000 0.0000000000 0.0000000000 0 0 0
519735 0 78 0.0295517267 0.0000043280 0.0000000006 0 0 0
523063 0 78 0.0397589340 0.0000119468 0.0000000036 0 0 0
523188 4 20109 0.0000000000 0.0000000000 0.0000000000 0 0 0
546329 0 93 0.0227077441 0.0000009813 0.0000000000 0 0 0
551188 0 78 0.1954484015 0.0000402240 0.0000000083 0 0 0
555032 0 93 0.4215986247 0.0001096771 0.0000000285 0 0 0
556125 0 63 0.6719894163 0.0006148119 0.0000005625 0 0 0
558750 0 79 0.2897706747 0.0001103888 0.0000000421 0 0 0
560188 3 797 0.0016788690 0.0000011675 0.0000000008 0 0 0
561360 0 94 0.0386678350 0.0000329930 0.0000000282 0 0 0
562610 0 47 0.0643906273 0.0000515125 0.0000000412 0 0 0
568125 3 579 0.0657112302 0.0000119150 0.0000000022 0 0 0
569860 0 94 0.1258575195 0.0000725404 0.0000000418 0 0 0
575344 0 78 0.0406709523 0.0000074163 0.0000000014 0 0 0
579704 0 62 0.1024333010 0.0000234939 0.0000000054 0 0 0
581875 3 579 0.5317617314 0.0002449386 0.0000001128 0 0 0
583047 0 94 0.5539050883 0.0004726153 0.0000004033 0 0 0
583219 1 110 0.0000000000 0.0000000000 0.0000000000 0 0 0
583735 0 78 0.0711952244 0.0001379752 0.0000002674 0 0 0
585547 0 78 0.6180559669 0.0003410905 0.0000001882 0 0 0
587157 0 62 0.8257171841 0.0008257172 0.0000008257 0 0 0
591313 0 94 0.2249233091 0.0000541201 0.0000000130 0 0 0
604375 0 79 0.1925700402 0.0000147428 0.0000000011 0 0 0
610797 0 78 0.2722457111 0.0000423927 0.0000000066 0 0 0
623735 3 828 0.1607749607 0.0000411610 0.0000000105 0 0 0
625360 3 219 0.1078260888 0.0000663545 0.0000000408 0 0 0
626782 0 78 0.7864292186 0.0005530445 0.0000003889 0 0 0
627391 0 94 0.0826843581 0.0001357707 0.0000002229 0 0 0
629610 0 78 0.2302144942 0.0001864085 0.0000001509 0 0 0
631797 2 485 0.0714285714 0.0000662603 0.0000000615 110 312 63
632735 2 375 0.0469083156 0.0000500089 0.0000000533 78 203 94
665016 3 11375 0.1225982769 0.0000037978 0.0000000001 0 0 0
677204 3 609 0.0704702810 0.0000057819 0.0000000005 0 0 0
679922 3 532 0.1558155945 0.0000573273 0.0000000211 0 0 0
682829 0 93 0.1342968272 0.0000461977 0.0000000159 0 0 0
683688 1 109 0.3957620031 0.0004607241 0.0000005363 0 0 0
684157 0 78 0.0671047675 0.0001430805 0.0000003051 0 0 0
685266 0 94 0.7778692814 0.0007014150 0.0000006325 0 0 0
686641 0 78 1.0131691962 0.0014747732 0.0000021467 0 0 0
692860 0 78 0.1629280396 0.0000261984 0.0000000042 0 0 0
701219 3 2016 0.1530195102 0.0000183060 0.0000000022 0 0 0
704438 3 812 0.2640877108 0.0000820403 0.0000000255 0 0 0
705485 4 6875 0.0000000000 0.0000000000 0.0000000000 0 0 0
713954 3 765 0.0202120637 0.0000023866 0.0000000003 0 0 0
716875 3 2016 0.8513728863 0.0002914662 0.0000000998 0 0 0
720391 2 484 0.3494835742 0.0000993981 0.0000000283 94 312 78
721250 0 79 0.0654669010 0.0000762129 0.0000000887 0 0 0
721875 2 375 0.1952778035 0.0003124445 0.0000004999 110 187 78
723000 0 63 0.7635894118 0.0006787461 0.0000006033 0 0 0
726422 2 469 0.4427008976 0.0001293691 0.0000000378 78 297 94
729625 2 407 1.0572683669 0.0003300869 0.0000001031 63 250 94
732375 2 391 0.1969331663 0.0000947705 0.0000000456 94 219 78
733579 3 6937 0.2783299442 0.0002311711 0.0000001920 0 0 0
741672 3 1016 0.1353289843 0.0000167217 0.0000000021 0 0 0
744657 3 6281 0.3278510411 0.0001098328 0.0000000368 0 0 0
752079 3 1500 0.1352643853 0.0000182248 0.0000000025 0 0 0
754532 3 718 0.1540384484 0.0000627959 0.0000000256 0 0 0
756954 3 718 0.0784889803 0.0000324067 0.0000000134 0 0 0
758219 3 922 0.1349279709 0.0001066624 0.0000000843 0 0 0
760891 0 94 0.2928166064 0.0001095871 0.0000000410 0 0 0
764735 3 6937 0.4936628886 0.0001284243 0.0000000334 0 0 0
772422 0 47 0.0511556972 0.0000066548 0.0000000009 0 0 0
773875 1 110 0.2706580686 0.0001862753 0.0000001282 0 0 0
774266 0 78 0.0570109441 0.0001458080 0.0000003729 0 0 0
775532 0 93 0.6276991009 0.0004958129 0.0000003916 0 0 0
776469 0 78 0.9551599013 0.0010193809 0.0000010879 0 0 0
777375 0 94 0.8635229831 0.0009531159 0.0000010520 0 0 0
779000 0 79 0.4084425687 0.0002513493 0.0000001547 0 0 0
779985 0 78 0.2309876783 0.0002345053 0.0000002381 0 0 0
781391 0 78 0.1193242343 0.0000848679 0.0000000604 0 0 0
782532 0 78 0.1914208903 0.0001677659 0.0000001470 0 0 0
784797 2 391 0.1020490643 0.0000450548 0.0000000199 63 265 63
785454 0 78 0.0015220700 0.0000023167 0.0000000035 0 0 0
789172 2 453 0.0443526940 0.0000119292 0.0000000032 94 297 62
791547 2 438 0.0037894737 0.0000015956 0.0000000007 63 312 63
792407 0 78 0.0188867915 0.0000219614 0.0000000255 0 0 0
793000 0 63 0.2105211811 0.0003550104 0.0000005987 0 0 0
794235 0 78 0.3625185906 0.0002935373 0.0000002377 0 0 0
795469 0 94 0.3842147039 0.0003113571 0.0000002523 0 0 0
797672 2 391 0.1251021154 0.0000567872 0.0000000258 78 250 63
798250 0 94 0.0263599792 0.0000456055 0.0000000789 0 0 0
799297 0 47 0.0508941437 0.0000486095 0.0000000464 0 0 0
799985 0 78 0.0311253104 0.0000452403 0.0000000658 0 0 0
802344 0 78 0.0908344991 0.0000385055 0.0000000163 0 0 0
811360 0 78 0.0742410850 0.0000082344 0.0000000009 0 0 0
813313 0 78 0.0683401138 0.0000652723 0.0000000623 0 0 0
816110 0 78 0.3870542995 0.0001383819 0.0000000495 0 0 0
828750 0 94 0.0706866064 0.0000078271 0.0000000009 0 0 0
832922 0 94 0.2740751051 0.0000656939 0.0000000157 0 0 0
838547 3 3000 0.0931164271 0.0000165540 0.0000000029 0 0 0
848297 0 94 0.1703139901 0.0000174681 0.0000000018 0 0 0
851079 3 6171 0.2200388455 0.0000790938 0.0000000284 0 0 0
857657 0 93 0.0547718413 0.0000083265 0.0000000013 0 0 0
858922 0 63 0.5713315989 0.0004516455 0.0000003570 0 0 0
859579 0 46 0.6513451813 0.0009913930 0.0000015090 0 0 0
860079 3 1187 0.0219814096 0.0000439628 0.0000000879 0 0 0
865204 3 4093 0.3770618546 0.0000735730 0.0000000144 0 0 0
869985 3 7469 0.0729467657 0.0000152576 0.0000000032 0 0 0
883516 3 2438 0.0452916712 0.0000033473 0.0000000002 0 0 0
886641 0 94 0.2100757885 0.0000672243 0.0000000215 0 0 0
890657 3 3093 0.2134532594 0.0000531507 0.0000000132 0 0 0
894860 3 1219 0.1027636072 0.0000244501 0.0000000058 0 0 0
897235 0 62 0.0433333726 0.0000182456 0.0000000077 0 0 0
902250 0 94 0.2122727963 0.0000423276 0.0000000084 0 0 0
911516 0 63 0.0943674668 0.0000101843 0.0000000011 0 0 0
913657 2 328 0.1446796595 0.0001101901 0.0000000839 93 141 94
914188 0 78 0.0178382975 0.0000335938 0.0000000633 0 0 0
914266 4 5563 0.0000000000 0.0000000000 0.0000000000 0 0 0
920938 0 47 0.1671591400 0.0000250538 0.0000000038 0 0 0
949329 0 78 0.1083047058 0.0000038148 0.0000000001 0 0 0
952797 0 47 0.0005623116 0.0000002236 0.0000000001 0 0 0
958500 2 360 0.0049936364 0.0000008756 0.0000000002 110 156 94
962641 3 1063 0.3889385315 0.0001163094 0.0000000348 0 0 0
964313 0 78 0.1921969358 0.0001149503 0.0000000688 0 0 0
966219 0 78 0.2179399991 0.0001143442 0.0000000600 0 0 0
966813 0 62 0.1650538202 0.0002778684 0.0000004678 0 0 0
966985 4 7187 0.0000000000 0.0000000000 0.0000000000 0 0 0
974938 3 7578 0.0375913473 0.0000047267 0.0000000006 0 0 0
993219 3 4250 0.0605986252 0.0000080136 0.0000000011 0 0 0
998047 0 94 0.0750553128 0.0000155458 0.0000000032 0 0 0
1022469 3 5578 0.0205948725 0.0000009122 0.0000000000 0 0 0
1030188 2 422 0.1057123432 0.0001057123 0.0000001057 62 282 78
1032344 0 94 0.4844466517 0.0003371236 0.0000002346 0 0 0
1037735 0 78 0.1011193809 0.0000187571 0.0000000035 0 0 0
1038860 3 2000 0.6636339375 0.0005898968 0.0000005244 0 0 0
1041766 0 63 0.2234660176 0.0000768981 0.0000000265 0 0 0
1046532 3 1953 0.2099636642 0.0000440545 0.0000000092 0 0 0
1049047 0 78 0.1875943230 0.0000745902 0.0000000297 0 0 0
1050797 0 78 0.1244914720 0.0001374078 0.0000001517 0 0 0
1052032 0 62 0.4044473111 0.0003274877 0.0000002652 0 0 0
1052735 2 500 0.2040314503 0.0002902297 0.0000004128 78 328 94
1053532 2 437 0.1180985138 0.0001481788 0.0000001859 47 328 62
1054344 0 94 0.1516510691 0.0001867624 0.0000002300 0 0 0
1055204 0 62 0.2240949867 0.0002605756 0.0000003030 0 0 0
1056204 3 1281 0.8015482795 0.0008015483 0.0000008015 0 0 0
1058704 0 93 0.1382683605 0.0000553073 0.0000000221 0 0 0
1061688 2 344 0.1874308757 0.0000799620 0.0000000341 94 187 63
1064297 3 1610 0.3422012743 0.0001311619 0.0000000503 0 0 0
1068204 3 1859 0.1654232454 0.0000423402 0.0000000108 0 0 0
1072610 3 453 0.2611925805 0.0001404261 0.0000000755 0 0 0
1074000 0 63 0.2603616683 0.0001873106 0.0000001348 0 0 0
1081250 0 79 0.0872741815 0.0000120378 0.0000000017 0 0 0
1083688 0 78 0.0208770543 0.0000208771 0.0000000209 0 0 0
1084579 1 109 0.4049818240 0.0004545251 0.0000005101 0 0 0
1085204 0 62 0.0491244890 0.0000785992 0.0000001258 0 0 0
1086469 0 78 0.5991571199 0.0004736420 0.0000003744 0 0 0
1087719 0 78 0.6559026918 0.0005247222 0.0000004198 0 0 0
1090954 0 93 0.2922257555 0.0001280569 0.0000000561 0 0 0
1091719 0 63 0.9556445723 0.0012492086 0.0000016330 0 0 0
1096313 0 78 0.2260486767 0.0000492052 0.0000000107 0 0 0
1097860 0 94 0.5697577083 0.0003682985 0.0000002381 0 0 0
1102719 0 78 0.2191362713 0.0000450990 0.0000000093 0 0 0
1103547 0 78 1.0910681804 0.0013177152 0.0000015914 0 0 0
1105672 0 94 0.3166771939 0.0001490246 0.0000000701 0 0 0
1107969 2 360 0.1606981013 0.0000699600 0.0000000305 78 219 63
1109516 2 500 0.0141935471 0.0000091749 0.0000000059 78 344 78
1112063 2 578 0.0106260287 0.0000041720 0.0000000016 78 406 94
1113500 0 94 0.1235722327 0.0000859932 0.0000000598 0 0 0
1114297 0 94 0.1308969048 0.0001642370 0.0000002061 0 0 0
1116641 2 391 0.1194125858 0.0000878680 0.0000000647 94 234 63
1117297 0 78 0.0288061267 0.0000439118 0.0000000669 0 0 0
1118641 0 78 0.0371109035 0.0000276123 0.0000000205 0 0 0
1119219 0 78 0.0377931747 0.0000653861 0.0000001131 0 0 0
1121094 2 360 0.0466182406 0.0000248631 0.0000000133 63 250 47
1122547 4 5766 0.0000000000 0.0000000000 0.0000000000 0 0 0
1130438 2 359 0.0468961714 0.0000652242 0.0000000907 47 250 62
1137094 0 78 0.0948429909 0.0000142492 0.0000000021 0 0 0
1139829 3 953 0.2322296302 0.0000849103 0.0000000310 0 0 0
1141547 0 94 0.4214704838 0.0002453262 0.0000001428 0 0 0
1142313 3 1844 0.6752431681 0.0008815185 0.0000011508 0 0 0
1144907 0 62 0.1392484230 0.0000536810 0.0000000207 0 0 0
1146907 3 8297 0.1967222536 0.0000983611 0.0000000492 0 0 0
1157110 3 984 0.0441039412 0.0000043226 0.0000000004 0 0 0
1164157 3 1484 0.0210470371 0.0000029867 0.0000000004 0 0 0
1174782 0 93 0.0695341313 0.0000065444 0.0000000006 0 0 0
1175594 0 78 0.8572856445 0.0010557705 0.0000013002 0 0 0
1176422 1 78 0.4255675357 0.0005139705 0.0000006207 0 0 0
1176907 0 78 0.0743337471 0.0001901119 0.0000004862 0 0 0
1177969 0 63 0.6514237144 0.0006133933 0.0000005776 0 0 0
1179172 0 78 0.7083045634 0.0005887818 0.0000004894 0 0 0
1180032 0 62 0.9213839753 0.0010713767 0.0000012458 0 0 0
1180985 0 47 0.9986769016 0.0010479296 0.0000010996 0 0 0
1184000 0 79 0.2590159351 0.0000859091 0.0000000285 0 0 0
1185000 2 313 0.4344338575 0.0004344339 0.0000004344 79 171 63
1188172 0 78 0.0559889977 0.0000176510 0.0000000056 0 0 0
1190125 2 422 0.0133755338 0.0000068487 0.0000000035 110 234 78
1191594 2 422 0.0225502163 0.0000153507 0.0000000104 78 250 94
1193625 0 63 0.0248315873 0.0000122263 0.0000000060 0 0 0
1194282 0 78 0.0770298229 0.0001172448 0.0000001785 0 0 0
1201438 2 375 0.0168756244 0.0000113717 0.0000000077 78 219 78
1203907 2 343 0.0067437349 0.0000027314 0.0000000011 62 219 62
1205000 4 6157 0.0000000000 0.0000000000 0.0000000000 0 0 0
1211641 0 78 0.0328663398 0.0000049490 0.0000000007 0 0 0
1214282 0 62 0.3352993460 0.0001269592 0.0000000481 0 0 0
1217563 3 2875 0.1720015983 0.0000524235 0.0000000160 0 0 0
1220907 0 93 0.0784224983 0.0000234517 0.0000000070 0 0 0
1222188 0 78 0.0271603337 0.0000482422 0.0000000857 0 0 0
1222532 4 14234 0.0000000000 0.0000000000 0.0000000000 0 0 0
1256969 3 969 0.0492774927 0.0000027329 0.0000000002 0 0 0
1259250 0 79 0.1327924806 0.0000582168 0.0000000255 0 0 0
1262125 0 94 0.2567137677 0.0000892917 0.0000000311 0 0 0
1264938 0 94 0.1525108638 0.0000542164 0.0000000193 0 0 0
1265625 1 110 0.5361103532 0.0007803644 0.0000011359 0 0 0
1265985 0 78 0.0929258237 0.0002581273 0.0000007170 0 0 0
1267407 2 390 0.5591028017 0.0003931806 0.0000002765 78 219 93
1268797 0 63 0.5465059279 0.0003931697 0.0000002829 0 0 0
1269657 2 437 0.9629030968 0.0011196548 0.0000013019 62 281 94
1270641 0 94 0.3918960001 0.0003982683 0.0000004047 0 0 0
1271579 0 78 0.2225873258 0.0002372999 0.0000002530 0 0 0
1272329 0 93 0.8637495572 0.0011516661 0.0000015356 0 0 0
1275907 0 78 0.6549413941 0.0001830468 0.0000000512 0 0 0
1278266 2 406 0.0642285354 0.0000272270 0.0000000115 78 250 78
1280235 0 62 0.0391644038 0.0000198905 0.0000000101 0 0 0
1281547 0 78 0.0913414964 0.0000696200 0.0000000531 0 0 0
1282891 2 422 0.0168468923 0.0000125349 0.0000000093 78 297 47
1284172 0 78 0.1149765428 0.0000897553 0.0000000701 0 0 0
1284766 0 78 0.2912285867 0.0004902838 0.0000008254 0 0 0
1285735 0 78 0.2600699024 0.0002683900 0.0000002770 0 0 0
1286907 2 437 0.1326040603 0.0001131434 0.0000000965 62 313 62
1288547 2 438 0.0229946545 0.0000140211 0.0000000085 63 297 78
1289422 0 63 0.1487782324 0.0001700323 0.0000001943 0 0 0
1292391 0 94 0.0314233862 0.0000147875 0.0000000070 0 0 0
1293141 0 94 0.0463983230 0.0000618644 0.0000000825 0 0 0
1293985 0 78 0.1957989526 0.0002319893 0.0000002749 0 0 0
1309500 4 8250 0.0000000000 0.0000000000 0.0000000000 0 0 0
1319063 0 78 0.1182295265 0.0000123632 0.0000000013 0 0 0
1324532 0 62 0.3747514412 0.0000685228 0.0000000125 0 0 0
1339516 0 78 0.0892373310 0.0000059555 0.0000000004 0 0 0
1342157 0 78 0.2072240182 0.0000784642 0.0000000297 0 0 0
1350266 0 63 0.1486669691 0.0000183336 0.0000000023 0 0 0
1352891 0 78 0.1751061401 0.0000667071 0.0000000254 0 0 0
1353985 0 62 1.0868249704 0.0009934415 0.0000009081 0 0 0
1354797 0 63 0.5487854005 0.0006758441 0.0000008323 0 0 0
1357625 0 63 0.5736516281 0.0004589213 0.0000003671 0 0 0
1359985 0 94 0.4294418942 0.0001819669 0.0000000771 0 0 0
1360719 0 94 0.9167240848 0.0012489429 0.0000017016 0 0 0
1362016 0 94 0.6286135065 0.0004846673 0.0000003737 0 0 0
1362938 0 62 0.0130151844 0.0000141163 0.0000000153 0 0 0
1363954 0 78 0.0628232550 0.0000618339 0.0000000609 0 0 0
1364610 0 94 1.0208993882 0.0015562491 0.0000023723 0 0 0
1366641 0 94 0.8015431582 0.0003946544 0.0000001943 0 0 0
1369375 0 79 0.0190582995 0.0000069708 0.0000000025 0 0 0
1370032 0 93 0.0395738204 0.0000602341 0.0000000917 0 0 0
1371125 2 407 0.1289680979 0.0001179946 0.0000001080 79 265 63
1371813 0 62 0.1103528029 0.0001603965 0.0000002331 0 0 0
1372547 0 63 0.1488671132 0.0002028162 0.0000002763 0 0 0
1376266 2 484 0.0242153263 0.0000109920 0.0000000050 78 297 109
1378079 3 296 0.0608295568 0.0000335519 0.0000000185 0 0 0
1379344 2 391 0.1831827253 0.0001448085 0.0000001145 94 203 94
1380875 0 94 0.0530647758 0.0000693657 0.0000000907 0 0 0
1381813 0 62 0.2386530906 0.0002544276 0.0000002712 0 0 0
1385297 0 63 0.2616866998 0.0000751110 0.0000000216 0 0 0
1404063 3 672 0.0503093935 0.0000026809 0.0000000001 0 0 0
1408500 0 63 0.0172791495 0.0000208685 0.0000000252 0 0 0
1409235 1 94 0.5685327113 0.0007735139 0.0000010524 0 0 0
1409657 0 62 0.1339139917 0.0003173317 0.0000007520 0 0 0
1411500 0 79 0.4711452071 0.0002556404 0.0000001387 0 0 0
1413375 2 532 1.0436170551 0.0015190932 0.0000022112 79 375 78
1414547 0 63 0.6363896614 0.0005429946 0.0000004633 0 0 0
1417000 0 94 0.4015520757 0.0001636984 0.0000000667 0 0 0
1418797 2 297 0.1469187391 0.0000817578 0.0000000455 63 156 78
1419625 2 375 0.0778696730 0.0000940455 0.0000001136 79 218 78
1421313 2 578 0.0699542164 0.0000414421 0.0000000246 94 437 47
1422110 2 344 0.0566653421 0.0000710983 0.0000000892 94 171 79
1426579 0 93 0.0552325581 0.0000802799 0.0000001167 0 0 0
1429719 2 453 0.0302314314 0.0000122444 0.0000000050 78 282 93
1430766 0 78 0.1803716529 0.0001722747 0.0000001645 0 0 0
1434829 0 78 0.1659586701 0.0000408463 0.0000000101 0 0 0
1438829 0 78 0.1200902190 0.0000300226 0.0000000075 0 0 0
1444313 0 94 0.0781861883 0.0000142571 0.0000000026 0 0 0
1444610 4 9469 0.0000000000 0.0000000000 0.0000000000 0 0 0
1454625 0 79 0.0087196393 0.0000008707 0.0000000001 0 0 0
1461297 0 94 0.0518723668 0.0000077746 0.0000000012 0 0 0
1462063 0 78 0.1550195652 0.0002023754 0.0000002642 0 0 0
1463297 0 63 0.5370186748 0.0004351853 0.0000003527 0 0 0
1464219 0 94 0.0265041368 0.0000287464 0.0000000312 0 0 0
1465329 1 93 0.4489850417 0.0004044910 0.0000003644 0 0 0
1473157 0 62 0.4285153715 0.0001312050 0.0000000402 0 0 0
1476219 0 94 0.2350902839 0.0000767767 0.0000000251 0 0 0
1484454 0 93 0.0464876208 0.0000487292 0.0000000511 0 0 0
1486782 0 62 0.3547780347 0.0001523961 0.0000000655 0 0 0
1487907 0 93 0.7935947281 0.0007054175 0.0000006270 0 0 0
1488922 0 78 0.7514375467 0.0007403326 0.0000007294 0 0 0
1490657 0 62 0.6479922868 0.0003734826 0.0000002153 0 0 0
1491829 0 62 0.7419799387 0.0006330887 0.0000005402 0 0 0
1492750 0 63 0.7416034971 0.0008052155 0.0000008743 0 0 0
1493485 0 62 1.0404067826 0.0014155194 0.0000019259 0 0 0
1495844 0 47 0.2621169252 0.0001111136 0.0000000471 0 0 0
1497235 0 78 0.1868542479 0.0001343309 0.0000000966 0 0 0
1498094 2 406 0.1789835921 0.0002083627 0.0000002426 94 234 78
1499579 0 78 0.3381579244 0.0002277158 0.0000001533 0 0 0
1501422 0 63 0.4222775377 0.0002291251 0.0000001243 0 0 0
1516188 0 78 0.1639631215 0.0000160937 0.0000000016 0 0 0
1517657 2 343 0.6904752738 0.0004700308 0.0000003200 93 157 93
1519391 0 78 0.4759711769 0.0002744932 0.0000001583 0 0 0
1520563 0 62 0.8197470735 0.0006994429 0.0000005968 0 0 0
1523563 0 47 0.2942398275 0.0000980799 0.0000000327 0 0 0
1524266 4 5344 0.0000000000 0.0000000000 0.0000000000 0 0 0
1535266 3 656 0.0562001298 0.0000051091 0.0000000005 0 0 0
1537860 3 687 0.0842150013 0.0000324653 0.0000000125 0 0 0
1541204 3 671 0.0688693124 0.0000205949 0.0000000062 0 0 0
1543297 0 94 0.0581835169 0.0000277991 0.0000000133 0 0 0
1544954 0 78 0.2828776209 0.0001707167 0.0000001030 0 0 0
1547063 1 109 0.4714278108 0.0006705943 0.0000009539 0 0 0
1547454 0 62 0.1022283148 0.0002614535 0.0000006687 0 0 0
1548625 0 94 0.6300536838 0.0005380476 0.0000004595 0 0 0
1549485 0 78 0.9054842252 0.0010528886 0.0000012243 0 0 0
1550438 0 78 0.8508287408 0.0008927899 0.0000009368 0 0 0
1552172 0 78 0.1614921896 0.0000931328 0.0000000537 0 0 0
1553250 0 79 0.5101543713 0.0004732415 0.0000004390 0 0 0
1555407 0 62 0.2311654978 0.0001071699 0.0000000497 0 0 0
1559563 3 1266 0.1193636240 0.0000287208 0.0000000069 0 0 0
1563125 0 79 0.3393910358 0.0000952810 0.0000000267 0 0 0
1565204 3 968 0.6772375614 0.0004979688 0.0000003662 0 0 0
1567829 3 734 0.0560003798 0.0000213335 0.0000000081 0 0 0
1571954 1 78 0.2708701715 0.0002139575 0.0000001690 0 0 0
1572344 0 63 0.0812211490 0.0002734719 0.0000009208 0 0 0
1573500 0 94 0.7253597290 0.0006274738 0.0000005428 0 0 0
1575094 0 78 0.8207536174 0.0008901883 0.0000009655 0 0 0
1576141 0 47 0.2618320088 0.0002500783 0.0000002389 0 0 0
1577141 2 406 0.4560463716 0.0004560464 0.0000004560 78 281 47
1577610 3 484 0.0021321962 0.0000045463 0.0000000097 0 0 0
1578516 0 47 0.4062972606 0.0004484517 0.0000004950 0 0 0
1579250 0 63 0.4272539002 0.0005820898 0.0000007930 0 0 0
1584110 0 94 0.3747734595 0.0000771139 0.0000000159 0 0 0
1585344 3 6485 0.2756620682 0.0002233890 0.0000001810 0 0 0
1591907 0 93 0.0000000000 0.0000000000 0.0000000000 0 0 0
1592657 0 62 0.1132773755 0.0001510365 0.0000002014 0 0 0
1595391 2 547 0.2924913909 0.0001534582 0.0000000805 109 344 94
1597563 0 94 0.1250000000 0.0000941265 0.0000000709 0 0 0
1598500 2 407 0.2753468517 0.0002938600 0.0000003136 110 203 94
1599829 0 78 0.4068656264 0.0003061442 0.0000002304 0 0 0
1600500 0 94 1.0311906488 0.0015367968 0.0000022903 0 0 0
1605782 0 93 0.0869679072 0.0000164650 0.0000000031 0 0 0
1610282 0 93 0.0415600276 0.0000092356 0.0000000021 0 0 0
1611219 0 94 0.3301184574 0.0003523143 0.0000003760 0 0 0
1611625 3 188 0.1091701226 0.0002688919 0.0000006623 0 0 0
1613704 2 531 0.0766423111 0.0000368650 0.0000000177 62 375 94
1615407 0 62 0.4398267592 0.0006545041 0.0000009740 0 0 0
1623141 0 63 0.3929834953 0.0002418360 0.0000001488 0 0 0
1628735 0 78 0.1012377122 0.0000180976 0.0000000032 0 0 0
1630782 0 93 0.7244571955 0.0005585638 0.0000004307 0 0 0
1634985 0 78 0.1282856256 0.0000305224 0.0000000073 0 0 0
1646079 3 750 0.1073468328 0.0000096761 0.0000000009 0 0 0
1647469 0 63 0.3659781194 0.0002632936 0.0000001894 0 0 0
1649079 3 656 0.4010717491 0.0002491129 0.0000001547 0 0 0
1651860 0 94 0.0315266887 0.0000113365 0.0000000041 0 0 0
1657704 3 10953 0.0941694426 0.0000161139 0.0000000028 0 0 0
1670141 3 609 0.0534913487 0.0000043010 0.0000000003 0 0 0
1675329 3 1656 0.3897078842 0.0000751172 0.0000000145 0 0 0
1677079 4 8703 0.0000000000 0.0000000000 0.0000000000 0 0 0
1697438 3 2641 0.1058440204 0.0000051989 0.0000000003 0 0 0
1702625 0 63 0.2139877569 0.0000412546 0.0000000080 0 0 0
1703688 0 78 0.6612918006 0.0006220995 0.0000005852 0 0 0
1704782 0 62 0.1130812438 0.0002892103 0.0000007397 0 0 0
1706860 0 62 0.6808365605 0.0003276403 0.0000001577 0 0 0
1707672 0 78 0.9677612863 0.0011918242 0.0000014678 0 0 0
1708610 2 406 0.9399671583 0.0010020972 0.0000010683 62 250 94
1709860 0 62 0.4124882319 0.0003299906 0.0000002640 0 0 0
1710641 0 47 0.6564695440 0.0008405500 0.0000010762 0 0 0
1711766 0 63 0.2233132202 0.0001985006 0.0000001764 0 0 0
1712922 0 78 0.4500313912 0.0003893005 0.0000003368 0 0 0
1715454 0 78 0.3007975247 0.0001187984 0.0000000469 0 0 0
1716282 0 78 0.1673398432 0.0002021013 0.0000002441 0 0 0
1719063 2 578 0.0432685174 0.0000155586 0.0000000056 78 422 78
1719813 0 94 0.0199876064 0.0000266501 0.0000000355 0 0 0
1720610 0 78 0.5363043382 0.0006729038 0.0000008443 0 0 0
1722375 0 63 0.3618312655 0.0002050035 0.0000001161 0 0 0
1724235 3 1578 0.2495291805 0.0001341555 0.0000000721 0 0 0
1727047 3 1141 0.1327303995 0.0000472014 0.0000000168 0 0 0
1734813 3 172 0.1072621151 0.0000138118 0.0000000018 0 0 0
1735469 1 110 0.5323055992 0.0008114415 0.0000012370 0 0 0
1735907 0 78 0.0883301342 0.0002016670 0.0000004604 0 0 0
1737188 0 78 0.5572785203 0.0004350340 0.0000003396 0 0 0
1737891 0 47 1.0455154404 0.0014872197 0.0000021155 0 0 0
1738532 0 62 0.1476128226 0.0002302852 0.0000003593 0 0 0
1739438 0 94 0.7837497742 0.0008650660 0.0000009548 0 0 0
1740563 2 391 0.7803586949 0.0006936522 0.0000006166 94 203 94
1742375 0 79 0.4299828747 0.0002372974 0.0000001310 0 0 0
1745829 0 78 0.5600819415 0.0001621546 0.0000000469 0 0 0
1747454 0 62 0.7606038353 0.0004680639 0.0000002880 0 0 0
1748657 2 547 0.0706566916 0.0000587337 0.0000000488 109 359 79
1749860 0 62 0.3284465498 0.0002730229 0.0000002270 0 0 0
1755938 0 78 0.0864114759 0.0000142171 0.0000000023 0 0 0
1756532 0 78 1.0306679148 0.0017351312 0.0000029211 0 0 0
1757532 0 93 0.1221105346 0.0001221105 0.0000001221 0 0 0
1759704 0 93 0.1157380639 0.0000851015 0.0000000626 0 0 0
1760391 0 78 0.2110615672 0.0003072221 0.0000004472 0 0 0
1761204 2 531 0.2565058063 0.0003155053 0.0000003881 109 297 125
1762282 2 390 0.0995657701 0.0000923616 0.0000000857 109 203 78
1763875 0 79 0.2119634987 0.0002467561 0.0000002873 0 0 0
1765297 2 422 0.4565821275 0.0003210845 0.0000002258 94 281 47
1766344 0 94 0.3397241126 0.0003244738 0.0000003099 0 0 0
1772422 0 94 0.1827473624 0.0000300670 0.0000000049 0 0 0
1773079 2 390 0.1598173516 0.0002432532 0.0000003702 78 234 78
1782407 0 62 0.0786903588 0.0000093779 0.0000000011 0 0 0
1783063 3 187 0.5299912153 0.0008079134 0.0000012316 0 0 0
1785719 3 2406 0.2283281591 0.0000859669 0.0000000324 0 0 0
1790454 0 62 0.0836377002 0.0000176637 0.0000000037 0 0 0
1793157 3 6734 0.0995170248 0.0000368172 0.0000000136 0 0 0
1801438 3 5469 0.0245563843 0.0000266338 0.0000000289 0 0 0
1808844 3 2063 0.0322225770 0.0000043509 0.0000000006 0 0 0
1811235 0 62 0.0026826489 0.0000011220 0.0000000005 0 0 0
1812313 0 78 0.1156520242 0.0001072839 0.0000000995 0 0 0
1817500 0 79 0.0199908519 0.0000038540 0.0000000007 0 0 0
1820938 0 78 0.0313164359 0.0000091089 0.0000000026 0 0 0
1822266 0 47 0.3349313663 0.0002522074 0.0000001899 0 0 0
1823813 0 78 0.1158154329 0.0000748645 0.0000000484 0 0 0
1823891 4 12859 0.0000000000 0.0000000000 0.0000000000 0 0 0
1837204 4 13265 0.0000000000 0.0000000000 0.0000000000 0 0 0
1851438 3 1156 0.0517605287 0.0000036364 0.0000000003 0 0 0
1858110 0 78 0.0521675313 0.0000078189 0.0000000012 0 0 0
1859907 4 25468 0.0000000000 0.0000000000 0.0000000000 0 0 0
1886344 3 656 0.0255832141 0.0000009677 0.0000000000 0 0 0
1887610 0 94 0.1081117028 0.0000853963 0.0000000675 0 0 0
1888485 0 94 0.1035661767 0.0001183613 0.0000001353 0 0 0
1890797 0 47 0.0646119185 0.0000279463 0.0000000121 0 0 0
1893110 3 10937 0.3989998540 0.0001725032 0.0000000746 0 0 0
1904532 0 78 0.0217334605 0.0000019028 0.0000000002 0 0 0
1906063 2 547 0.5109639142 0.0003337452 0.0000002180 94 390 63
1913219 0 94 0.1588720234 0.0000222012 0.0000000031 0 0 0
1916985 4 6453 0.0000000000 0.0000000000 0.0000000000 0 0 0
1932079 0 62 0.0435506917 0.0000113739 0.0000000030 0 0 0
1942329 0 93 0.0821474382 0.0000080144 0.0000000008 0 0 0
1947625 0 94 0.0351381811 0.0000066349 0.0000000013 0 0 0
1947719 4 14953 0.0000000000 0.0000000000 0.0000000000 0 0 0
1963266 0 63 0.0072875595 0.0000004687 0.0000000000 0 0 0
1965079 0 78 0.2223075176 0.0001226186 0.0000000676 0 0 0
1965704 0 78 0.1456000000 0.0002329600 0.0000003727 0 0 0
1966375 1 110 0.5427101122 0.0008088079 0.0000012054 0 0 0
1966782 0 62 0.1407358720 0.0003457884 0.0000008496 0 0 0
1968516 0 78 0.4742573579 0.0002735048 0.0000001577 0 0 0
1970282 0 93 0.8852145378 0.0008712742 0.0000008576 0 0 0
1971204 2 375 0.8197392628 0.0008890881 0.0000009643 78 218 79
1972063 0 78 0.1119933537 0.0001303764 0.0000001518 0 0 0
1973204 0 62 0.6139255955 0.0005380592 0.0000004716 0 0 0
1974797 0 78 0.6392770853 0.0004013039 0.0000002519 0 0 0
1981782 0 78 0.1907471531 0.0000273081 0.0000000039 0 0 0
1983469 0 78 0.3218355660 0.0001907739 0.0000001131 0 0 0
1985063 0 62 0.6902556913 0.0004330337 0.0000002717 0 0 0
1992969 0 78 0.2088450057 0.0000264160 0.0000000033 0 0 0
1995141 0 78 0.2410764593 0.0001109928 0.0000000511 0 0 0
1996547 0 78 0.5574737577 0.0003964963 0.0000002820 0 0 0
1997360 0 78 0.4351722707 0.0005352672 0.0000006584 0 0 0
1998500 0 79 0.4893646436 0.0004292672 0.0000003766 0 0 0
2000985 3 687 0.2340650725 0.0000941912 0.0000000379 0 0 0
2004860 3 875 0.0259806664 0.0000067047 0.0000000017 0 0 0
2008516 0 63 0.1703022948 0.0000465816 0.0000000127 0 0 0
2009188 0 78 0.1926942906 0.0002867475 0.0000004267 0 0 0
2009985 1 109 0.4302201306 0.0005397994 0.0000006773 0 0 0
2010438 0 78 0.0479329045 0.0001058122 0.0000002336 0 0 0
2011469 0 78 0.6770205027 0.0006566639 0.0000006369 0 0 0
2012672 0 78 0.6483346816 0.0005389316 0.0000004480 0 0 0
2013407 0 78 1.0001520976 0.0013607512 0.0000018514 0 0 0
2014672 0 78 0.2260160367 0.0001786688 0.0000001412 0 0 0
2015719 0 78 0.4105404754 0.0003921112 0.0000003745 0 0 0
2017375 0 63 0.4325448680 0.0002611986 0.0000001577 0 0 0
2018188 0 62 0.4044970938 0.0004975364 0.0000006120 0 0 0
2019829 0 62 0.3843663970 0.0002342269 0.0000001427 0 0 0
2020329 4 12390 0.0000000000 0.0000000000 0.0000000000 0 0 0
2035110 0 78 0.0425944001 0.0000028817 0.0000000002 0 0 0
2037047 0 94 0.8253439897 0.0006363485 0.0000004906 0 0 0
2037860 0 62 0.0041995247 0.0000051655 0.0000000064 0 0 0
2044891 0 63 0.1194406481 0.0000169877 0.0000000024 0 0 0
2046063 0 78 0.0000000000 0.0000000000 0.0000000000 0 0 0
2046141 4 6625 0.0000000000 0.0000000000 0.0000000000 0 0 0
2062188 4 6234 0.0000000000 0.0000000000 0.0000000000 0 0 0
2082891 4 5563 0.0000000000 0.0000000000 0.0000000000 0 0 0
2107157 4 56078 0.0000000000 0.0000000000 0.0000000000 0 0 0
2166282 3 812 0.0138816309 0.0000002348 0.0000000000 0 0 0
2168141 0 63 0.3019996650 0.0001624528 0.0000000874 0 0 0
2171782 0 78 0.2263569783 0.0000621689 0.0000000171 0 0 0
2178657 0 78 0.1346691818 0.0000195882 0.0000000028 0 0 0
2180297 0 94 0.2297750723 0.0002674914 0.0000003114 0 0 0
2180391 4 6297 0.0000000000 0.0000000000 0.0000000000 0 0 0
2187657 0 78 0.1356431342 0.0000186682 0.0000000026 0 0 0
2188438 0 47 0.2989468875 0.0003827745 0.0000004901 0 0 0
2194375 3 391 0.1081861482 0.0000182224 0.0000000031 0 0 0
2195344 0 78 0.4663829223 0.0004813033 0.0000004967 0 0 0
2196516 3 719 0.4795445264 0.0004091677 0.0000003491 0 0 0
2198641 3 563 0.0826175013 0.0000388788 0.0000000183 0 0 0
2201297 0 47 0.0817784719 0.0000307901 0.0000000116 0 0 0
2203188 4 7062 0.0000000000 0.0000000000 0.0000000000 0 0 0
2210766 0 63 0.0125933082 0.0000016618 0.0000000002 0 0 0
2217563 0 78 0.0082459160 0.0000017589 0.0000000004 0 0 0
2228563 0 62 0.1130520384 0.0000102775 0.0000000009 0 0 0
2229766 0 63 1.0139072315 0.0008428157 0.0000007006 0 0 0
2230954 0 78 0.0000000000 0.0000000000 0.0000000000 0 0 0
2232235 4 9953 0.0000000000 0.0000000000 0.0000000000 0 0 0
2242922 0 63 0.0539393379 0.0000050472 0.0000000005 0 0 0
2244735 0 94 0.1167731500 0.0000644088 0.0000000355 0 0 0
2246657 3 531 0.0219864622 0.0000114394 0.0000000060 0 0 0
2247344 0 94 0.2597398796 0.0003780784 0.0000005503 0 0 0
2248297 0 63 0.1668415530 0.0001750698 0.0000001837 0 0 0
2248922 0 78 0.1402191719 0.0002243507 0.0000003590 0 0 0
2251969 0 78 0.3062572420 0.0001005111 0.0000000330 0 0 0
2256547 3 797 0.0694224190 0.0000151644 0.0000000033 0 0 0
2258125 0 63 0.1494203539 0.0000946897 0.0000000600 0 0 0
2260547 3 532 0.0570955983 0.0000235737 0.0000000097 0 0 0
2261594 0 63 0.3643198928 0.0003479655 0.0000003323 0 0 0
2263688 0 78 0.2596317459 0.0001239884 0.0000000592 0 0 0
2265672 0 78 0.1514889693 0.0000763553 0.0000000385 0 0 0
2270204 3 1625 0.0832386486 0.0000183669 0.0000000041 0 0 0
2272985 3 1125 0.3193671968 0.0001148390 0.0000000413 0 0 0
2288547 3 2360 0.1214838650 0.0000078064 0.0000000005 0 0 0
2292704 3 703 0.1674976794 0.0000402929 0.0000000097 0 0 0
2294391 0 63 0.0601986334 0.0000356838 0.0000000212 0 0 0
2298250 0 63 0.0498705468 0.0000129232 0.0000000033 0 0 0
2300032 0 78 0.0579909578 0.0000325426 0.0000000183 0 0 0
2301094 0 94 0.0231998718 0.0000218455 0.0000000206 0 0 0
2305954 0 93 0.2608033820 0.0001324547 0.0000000673 0 0 0
2306579 2 578 0.0225031922 0.0000360051 0.0000000576 62 438 78
2308313 0 78 0.2373262292 0.0001368663 0.0000000789 0 0 0
2309750 3 782 0.3189435929 0.0002219510 0.0000001545 0 0 0
2310938 0 94 0.1382676793 0.0001163869 0.0000000980 0 0 0
2312657 0 93 0.4488057102 0.0002610853 0.0000001519 0 0 0
2320500 0 47 0.0839624304 0.0001014039 0.0000001225 0 0 0
2323469 0 63 0.1987550051 0.0000669434 0.0000000225 0 0 0
2324188 1 94 0.5392547297 0.0007500066 0.0000010431 0 0 0
2324516 0 63 0.0837899613 0.0002554572 0.0000007788 0 0 0
2326125 0 94 0.4847936425 0.0003013012 0.0000001873 0 0 0
2329125 0 79 0.7780071145 0.0013460331 0.0000023288 0 0 0
2330407 0 78 0.7471869326 0.0005828291 0.0000004546 0 0 0
2336282 3 453 0.1304329967 0.0000393701 0.0000000119 0 0 0
2337766 0 63 0.3814422128 0.0002570365 0.0000001732 0 0 0
2339016 0 78 0.4641404597 0.0003713124 0.0000002970 0 0 0
2339782 1 109 0.0565281502 0.0000737965 0.0000000963 0 0 0
2341079 0 78 0.1817641285 0.0001401420 0.0000001081 0 0 0
2342907 0 93 0.1091617344 0.0000597165 0.0000000327 0 0 0
2348563 3 422 0.1698685363 0.0000787887 0.0000000365 0 0 0
2351391 0 94 0.3741587976 0.0002259413 0.0000001364 0 0 0
2351985 2 562 0.3333988779 0.0005612776 0.0000009449 94 421 47
2355188 3 9797 0.1877021401 0.0000586020 0.0000000183 0 0 0
2365891 0 78 0.0983816980 0.0000091920 0.0000000009 0 0 0
2369204 1 93 0.8495619342 0.0002564328 0.0000000774 0 0 0
2371125 0 63 0.1144560109 0.0000927520 0.0000000752 0 0 0
2372297 0 94 0.6404194473 0.0005464330 0.0000004662 0 0 0
2373782 0 78 1.0655551549 0.0012177773 0.0000013917 0 0 0
2376219 0 78 0.0118120622 0.0000148207 0.0000000186 0 0 0
2377110 2 359 0.4697746808 0.0005272443 0.0000005917 62 235 62
2381188 0 47 0.4012348003 0.0002356047 0.0000001383 0 0 0
2381563 3 297 0.0544379028 0.0001451677 0.0000003871 0 0 0
2385188 3 937 0.0559504163 0.0000154346 0.0000000043 0 0 0
2387329 0 78 0.0923959644 0.0000431555 0.0000000202 0 0 0
2390141 3 297 0.0206143349 0.0000073308 0.0000000026 0 0 0
2393329 0 93 0.1393878903 0.0000437227 0.0000000137 0 0 0
2399313 0 78 0.1030415690 0.0000172195 0.0000000029 0 0 0
2400141 0 78 0.1771138666 0.0002139056 0.0000002583 0 0 0
2402922 0 78 0.0625995166 0.0001027907 0.0000001688 0 0 0
2403079 1 109 0.0063694268 0.0000405696 0.0000002584 0 0 0
2403547 0 63 0.0651958667 0.0001393074 0.0000002977 0 0 0
2406313 0 94 1.0437812375 0.0014847528 0.0000021120 0 0 0
2407610 0 78 0.7108645241 0.0005480837 0.0000004226 0 0 0
2410891 0 94 0.2296504818 0.0000699941 0.0000000213 0 0 0
2412422 0 78 0.1032431540 0.0000674351 0.0000000440 0 0 0
2419813 0 78 0.1050685830 0.0000142157 0.0000000019 0 0 0
2422641 3 766 0.5240071289 0.0002447488 0.0000001143 0 0 0
2423985 0 78 0.2408700568 0.0001792188 0.0000001333 0 0 0
2424844 3 688 0.5709072177 0.0006646184 0.0000007737 0 0 0
2428407 3 687 0.4123306495 0.0001157257 0.0000000325 0 0 0
2434079 0 93 0.2645581934 0.0000466428 0.0000000082 0 0 0
2438047 0 63 0.1666007903 0.0000419861 0.0000000106 0 0 0
2438860 1 109 0.3468781632 0.0004266644 0.0000005248 0 0 0
2439297 0 78 0.0732012714 0.0001675086 0.0000003833 0 0 0
2440391 0 63 0.5215400479 0.0004767276 0.0000004358 0 0 0
2441422 0 47 0.7755987947 0.0007522782 0.0000007297 0 0 0
2442547 0 47 0.8400775508 0.0007467356 0.0000006638 0 0 0
2443250 2 375 0.7238326923 0.0010296340 0.0000014646 94 235 46
2444125 0 63 0.8144173459 0.0009307627 0.0000010637 0 0 0
2444688 0 62 0.9516517833 0.0016903229 0.0000030023 0 0 0
2446157 0 47 0.2966102616 0.0002019130 0.0000001374 0 0 0
2448797 0 63 0.2006013691 0.0000759854 0.0000000288 0 0 0
2449688 4 11937 0.0000000000 0.0000000000 0.0000000000 0 0 0
2462782 3 828 0.0512137430 0.0000039112 0.0000000003 0 0 0
2464219 0 63 0.4756130727 0.0003309764 0.0000002303 0 0 0
2464844 0 78 0.8616995107 0.0013787192 0.0000022060 0 0 0
2465625 0 63 0.6977750117 0.0008934379 0.0000011440 0 0 0
2475954 0 78 0.0241429447 0.0000023374 0.0000000002 0 0 0
2479438 3 797 0.0532457079 0.0000256235 0.0000000123 0 0 0
2481610 0 94 0.0364268724 0.0000167711 0.0000000077 0 0 0
2487360 0 94 0.1223638369 0.0000212807 0.0000000037 0 0 0
2492782 0 62 0.0254535145 0.0000046945 0.0000000009 0 0 0
2494875 0 79 0.1214846020 0.0000580433 0.0000000277 0 0 0
2496532 3 265 0.1283250094 0.0000774442 0.0000000467 0 0 0
2498172 0 78 0.2430528859 0.0001482030 0.0000000904 0 0 0
2499422 4 11375 0.0000000000 0.0000000000 0.0000000000 0 0 0
2512500 0 94 0.0383121883 0.0000029295 0.0000000002 0 0 0
2514907 0 62 0.6683670506 0.0002776764 0.0000001154 0 0 0
2516657 0 62 0.2593211078 0.0003688778 0.0000005247 0 0 0
2517297 0 63 0.3893404357 0.0006083444 0.0000009505 0 0 0
2518547 0 63 0.4201668406 0.0003361335 0.0000002689 0 0 0
2520266 0 78 0.9529251089 0.0005543485 0.0000003225 0 0 0
2521204 0 62 0.3177139796 0.0003387143 0.0000003611 0 0 0
2522329 0 62 0.1896979895 0.0001686204 0.0000001499 0 0 0
2524141 0 78 0.1822135571 0.0001005594 0.0000000555 0 0 0
2524594 3 266 0.5309795239 0.0011721402 0.0000025875 0 0 0
2526188 2 344 0.0794239988 0.0000498268 0.0000000313 62 219 63
2527891 0 63 0.0204075799 0.0000119833 0.0000000070 0 0 0
2529735 0 62 0.2318346458 0.0001257238 0.0000000682 0 0 0
2539563 3 6797 0.9645282354 0.0003266266 0.0000001106 0 0 0
2550907 3 1015 0.1046780773 0.0000092276 0.0000000008 0 0 0
2552704 0 78 0.0942115446 0.0000524271 0.0000000292 0 0 0
2554547 0 63 0.0491320309 0.0000266587 0.0000000145 0 0 0
2557360 3 437 0.0971307100 0.0000345292 0.0000000123 0 0 0
2558985 0 62 0.4772181950 0.0002936727 0.0000001807 0 0 0
2559750 1 110 0.4399982125 0.0005751611 0.0000007518 0 0 0
2560094 0 63 0.0947078549 0.0002753135 0.0000008003 0 0 0
2561266 0 63 0.6192229773 0.0005283473 0.0000004508 0 0 0
2563063 0 94 0.6957462820 0.0006454047 0.0000005987 0 0 0
2563797 0 63 0.9248412005 0.0012600016 0.0000017166 0 0 0
2571719 3 735 0.0801452893 0.0000101168 0.0000000013 0 0 0
2572829 0 62 0.5891301910 0.0005307479 0.0000004782 0 0 0
2573610 0 62 1.0161010761 0.0013010257 0.0000016658 0 0 0
2575579 0 62 0.0464893292 0.0000362631 0.0000000283 0 0 0
2578922 0 78 0.2731152205 0.0003884996 0.0000005526 0 0 0
2580500 0 94 0.5838739569 0.0003700088 0.0000002345 0 0 0
2581110 0 78 0.1601876582 0.0002626027 0.0000004305 0 0 0
2581860 0 94 0.7482765760 0.0009977021 0.0000013303 0 0 0
2583063 0 62 0.2126007379 0.0001767255 0.0000001469 0 0 0
2585375 0 63 0.4132603672 0.0002815125 0.0000001918 0 0 0
2586766 2 500 0.0254341757 0.0000182848 0.0000000131 78 344 78
2589860 0 94 0.0176627955 0.0000057087 0.0000000018 0 0 0
2590844 0 78 0.0104025081 0.0000105717 0.0000000107 0 0 0
2591704 0 46 0.6664531972 0.0007749456 0.0000009011 0 0 0
2593547 3 735 0.6853560488 0.0003718698 0.0000002018 0 0 0
2594625 0 79 0.6764480504 0.0006275028 0.0000005821 0 0 0
2595297 0 78 0.9895399122 0.0014725296 0.0000021913 0 0 0
2595907 0 93 0.5525423950 0.0009058072 0.0000014849 0 0 0
2597625 3 532 0.0215226287 0.0000125277 0.0000000073 0 0 0
2598641 2 469 0.4481072853 0.0004410505 0.0000004341 63 328 78
2601110 0 78 0.4550216641 0.0001842939 0.0000000746 0 0 0
2601782 0 62 0.4166521558 0.0006200181 0.0000009226 0 0 0
2602657 0 78 0.4531318394 0.0005178650 0.0000005918 0 0 0
2603563 0 94 0.6925246921 0.0007643760 0.0000008437 0 0 0
2606500 0 63 0.2107198093 0.0000717466 0.0000000244 0 0 0
2611172 0 78 0.0578419509 0.0000123806 0.0000000026 0 0 0
2617547 0 78 0.1510050750 0.0000236871 0.0000000037 0 0 0
2618907 1 125 0.3761529973 0.0002765831 0.0000002034 0 0 0
2619344 0 94 0.0847346306 0.0001939008 0.0000004437 0 0 0
2620157 0 93 0.7417434042 0.0009123535 0.0000011222 0 0 0
2620829 0 78 1.0042534952 0.0014944248 0.0000022238 0 0 0
2623672 0 63 0.6880136920 0.0006992009 0.0000007106 0 0 0
2625188 0 62 0.5835540217 0.0003849301 0.0000002539 0 0 0
2628891 3 859 0.1254486804 0.0000338776 0.0000000091 0 0 0
2632141 3 625 0.1548143751 0.0000476352 0.0000000147 0 0 0
2634547 3 672 0.0995729403 0.0000413853 0.0000000172 0 0 0
2636344 3 781 0.1442085760 0.0000802496 0.0000000447 0 0 0
2638563 0 78 0.2603360652 0.0001173213 0.0000000529 0 0 0
2639672 1 94 0.4347976613 0.0003920628 0.0000003535 0 0 0
2640000 0 79 0.1268299056 0.0003866765 0.0000011789 0 0 0
2640735 0 47 0.8597994676 0.0011697952 0.0000015916 0 0 0
2642829 0 93 0.5678152778 0.0003905194 0.0000002686 0 0 0
2644391 3 438 1.0125620355 0.0006482471 0.0000004150 0 0 0
2645235 0 47 0.7620687047 0.0009029250 0.0000010698 0 0 0
2645797 0 63 0.8417756273 0.0014978214 0.0000026652 0 0 0
2646766 0 78 0.3520809331 0.0003633446 0.0000003750 0 0 0
2648157 0 47 0.0599732890 0.0000431152 0.0000000310 0 0 0
2650688 0 62 0.2350288323 0.0000928601 0.0000000367 0 0 0
2652297 0 94 0.0407733089 0.0000253408 0.0000000157 0 0 0
2652907 0 78 0.0714382973 0.0001171120 0.0000001920 0 0 0
2654454 2 484 0.2746168828 0.0001775158 0.0000001147 78 343 63
2655313 4 8531 0.0000000000 0.0000000000 0.0000000000 0 0 0
2664204 0 62 0.0234291138 0.0000026351 0.0000000003 0 0 0
2666063 2 562 0.1211624938 0.0000651762 0.0000000351 62 438 62
2673125 3 469 0.1492135334 0.0000211291 0.0000000030 0 0 0
2675282 0 78 0.5507544030 0.0002553335 0.0000001184 0 0 0
2678204 3 1093 0.4373282321 0.0001496674 0.0000000512 0 0 0
2683047 0 78 0.0267033930 0.0000055138 0.0000000011 0 0 0
2684422 3 750 0.2479160275 0.0001803026 0.0000001311 0 0 0
2689250 2 360 0.2695208316 0.0000558245 0.0000000116 94 188 78
2690282 1 109 0.3697594345 0.0003582940 0.0000003472 0 0 0
2690579 0 78 0.0624283370 0.0002101964 0.0000007077 0 0 0
2691360 2 328 0.8782175874 0.0011244783 0.0000014398 47 187 94
2692735 0 62 0.6194012571 0.0004504736 0.0000003276 0 0 0
2694188 0 94 0.8785151856 0.0009859879 0.0000011066 0 0 0
2696813 0 94 0.5674069324 0.0004429406 0.0000003458 0 0 0
2698641 0 78 0.2272262525 0.0001243032 0.0000000680 0 0 0
2699360 2 562 0.8207861634 0.0011415663 0.0000015877 47 437 78
2701344 0 63 0.0252768431 0.0000127403 0.0000000064 0 0 0
2701672 4 6078 0.0000000000 0.0000000000 0.0000000000 0 0 0
2709532 0 62 0.1537280733 0.0000195583 0.0000000025 0 0 0
2713735 0 78 0.0287554480 0.0000068416 0.0000000016 0 0 0
2714782 0 78 0.1554307795 0.0001484535 0.0000001418 0 0 0
2718188 3 937 0.0508141704 0.0000149190 0.0000000044 0 0 0
2721938 0 62 0.0612301377 0.0000163280 0.0000000044 0 0 0
2723266 0 47 0.0405781309 0.0000305558 0.0000000230 0 0 0
2723500 4 6969 0.0000000000 0.0000000000 0.0000000000 0 0 0
2731063 0 62 0.1285962801 0.0000170033 0.0000000022 0 0 0
2734782 0 78 0.3188399565 0.0000857327 0.0000000231 0 0 0
2736985 0 94 0.3602900124 0.0001635452 0.0000000742 0 0 0
2739110 0 94 0.2957727032 0.0001391872 0.0000000655 0 0 0
2740610 0 78 0.2996751055 0.0001997834 0.0000001332 0 0 0
2744063 3 625 0.6965807420 0.0002017320 0.0000000584 0 0 0
2746047 3 3297 0.6006299460 0.0003027369 0.0000001526 0 0 0
2752422 4 21172 0.0000000000 0.0000000000 0.0000000000 0 0 0
2774204 4 5890 0.0000000000 0.0000000000 0.0000000000 0 0 0
2788704 0 62 0.0652663344 0.0000045011 0.0000000003 0 0 0
2801563 0 94 0.2577285362 0.0000200427 0.0000000016 0 0 0
2804266 0 78 0.4497456008 0.0001663876 0.0000000616 0 0 0
2808672 0 78 0.0266303149 0.0000200529 0.0000000151 0 0 0
2809750 0 94 0.0707013626 0.0000655857 0.0000000608 0 0 0
2810750 2 344 0.2582389280 0.0002582389 0.0000002582 63 219 62
2823625 3 860 0.1759573175 0.0000136666 0.0000000011 0 0 0
2824750 0 79 0.0578441230 0.0000514170 0.0000000457 0 0 0
2827063 0 62 0.1876817665 0.0000811421 0.0000000351 0 0 0
2827329 4 15578 0.0000000000 0.0000000000 0.0000000000 0 0 0
2845000 2 563 0.0317690259 0.0000017978 0.0000000001 63 422 78
2855079 3 1031 0.1424134853 0.0000141297 0.0000000014 0 0 0
2857172 0 63 0.3951393707 0.0001887909 0.0000000902 0 0 0
2857329 4 5453 0.0000000000 0.0000000000 0.0000000000 0 0 0
2863547 3 532 0.1316121429 0.0000211663 0.0000000034 0 0 0
2866532 0 78 0.2371431866 0.0000794450 0.0000000266 0 0 0
2868610 0 78 0.0904487534 0.0000435268 0.0000000209 0 0 0
2870313 0 78 0.0537488299 0.0000315613 0.0000000185 0 0 0
2872250 0 63 0.0481583560 0.0000248623 0.0000000128 0 0 0
2877079 0 78 0.0650128073 0.0000134630 0.0000000028 0 0 0
2877438 4 31250 0.0000000000 0.0000000000 0.0000000000 0 0 0
2913500 4 6735 0.0000000000 0.0000000000 0.0000000000 0 0 0
2921204 3 1093 0.0529526351 0.0000068734 0.0000000009 0 0 0
2924844 3 1063 0.0249644888 0.0000138923 0.0000000077 0 0 0
2928938 0 62 0.2832850858 0.0000691952 0.0000000169 0 0 0
2930141 2 516 0.3552626842 0.0002953140 0.0000002455 78 360 78
2931657 1 109 0.2402150000 0.0001584532 0.0000001045 0 0 0
2932219 0 63 0.0617700652 0.0001099111 0.0000001956 0 0 0
2933516 0 63 0.5686942916 0.0004384690 0.0000003381 0 0 0
2934329 0 93 0.9750807162 0.0011993613 0.0000014752 0 0 0
2936750 0 79 0.4189836562 0.0001730622 0.0000000715 0 0 0
2937969 0 94 0.8168418321 0.0006700917 0.0000005497 0 0 0
2939141 0 63 0.3359144284 0.0002866164 0.0000002446 0 0 0
2939938 0 78 0.4693864586 0.0005889416 0.0000007389 0 0 0
2941391 2 438 0.0215220333 0.0000148121 0.0000000102 94 265 79
2943813 2 547 0.0130999045 0.0000054087 0.0000000022 109 360 78
2946407 0 62 0.0289368865 0.0000111553 0.0000000043 0 0 0
2947157 2 484 0.0810634448 0.0001080846 0.0000001441 93 313 78
2949704 0 78 0.0785608723 0.0000308445 0.0000000121 0 0 0
2950532 0 62 0.1903169301 0.0002298514 0.0000002776 0 0 0
2951282 0 78 0.2366945101 0.0003155927 0.0000004208 0 0 0
2952547 0 47 0.1460225989 0.0001154329 0.0000000913 0 0 0
2955672 0 63 0.1258759017 0.0000402803 0.0000000129 0 0 0
2963266 0 78 0.1568183305 0.0000206503 0.0000000027 0 0 0
2965094 3 6688 0.3535915309 0.0001934308 0.0000001058 0 0 0
2977157 3 3406 0.4116362517 0.0002176818 0.0000001151 0 0 0
2988625 3 594 0.2046423591 0.0000178446 0.0000000016 0 0 0
2993594 3 12313 0.2593332036 0.0000521902 0.0000000105 0 0 0
3012844 3 5547 0.0151798647 0.0000007886 0.0000000000 0 0 0
3018985 0 78 0.0339767654 0.0000055328 0.0000000009 0 0 0
3020485 0 62 0.9192525507 0.0012506837 0.0000017016 0 0 0
3021422 3 188 0.8018622170 0.0008557761 0.0000009133 0 0 0
3023625 0 94 0.1147102712 0.0000520700 0.0000000236 0 0 0
3024938 0 62 0.2474235074 0.0001884414 0.0000001435 0 0 0
3025532 2 531 0.6183503060 0.0010409938 0.0000017525 78 359 94
3028422 0 94 0.4675806718 0.0001617926 0.0000000560 0 0 0
3029157 0 78 0.9493588259 0.0012916447 0.0000017573 0 0 0
3030204 0 62 0.7499354811 0.0007162708 0.0000006841 0 0 0
3035938 3 2687 0.0957278393 0.0000166948 0.0000000029 0 0 0
3039719 3 797 0.2519455878 0.0000666346 0.0000000176 0 0 0
3042141 0 78 0.2902337571 0.0001198323 0.0000000495 0 0 0
3042797 3 1907 0.0088847974 0.0000135439 0.0000000206 0 0 0
3045485 3 328 0.3233878474 0.0001203080 0.0000000448 0 0 0
3046938 3 1437 0.3311345521 0.0002278971 0.0000001568 0 0 0
3049891 3 297 0.2688436662 0.0000910409 0.0000000308 0 0 0
3050860 0 62 0.4527753755 0.0004672604 0.0000004822 0 0 0
3058172 3 2750 0.1348143868 0.0000184374 0.0000000025 0 0 0
3061735 3 328 0.2383776212 0.0000669036 0.0000000188 0 0 0
3063344 3 891 0.3316452874 0.0002061189 0.0000001281 0 0 0
3068313 0 78 0.1687195532 0.0000339544 0.0000000068 0 0 0
3069141 1 109 0.3206165544 0.0003872181 0.0000004677 0 0 0
3069500 0 63 0.0576641601 0.0001606244 0.0000004474 0 0 0
3070532 0 78 0.5769127999 0.0005590240 0.0000005417 0 0 0
3072063 0 62 0.7512899571 0.0008009488 0.0000008539 0 0 0
3073032 0 78 1.0025715215 0.0010346455 0.0000010677 0 0 0
3073594 4 13719 0.0000000000 0.0000000000 0.0000000000 0 0 0
3087610 0 78 0.0212627127 0.0000015170 0.0000000001 0 0 0
3088844 0 63 0.9649167300 0.0016694061 0.0000028882 0 0 0
3091641 0 94 0.0569725212 0.0000414346 0.0000000301 0 0 0
3093407 0 62 0.0516247606 0.0000292326 0.0000000166 0 0 0
3098969 0 78 0.2161666737 0.0000388649 0.0000000070 0 0 0
3100969 2 516 0.1465174048 0.0001250149 0.0000001067 78 360 78
3101704 0 78 0.2374738257 0.0003230936 0.0000004396 0 0 0
3103266 0 63 0.4614691867 0.0002954348 0.0000001891 0 0 0
3104532 3 15422 0.7678295050 0.0006065004 0.0000004791 0 0 0
3120516 0 63 0.0180510865 0.0000011293 0.0000000001 0 0 0
3125969 0 78 0.3777859420 0.0001860098 0.0000000916 0 0 0
3131063 0 78 0.1963394822 0.0000997153 0.0000000506 0 0 0
3132938 0 94 0.1490176520 0.0000794761 0.0000000424 0 0 0
3134625 0 94 0.1091621549 0.0000647079 0.0000000384 0 0 0
3139391 0 63 0.1633757841 0.0000342794 0.0000000072 0 0 0
3143438 3 7094 0.3545068413 0.0000875974 0.0000000216 0 0 0
3151172 0 47 0.0733231471 0.0000094806 0.0000000012 0 0 0
3154235 0 78 0.5606147356 0.0001830280 0.0000000598 0 0 0
3157266 3 11531 0.8226707832 0.0005661877 0.0000003897 0 0 0
3169250 0 94 0.0180473604 0.0000015060 0.0000000001 0 0 0
3171719 0 63 0.9911132367 0.0004014229 0.0000001626 0 0 0
3173797 3 735 0.6029987331 0.0003980190 0.0000002627 0 0 0
3180563 0 78 0.3699080250 0.0000546716 0.0000000081 0 0 0
3193657 3 4031 0.0189621830 0.0000484966 0.0000001240 0 0 0
3198500 2 532 0.1974333499 0.0000407667 0.0000000084 94 344 94
3200500 0 94 0.7204036285 0.0003602018 0.0000001801 0 0 0
3205938 0 78 0.2253898881 0.0000414472 0.0000000076 0 0 0
3207750 0 94 0.1153421634 0.0000636546 0.0000000351 0 0 0
3209110 0 62 0.5860735728 0.0004309365 0.0000003169 0 0 0
3209954 0 78 0.8907769912 0.0010554230 0.0000012505 0 0 0
3214329 0 78 0.1953136463 0.0000446431 0.0000000102 0 0 0
3216969 0 78 0.5922342173 0.0002243311 0.0000000850 0 0 0
3219719 0 78 0.4125823374 0.0001500299 0.0000000546 0 0 0
3239000 0 79 0.0214319089 0.0000015326 0.0000000001 0 0 0
3240079 0 78 0.7167764214 0.0006642970 0.0000006157 0 0 0
3240797 0 94 0.7031150914 0.0009792689 0.0000013639 0 0 0
3241407 0 78 0.8129591627 0.0013327199 0.0000021848 0 0 0
3243110 0 62 0.4164917029 0.0005225743 0.0000006557 0 0 0
3244110 0 78 0.3267835775 0.0003267836 0.0000003268 0 0 0
3246719 2 563 0.1072714205 0.0000411159 0.0000000158 78 407 78
3248204 0 62 0.0324820858 0.0000218735 0.0000000147 0 0 0
3253954 0 62 0.0534527136 0.0000203629 0.0000000078 0 0 0
3255172 0 78 0.2347602580 0.0001927424 0.0000001582 0 0 0
3256219 2 547 0.1611427402 0.0001539090 0.0000001470 63 406 78
3257844 0 78 0.1942410277 0.0001195329 0.0000000736 0 0 0
3258969 0 78 0.1578822969 0.0001403398 0.0000001247 0 0 0
3271860 0 62 0.2616185269 0.0000239534 0.0000000022 0 0 0
3272657 4 8078 0.0000000000 0.0000000000 0.0000000000 0 0 0
3287204 3 4140 0.1064021129 0.0000073144 0.0000000005 0 0 0
3293141 0 47 0.1471485600 0.0000247850 0.0000000042 0 0 0
3295766 3 3359 0.3362106757 0.0001280803 0.0000000488 0 0 0
3300485 0 78 0.2773684871 0.0000587770 0.0000000125 0 0 0
3301579 0 62 0.5251616621 0.0004800381 0.0000004388 0 0 0
3302329 1 93 0.4142499193 0.0005523332 0.0000007364 0 0 0
3302672 0 78 0.1056071207 0.0003078925 0.0000008976 0 0 0
3303766 0 63 0.7109467343 0.0006498599 0.0000005940 0 0 0
3305297 0 78 0.8634039908 0.0010242040 0.0000012150 0 0 0
3306079 0 62 0.9718870306 0.0012428223 0.0000015893 0 0 0
3309875 0 63 0.2492102121 0.0000656507 0.0000000173 0 0 0
3311750 3 2063 0.6319512597 0.0003370407 0.0000001798 0 0 0
3318797 3 766 0.1628921195 0.0000231151 0.0000000033 0 0 0
3320907 3 6062 0.4399149892 0.0002084905 0.0000000988 0 0 0
3332454 0 62 0.1243249698 0.0000107669 0.0000000009 0 0 0
3333141 0 78 1.0687180118 0.0015556303 0.0000022644 0 0 0
3334282 0 78 0.4648274154 0.0004073860 0.0000003570 0 0 0
3335094 0 94 0.9520125919 0.0011724293 0.0000014439 0 0 0
3336641 0 63 0.4834856464 0.0003125311 0.0000002020 0 0 0
3341032 2 468 0.0222479669 0.0000263602 0.0000000312 47 343 78
3343329 0 78 0.0653177457 0.0000284361 0.0000000124 0 0 0
3344141 0 78 0.1587992928 0.0001955656 0.0000002408 0 0 0
3344797 0 78 0.1643633049 0.0002505538 0.0000003819 0 0 0
3345469 0 78 0.1723964231 0.0002565423 0.0000003818 0 0 0
3346344 0 63 0.5305879947 0.0006063863 0.0000006930 0 0 0
3346641 4 6531 0.0000000000 0.0000000000 0.0000000000 0 0 0
3353594 4 8078 0.0000000000 0.0000000000 0.0000000000 0 0 0
3364844 0 63 0.0938379813 0.0000083412 0.0000000007 0 0 0
3366079 2 421 0.2351800981 0.0001904292 0.0000001542 93 266 62
3366813 2 344 0.0448520536 0.0000611063 0.0000000833 78 188 78
3374500 0 63 0.0889087126 0.0000115661 0.0000000015 0 0 0
3375125 0 47 0.9140800956 0.0014625282 0.0000023400 0 0 0
3376813 0 47 0.2385701659 0.0001413330 0.0000000837 0 0 0
3379375 0 63 0.6596597654 0.0002574784 0.0000001005 0 0 0
3380235 0 78 1.0362818633 0.0012049789 0.0000014011 0 0 0
3382750 3 10125 0.4028403627 0.0001601751 0.0000000637 0 0 0
3395125 0 63 0.2348772814 0.0000189800 0.0000000015 0 0 0
3398422 0 94 0.0406376736 0.0000123257 0.0000000037 0 0 0
3401204 3 1140 0.1354797912 0.0000486987 0.0000000175 0 0 0
3403282 0 78 0.0967345630 0.0000465518 0.0000000224 0 0 0
3405360 0 47 0.0285484144 0.0000137384 0.0000000066 0 0 0
3407844 3 235 0.3117207068 0.0001254914 0.0000000505 0 0 0
3409250 0 79 0.1989546129 0.0001415040 0.0000001006 0 0 0
3409579 4 9703 0.0000000000 0.0000000000 0.0000000000 0 0 0
3419891 0 78 0.0548423528 0.0000053183 0.0000000005 0 0 0
3422891 3 1531 0.8160913054 0.0002720304 0.0000000907 0 0 0
3428782 0 93 0.2086837626 0.0000354242 0.0000000060 0 0 0
3429047 4 5844 0.0000000000 0.0000000000 0.0000000000 0 0 0
3436454 0 93 0.1208411047 0.0000163144 0.0000000022 0 0 0
3437766 0 78 0.0511836725 0.0000390119 0.0000000297 0 0 0
3441672 0 94 0.3101370625 0.0000968271 0.0000000302 0 0 0
3441922 4 20860 0.0000000000 0.0000000000 0.0000000000 0 0 0
3464563 3 8422 0.0352119610 0.0000015552 0.0000000001 0 0 0
3476750 0 79 0.0597852428 0.0000524432 0.0000000460 0 0 0
3477422 2 485 0.1394543641 0.0002075214 0.0000003088 63 359 63
3478719 0 63 0.2564654874 0.0001977375 0.0000001525 0 0 0
3478891 4 7719 0.0000000000 0.0000000000 0.0000000000 0 0 0
3487563 3 2156 0.0810023868 0.0000093407 0.0000000011 0 0 0
3494391 3 688 0.1430949241 0.0000209571 0.0000000031 0 0 0
3495954 0 78 0.3927305864 0.0002512672 0.0000001608 0 0 0
3498063 3 1078 0.3149517836 0.0001493370 0.0000000708 0 0 0
3500094 4 26547 0.0000000000 0.0000000000 0.0000000000 0 0 0
3527500 3 3329 0.0124908910 0.0000004558 0.0000000000 0 0 0
3537532 3 36531 0.1339246277 0.0000133497 0.0000000013 0 0 0
3576438 3 500 0.2713486203 0.0001847166 0.0000001257 0 0 0
3577657 0 93 0.1997222218 0.0001638410 0.0000001344 0 0 0
3579625 3 4047 0.1365484605 0.0000693844 0.0000000353 0 0 0
3585313 4 11016 0.0000000000 0.0000000000 0.0000000000 0 0 0
3597391 3 2375 0.0282344740 0.0000023377 0.0000000002 0 0 0
3600344 0 47 0.2465984910 0.0000835078 0.0000000283 0 0 0
3608782 3 3734 0.2058946984 0.0000244009 0.0000000029 0 0 0
3613454 3 640 0.1105646538 0.0000236654 0.0000000051 0 0 0
3615204 2 578 0.6577951275 0.0003758829 0.0000002148 109 391 78
3617610 0 94 0.4410029031 0.0001832930 0.0000000762 0 0 0
3622110 0 78 0.0487649088 0.0000108366 0.0000000024 0 0 0
3625000 0 79 0.2485296516 0.0000859964 0.0000000298 0 0 0
3626454 3 3062 0.6001336628 0.0004127467 0.0000002839 0 0 0
3630235 0 94 0.1705148544 0.0000450978 0.0000000119 0 0 0
3632797 0 78 0.3579384850 0.0001397106 0.0000000545 0 0 0
3635469 3 2485 0.1052470892 0.0000393889 0.0000000147 0 0 0
3638719 3 672 0.0877335764 0.0000269949 0.0000000083 0 0 0
3639563 4 9234 0.0000000000 0.0000000000 0.0000000000 0 0 0
3650235 0 94 0.0475816957 0.0000044586 0.0000000004 0 0 0
3651000 1 110 0.4393238297 0.0005742795 0.0000007507 0 0 0
3651344 0 78 0.0785271862 0.0002282767 0.0000006636 0 0 0
3654016 0 78 0.3175311625 0.0001188365 0.0000000445 0 0 0
3655219 0 78 0.6289281801 0.0005227998 0.0000004346 0 0 0
3656516 0 94 1.0054343701 0.0007752000 0.0000005977 0 0 0
3658282 0 93 0.4643157917 0.0002629195 0.0000001489 0 0 0
3659157 0 78 0.3910150534 0.0004468743 0.0000005107 0 0 0
3661250 0 79 0.3874327343 0.0001851088 0.0000000884 0 0 0
3662250 0 79 0.4995569069 0.0004995569 0.0000004996 0 0 0
3663625 2 344 0.0088684898 0.0000064498 0.0000000047 63 203 78
3665063 2 391 0.0180742036 0.0000125690 0.0000000087 62 266 63
3667438 0 62 0.0430474553 0.0000181252 0.0000000076 0 0 0
3668266 0 78 0.1218482467 0.0001471597 0.0000001777 0 0 0
3669360 0 62 0.1417518743 0.0001295721 0.0000001184 0 0 0
3670172 0 78 0.1461048501 0.0001799321 0.0000002216 0 0 0
3671500 0 63 0.0622582560 0.0000468812 0.0000000353 0 0 0
3672938 2 437 0.0244896610 0.0000170304 0.0000000118 94 250 93
3674000 2 454 0.0276733055 0.0000260577 0.0000000245 63 328 63
3675797 2 391 0.0308370693 0.0000171603 0.0000000095 78 235 78
3676313 4 16375 0.0000000000 0.0000000000 0.0000000000 0 0 0
3693688 0 78 0.0114565253 0.0000006594 0.0000000000 0 0 0
3698516 2 297 0.2650809497 0.0000549049 0.0000000114 78 141 78
3702297 0 63 0.1786908883 0.0000472602 0.0000000125 0 0 0
3702500 4 5391 0.0000000000 0.0000000000 0.0000000000 0 0 0
3708797 3 250 0.0680758749 0.0000108108 0.0000000017 0 0 0
3710250 0 63 0.3247928024 0.0002235326 0.0000001538 0 0 0
3713579 3 3234 0.1311409475 0.0000393935 0.0000000118 0 0 0
3717750 3 829 0.2452124315 0.0000587898 0.0000000141 0 0 0
3719625 3 1579 0.2424815379 0.0001293235 0.0000000690 0 0 0
3722625 3 438 0.3234041419 0.0001078014 0.0000000359 0 0 0
3725313 3 3391 0.1354831220 0.0000504029 0.0000000188 0 0 0
3729422 3 563 0.1755346206 0.0000427195 0.0000000104 0 0 0
3731250 3 1891 0.2384687736 0.0001304534 0.0000000714 0 0 0
3736610 0 94 0.2478753943 0.0000462454 0.0000000086 0 0 0
3737829 0 78 0.1127498377 0.0002883628 0.0000007375 0 0 0
3739204 0 93 0.5708702873 0.0004151784 0.0000003019 0 0 0
3740079 0 93 0.9151690042 0.0010459074 0.0000011953 0 0 0
3741235 0 78 0.6348450857 0.0005491739 0.0000004751 0 0 0
3741954 0 78 0.9886494164 0.0013750340 0.0000019124 0 0 0
3746875 0 63 0.3160047248 0.0002594456 0.0000002130 0 0 0
3747938 0 78 0.0516630708 0.0000486012 0.0000000457 0 0 0
3751875 0 63 0.3593028765 0.0000912631 0.0000000232 0 0 0
3752735 2 422 0.9872024563 0.0011479098 0.0000013348 78 281 63
3753547 2 391 0.2341553502 0.0002883687 0.0000003551 78 266 47
3777219 0 63 0.1550751374 0.0000065510 0.0000000003 0 0 0
3779360 3 469 0.4544108123 0.0002122423 0.0000000991 0 0 0
3782250 0 79 0.5486347231 0.0002601397 0.0000001233 0 0 0
3782704 3 1015 0.0443548778 0.0000976980 0.0000002152 0 0 0
3784750 3 3860 0.4023210052 0.0001966378 0.0000000961 0 0 0
3791000 3 735 0.2163975292 0.0000346236 0.0000000055 0 0 0
3792891 0 78 0.1034226863 0.0000546921 0.0000000289 0 0 0
3800594 0 94 0.1655258228 0.0000290243 0.0000000051 0 0 0
3801547 1 125 0.4193494582 0.0004400309 0.0000004617 0 0 0
3802094 2 375 0.1015639230 0.0001856744 0.0000003394 78 219 78
3802563 1 109 0.0000000000 0.0000000000 0.0000000000 0 0 0
3802938 0 94 0.0808564693 0.0002156173 0.0000005750 0 0 0
3804797 2 360 0.4209059417 0.0002264152 0.0000001218 110 187 63
3806204 0 93 0.5808486270 0.0004128277 0.0000002934 0 0 0
3807172 0 63 0.7682906150 0.0007936887 0.0000008199 0 0 0
3810579 0 62 0.5647559267 0.0002053658 0.0000000747 0 0 0
3811250 0 79 0.0236756327 0.0000352841 0.0000000526 0 0 0
3812266 0 63 0.3747255454 0.0003688244 0.0000003630 0 0 0
3813000 0 79 0.2788896810 0.0003799587 0.0000005177 0 0 0
3815547 0 63 0.4021613240 0.0001578961 0.0000000620 0 0 0
3820032 3 1515 0.3198896401 0.0000713243 0.0000000159 0 0 0
3825297 0 78 0.0568446188 0.0000107967 0.0000000021 0 0 0
3827516 0 63 0.2636414826 0.0001188109 0.0000000535 0 0 0
3828188 1 94 0.5207125108 0.0007748698 0.0000011531 0 0 0
3828547 0 47 0.0926167689 0.0002579854 0.0000007186 0 0 0
3829422 0 78 0.7868673872 0.0008992770 0.0000010277 0 0 0
3830047 0 78 1.0903487146 0.0017445579 0.0000027913 0 0 0
3834219 0 63 0.9033842460 0.0002834591 0.0000000889 0 0 0
3834938 0 94 1.0084464228 0.0014025680 0.0000019507 0 0 0
3836079 0 78 0.5087595923 0.0004458892 0.0000003908 0 0 0
3839860 2 297 0.0298249554 0.0000078881 0.0000000021 62 172 63
3840375 0 63 0.0209952606 0.0000407675 0.0000000792 0 0 0
3841141 2 375 0.0228181575 0.0000297887 0.0000000389 47 250 78
3843547 2 453 0.0139201583 0.0000057856 0.0000000024 94 281 78
3845047 0 78 0.0958612872 0.0000639075 0.0000000426 0 0 0
3845657 0 93 0.1776666026 0.0002912567 0.0000004775 0 0 0
3846407 0 78 0.1272453003 0.0001696604 0.0000002262 0 0 0
3847282 2 422 0.1557722121 0.0001780254 0.0000002035 62 313 47
3848235 0 78 0.1110623921 0.0001165398 0.0000001223 0 0 0
3849375 0 79 0.1797859217 0.0001577069 0.0000001383 0 0 0
3850579 0 78 0.0973527151 0.0000808577 0.0000000672 0 0 0
3853329 2 390 0.1609787853 0.0000585377 0.0000000213 62 250 78
3853954 0 93 0.0240000000 0.0000384000 0.0000000614 0 0 0
3854547 2 375 0.0502401639 0.0000847220 0.0000001429 47 250 78
3856516 2 328 0.0142304089 0.0000072272 0.0000000037 63 203 62
3857110 4 5656 0.0000000000 0.0000000000 0.0000000000 0 0 0
3863266 0 78 0.0347940103 0.0000056520 0.0000000009 0 0 0
3875344 0 63 0.6096554150 0.0000537425 0.0000000047 0 0 0
3876235 0 62 1.0905868670 0.0012240032 0.0000013737 0 0 0
