114.0227272727 15.8594517794
124.7500000000 10.9630059746
289.0000000000 39.0000000000
101.5000000000 23.5000000000
70.0000000000 8.0000000000
117.5000000000 23.5000000000
0.1660290914 0.1670861963
0.0000740251 0.0001104117
0.0000000462 0.0000001203

5438 0 93 0.0737164677 0.0000135558 0.0000000025 0 0 0
10891 0 94 0.2742004660 0.0000502843 0.0000000092 0 0 0
11610 2 250 0.4543362555 0.0006319002 0.0000008789 78 78 94
14594 1 109 0.3108260563 0.0001041642 0.0000000349 0 0 0
16203 0 94 0.0795844430 0.0000494621 0.0000000307 0 0 0
17578 4 11563 0.0000000000 0.0000000000 0.0000000000 0 0 0
31203 1 125 0.1747053278 0.0001153170 0.0000000761 0 0 0
32688 0 109 0.0947854648 0.0000638286 0.0000000430 0 0 0
33391 4 7234 0.0000000000 0.0000000000 0.0000000000 0 0 0
40625 0 94 0.0000000000 0.0000000000 0.0000000000 0 0 0
41485 0 93 0.0108827600 0.0000126544 0.0000000147 0 0 0
44750 3 2453 0.1549430156 0.0000474557 0.0000000145 0 0 0
48328 3 891 0.0604462926 0.0000168939 0.0000000047 0 0 0
50672 3 2016 0.3066081771 0.0001308055 0.0000000558 0 0 0
55266 0 109 0.2637384339 0.0001548670 0.0000000909 0 0 0
57016 1 140 0.1981065036 0.0001132037 0.0000000647 0 0 0
58125 0 110 0.2031504531 0.0001831835 0.0000001652 0 0 0
60750 3 1438 0.2021424266 0.0000770066 0.0000000293 0 0 0
62985 3 1437 0.1158117241 0.0000518173 0.0000000232 0 0 0
65375 3 1391 0.1097060030 0.0000459021 0.0000000192 0 0 0
73485 3 1734 0.2147986665 0.0000358895 0.0000000060 0 0 0
76016 0 109 0.0942184991 0.0000372258 0.0000000147 0 0 0
79563 0 109 0.1964066774 0.0000553726 0.0000000156 0 0 0
82031 0 94 0.0340682832 0.0000138040 0.0000000056 0 0 0
83750 0 110 0.0170451210 0.0000099157 0.0000000058 0 0 0
91094 0 94 0.1390034671 0.0000211316 0.0000000032 0 0 0
94125 4 55766 0.0000000000 0.0000000000 0.0000000000 0 0 0
151391 0 94 0.0077075801 0.0000001346 0.0000000000 0 0 0
157281 0 110 0.1353589099 0.0000229811 0.0000000039 0 0 0
159516 0 109 0.4637011841 0.0002074726 0.0000000928 0 0 0
181578 0 125 0.0959997343 0.0000043514 0.0000000002 0 0 0
182547 4 7375 0.0000000000 0.0000000000 0.0000000000 0 0 0
191078 0 125 0.0470542352 0.0000055157 0.0000000006 0 0 0
197360 0 109 0.1109646991 0.0000176639 0.0000000028 0 0 0
200328 4 8891 0.0000000000 0.0000000000 0.0000000000 0 0 0
210625 0 125 0.0758117606 0.0000073625 0.0000000007 0 0 0
213141 0 109 0.6703067099 0.0002664176 0.0000001059 0 0 0
215844 2 328 0.3622567594 0.0001783637 0.0000000878 125 62 141
229078 0 110 0.0957157568 0.0000072326 0.0000000005 0 0 0
231844 0 141 0.2229705852 0.0000806112 0.0000000291 0 0 0
270625 0 141 0.0465335603 0.0000011999 0.0000000000 0 0 0
277000 0 110 0.1668199116 0.0000261678 0.0000000041 0 0 0
277188 4 5234 0.0000000000 0.0000000000 0.0000000000 0 0 0
290953 0 141 0.0472044520 0.0000034293 0.0000000002 0 0 0
298203 4 9516 0.0000000000 0.0000000000 0.0000000000 0 0 0
310625 4 48031 0.0000000000 0.0000000000 0.0000000000 0 0 0
360641 0 140 0.0076382101 0.0000001527 0.0000000000 0 0 0
376110 0 125 0.0459709682 0.0000073920 0.0000000012 0 0 0
385844 0 141 0.1620155174 0.0000384014 0.0000000091 0 0 0
386563 0 140 0.0353466114 0.0000491608 0.0000000684 0 0 0
396281 0 141 0.0000000000 0.0000000000 0.0000000000 0 0 0
397797 0 125 0.0382720698 0.0000252454 0.0000000167 0 0 0
403188 0 125 0.0716804737 0.0000132963 0.0000000025 0 0 0
406938 0 109 0.5804127518 0.0003471368 0.0000002076 0 0 0
410656 0 125 0.0611173667 0.0000164382 0.0000000044 0 0 0
412094 0 125 0.1416431232 0.0000985001 0.0000000685 0 0 0
412891 1 125 0.0000000000 0.0000000000 0.0000000000 0 0 0
416500 0 125 0.1793433498 0.0000496934 0.0000000138 0 0 0
419563 0 109 0.3574349691 0.0001166944 0.0000000381 0 0 0
420578 4 2234422 0.0000000000 0.0000000000 0.0000000000 0 0 0
2655016 4 269359 0.0000000000 0.0000000000 0.0000000000 0 0 0
2930281 0 110 0.0024692223 0.0000000090 0.0000000000 0 0 0
2932797 4 435844 0.0000000000 0.0000000000 0.0000000000 0 0 0
3371125 0 110 0.0042973630 0.0000000098 0.0000000000 0 0 0
3373485 0 93 0.5711735871 0.0002420227 0.0000001026 0 0 0
3384000 0 94 0.2316692312 0.0000308892 0.0000000041 0 0 0
3386063 4 252859 0.0000000000 0.0000000000 0.0000000000 0 0 0
3640328 0 125 0.0018622322 0.0000000073 0.0000000000 0 0 0
3642328 0 94 0.6396743415 0.0003198372 0.0000001599 0 0 0
