112.1797752809 14.0577155414
114.5416666667 13.8683667828
297.6190476190 25.5761723010
102.0000000000 20.8874535137
84.8571428571 22.8437460740
110.7619047619 19.2920036776
0.1444514866 0.1547719675
0.0000564336 0.0000868782
0.0000000304 0.0000000725

2860 0 125 0.2138792833 0.0000747830 0.0000000261 0 0 0
8328 4 5407 0.0000000000 0.0000000000 0.0000000000 0 0 0
19297 0 109 0.1387883888 0.0000126528 0.0000000012 0 0 0
20078 0 110 0.6946415619 0.0008894258 0.0000011388 0 0 0
21797 0 109 0.5252420246 0.0003055509 0.0000001777 0 0 0
52156 0 110 0.0202360877 0.0000341249 0.0000000575 0 0 0
58860 4 5750 0.0000000000 0.0000000000 0.0000000000 0 0 0
71078 0 110 0.0502712234 0.0000041145 0.0000000003 0 0 0
78328 0 110 0.2476437210 0.0000447738 0.0000000081 0 0 0
80313 0 109 0.0000000000 0.0000000000 0.0000000000 0 0 0
90031 0 110 0.2082555098 0.0000214299 0.0000000022 0 0 0
91375 0 94 0.0000000000 0.0000000000 0.0000000000 0 0 0
102000 0 110 0.0793266549 0.0000074660 0.0000000007 0 0 0
104141 0 125 0.0014012144 0.0000006545 0.0000000003 0 0 0
109860 0 93 0.0000000000 0.0000000000 0.0000000000 0 0 0
133125 0 110 0.1244863466 0.0000127888 0.0000000013 0 0 0
155688 0 125 0.2669134683 0.0000427062 0.0000000068 0 0 0
160938 0 125 0.2443925694 0.0000465510 0.0000000089 0 0 0
168485 0 125 0.0923052446 0.0000254635 0.0000000070 0 0 0
183328 0 125 0.3582368682 0.0000552494 0.0000000085 0 0 0
188578 0 125 0.4589376339 0.0002349911 0.0000001203 0 0 0
198485 0 125 0.2237659915 0.0000601683 0.0000000162 0 0 0
202391 0 109 0.0613699318 0.0000157117 0.0000000040 0 0 0
212485 0 125 0.2738303241 0.0000367360 0.0000000049 0 0 0
222235 0 125 0.0994928915 0.0000102044 0.0000000010 0 0 0
225344 0 125 0.3270073671 0.0001051809 0.0000000338 0 0 0
227938 0 125 0.6068914501 0.0002339597 0.0000000902 0 0 0
255875 0 110 0.5884069338 0.0003965006 0.0000002672 0 0 0
259110 0 109 0.2980598862 0.0000921360 0.0000000285 0 0 0
261922 0 125 0.3468402178 0.0001233429 0.0000000439 0 0 0
268063 0 109 0.1541337628 0.0000250991 0.0000000041 0 0 0
295703 0 110 0.0948351608 0.0000061125 0.0000000004 0 0 0
316094 0 125 0.2438853486 0.0000445941 0.0000000082 0 0 0
317985 0 109 0.2458035484 0.0001299860 0.0000000687 0 0 0
321844 0 94 0.3418405601 0.0000885827 0.0000000230 0 0 0
324328 0 125 0.0266144927 0.0000107144 0.0000000043 0 0 0
334297 0 109 0.5028623025 0.0000504426 0.0000000051 0 0 0
344172 0 94 0.1562901734 0.0000158269 0.0000000016 0 0 0
348235 0 109 0.3837647943 0.0001334834 0.0000000464 0 0 0
365391 0 94 0.1996282574 0.0000267850 0.0000000036 0 0 0
370531 0 94 0.4200472592 0.0001268259 0.0000000383 0 0 0
375188 0 93 0.3065471519 0.0000658250 0.0000000141 0 0 0
393219 0 125 0.1076298219 0.0000059692 0.0000000003 0 0 0
405781 0 110 0.0220634864 0.0000021235 0.0000000002 0 0 0
408422 0 125 0.0289901631 0.0000109770 0.0000000042 0 0 0
411485 0 125 0.0294840156 0.0000096259 0.0000000031 0 0 0
413391 0 109 0.0645204442 0.0000338512 0.0000000178 0 0 0
419672 0 94 0.2421534523 0.0000659459 0.0000000180 0 0 0
424031 0 94 0.4312708635 0.0000989380 0.0000000227 0 0 0
425688 0 93 0.2865634168 0.0001729411 0.0000001044 0 0 0
428500 0 94 0.3211958287 0.0001142233 0.0000000406 0 0 0
440094 0 125 0.1537953320 0.0000132651 0.0000000011 0 0 0
443031 0 110 0.1298751453 0.0000442203 0.0000000151 0 0 0
445766 0 125 0.2045805039 0.0000748009 0.0000000273 0 0 0
476110 0 125 0.1427210418 0.0000363899 0.0000000093 0 0 0
478281 0 125 0.2350162375 0.0001082525 0.0000000499 0 0 0
479281 0 110 0.0010000000 0.0000010000 0.0000000010 0 0 0
485094 4 6391 0.0000000000 0.0000000000 0.0000000000 0 0 0
499828 4 13360 0.0000000000 0.0000000000 0.0000000000 0 0 0
515328 4 15953 0.0000000000 0.0000000000 0.0000000000 0 0 0
538985 4 5046 0.0000000000 0.0000000000 0.0000000000 0 0 0
549219 4 5203 0.0000000000 0.0000000000 0.0000000000 0 0 0
582203 4 5907 0.0000000000 0.0000000000 0.0000000000 0 0 0
605938 4 7000 0.0000000000 0.0000000000 0.0000000000 0 0 0
635547 4 5484 0.0000000000 0.0000000000 0.0000000000 0 0 0
653485 0 125 0.1472589299 0.0000082093 0.0000000005 0 0 0
657485 0 109 0.1534963409 0.0000383741 0.0000000096 0 0 0
660047 0 94 0.2612029777 0.0001019528 0.0000000398 0 0 0
673016 0 109 0.3884525346 0.0001614516 0.0000000671 0 0 0
677047 0 109 0.0000000000 0.0000000000 0.0000000000 0 0 0
702203 0 110 0.1786952145 0.0000075992 0.0000000003 0 0 0
703641 2 312 0.0489639128 0.0000340500 0.0000000237 94 125 93
704297 0 125 0.0000000000 0.0000000000 0.0000000000 0 0 0
704500 3 813 0.0000000000 0.0000000000 0.0000000000 0 0 0
721688 0 125 0.0157664638 0.0000009173 0.0000000001 0 0 0
743375 0 110 0.2065501536 0.0000113664 0.0000000006 0 0 0
744641 0 125 0.0564192976 0.0000445650 0.0000000352 0 0 0
745813 0 109 0.0136518771 0.0000116484 0.0000000099 0 0 0
751969 0 94 0.1037941476 0.0000371091 0.0000000133 0 0 0
755281 0 94 0.0949704195 0.0000286746 0.0000000087 0 0 0
759531 0 125 0.0831975259 0.0000195759 0.0000000046 0 0 0
760969 0 109 0.0234391387 0.0000162998 0.0000000113 0 0 0
765110 0 125 0.0290058032 0.0000109829 0.0000000042 0 0 0
766516 0 109 0.0282054440 0.0000200608 0.0000000143 0 0 0
769344 0 94 0.0684976407 0.0000377814 0.0000000208 0 0 0
783781 4 6860 0.0000000000 0.0000000000 0.0000000000 0 0 0
790656 4 7313 0.0000000000 0.0000000000 0.0000000000 0 0 0
798141 4 10281 0.0000000000 0.0000000000 0.0000000000 0 0 0
827860 0 125 0.5530616163 0.0002527704 0.0000001155 0 0 0
869188 0 93 0.4217957402 0.0002159732 0.0000001106 0 0 0
887922 0 125 0.0159507987 0.0000024308 0.0000000004 0 0 0
891078 0 125 0.0228845127 0.0000072511 0.0000000023 0 0 0
893781 0 125 0.0265364122 0.0000098174 0.0000000036 0 0 0
897344 0 125 0.2186087322 0.0001473105 0.0000000993 0 0 0
900641 0 125 0.0267879142 0.0000081249 0.0000000025 0 0 0
903672 0 109 0.0162441663 0.0000053593 0.0000000018 0 0 0
907891 0 125 0.0232794898 0.0000055178 0.0000000013 0 0 0
913438 0 125 0.0145394579 0.0000051687 0.0000000018 0 0 0
914922 0 109 0.2444953117 0.0001647543 0.0000001110 0 0 0
916485 0 109 0.0212625371 0.0000136037 0.0000000087 0 0 0
921203 4 5188 0.0000000000 0.0000000000 0.0000000000 0 0 0
943672 0 125 0.0219927918 0.0000066084 0.0000000020 0 0 0
945344 0 125 0.1477935239 0.0000883933 0.0000000529 0 0 0
948422 0 109 0.0161276759 0.0000052397 0.0000000017 0 0 0
950969 0 109 0.0224045917 0.0000087965 0.0000000035 0 0 0
953063 0 125 0.0336980256 0.0000160927 0.0000000077 0 0 0
958860 0 109 0.0149749259 0.0000180638 0.0000000218 0 0 0
959891 0 94 0.0029097963 0.0000028223 0.0000000027 0 0 0
961563 0 109 0.2040835693 0.0001220596 0.0000000730 0 0 0
962938 0 93 0.0549647209 0.0000399743 0.0000000291 0 0 0
966922 0 109 0.0272664854 0.0000068440 0.0000000017 0 0 0
971563 0 109 0.0417010324 0.0000210081 0.0000000106 0 0 0
975641 0 109 0.0199686397 0.0000048967 0.0000000012 0 0 0
976860 0 109 0.0353331155 0.0000289853 0.0000000238 0 0 0
980531 0 110 0.0728065402 0.0000198329 0.0000000054 0 0 0
981250 0 94 0.1136079416 0.0001580083 0.0000002198 0 0 0
984344 0 109 0.0203828362 0.0000065879 0.0000000021 0 0 0
1007031 4 6032 0.0000000000 0.0000000000 0.0000000000 0 0 0
1026578 1 125 0.0929484960 0.0000047551 0.0000000002 0 0 0
1027500 0 125 0.0489248372 0.0000530638 0.0000000576 0 0 0
1029500 0 110 0.2923457736 0.0001461729 0.0000000731 0 0 0
1042781 0 110 0.1767079148 0.0000133053 0.0000000010 0 0 0
1058953 4 9516 0.0000000000 0.0000000000 0.0000000000 0 0 0
1068485 4 14343 0.0000000000 0.0000000000 0.0000000000 0 0 0
1083610 4 5187 0.0000000000 0.0000000000 0.0000000000 0 0 0
1100235 0 93 0.1433506544 0.0000086226 0.0000000005 0 0 0
1103281 0 125 0.1104350956 0.0000362558 0.0000000119 0 0 0
1114828 0 110 0.1372031694 0.0001084610 0.0000000857 0 0 0
1116016 0 109 0.1275158155 0.0001073365 0.0000000904 0 0 0
1116735 0 125 0.0013908206 0.0000019344 0.0000000027 0 0 0
1120453 0 125 0.0623620281 0.0000347034 0.0000000193 0 0 0
1121766 0 125 0.0370527658 0.0000282199 0.0000000215 0 0 0
1123906 0 110 0.0275126422 0.0000128564 0.0000000060 0 0 0
1125656 0 94 0.1793075897 0.0001024615 0.0000000585 0 0 0
1126375 0 125 0.0677061914 0.0000941672 0.0000001310 0 0 0
1128844 0 125 0.0504195733 0.0000204211 0.0000000083 0 0 0
1129906 0 94 0.0120794982 0.0000113743 0.0000000107 0 0 0
1133203 4 12938 0.0000000000 0.0000000000 0.0000000000 0 0 0
1156985 0 125 0.2788885729 0.0000483678 0.0000000084 0 0 0
1165891 1 109 0.0681729501 0.0000076547 0.0000000009 0 0 0
1166797 0 94 0.0653796420 0.0000721630 0.0000000797 0 0 0
1173750 0 94 0.1680151721 0.0000290633 0.0000000050 0 0 0
1174844 0 94 0.0595725251 0.0000544539 0.0000000498 0 0 0
1177906 0 110 0.1733999648 0.0000990857 0.0000000566 0 0 0
1182422 0 109 0.0954632317 0.0000357273 0.0000000134 0 0 0
1228906 0 94 0.1611473264 0.0000074306 0.0000000003 0 0 0
1243219 4 12625 0.0000000000 0.0000000000 0.0000000000 0 0 0
1273313 0 125 0.1802080592 0.0000476489 0.0000000126 0 0 0
1278563 0 125 0.0750068648 0.0000216220 0.0000000062 0 0 0
1307656 3 20516 0.0980478056 0.0000033702 0.0000000001 0 0 0
1330047 0 125 0.0165820378 0.0000007406 0.0000000000 0 0 0
1332766 0 94 0.0222355159 0.0000134272 0.0000000081 0 0 0
1333860 0 109 0.0353234632 0.0000322884 0.0000000295 0 0 0
1336516 0 94 0.2460256656 0.0000926301 0.0000000349 0 0 0
1337641 0 109 0.0669643185 0.0000595238 0.0000000529 0 0 0
1339016 0 109 0.0524387874 0.0000381373 0.0000000277 0 0 0
1340000 0 94 0.0524628344 0.0000533159 0.0000000542 0 0 0
1345344 0 109 0.1384756763 0.0000300446 0.0000000065 0 0 0
1346922 0 109 0.2347941796 0.0001487923 0.0000000943 0 0 0
1361219 0 109 0.1099618520 0.0000096534 0.0000000008 0 0 0
1365313 1 125 0.3412772288 0.0001050084 0.0000000323 0 0 0
1369531 0 110 0.0363043528 0.0000086070 0.0000000020 0 0 0
1384906 4 9500 0.0000000000 0.0000000000 0.0000000000 0 0 0
1395031 4 11641 0.0000000000 0.0000000000 0.0000000000 0 0 0
1414266 4 15265 0.0000000000 0.0000000000 0.0000000000 0 0 0
1480485 0 93 0.0701407748 0.0000035373 0.0000000002 0 0 0
1501578 0 110 0.1046995287 0.0000049637 0.0000000002 0 0 0
1507500 0 125 0.1781140824 0.0001810102 0.0000001840 0 0 0
1508797 0 125 0.3257218693 0.0002511348 0.0000001936 0 0 0
1509969 0 94 0.0500009609 0.0000426629 0.0000000364 0 0 0
1519563 0 125 0.1240615967 0.0000230812 0.0000000043 0 0 0
1533281 4 6516 0.0000000000 0.0000000000 0.0000000000 0 0 0
1541672 4 7828 0.0000000000 0.0000000000 0.0000000000 0 0 0
1573969 4 12062 0.0000000000 0.0000000000 0.0000000000 0 0 0
1586563 4 10562 0.0000000000 0.0000000000 0.0000000000 0 0 0
1601188 0 109 0.0953019834 0.0000065164 0.0000000004 0 0 0
1614031 0 125 0.2729471440 0.0001859313 0.0000001267 0 0 0
1626297 4 9234 0.0000000000 0.0000000000 0.0000000000 0 0 0
1637828 0 125 0.0305379016 0.0000026483 0.0000000002 0 0 0
1639828 0 110 0.4489937295 0.0002244969 0.0000001122 0 0 0
1643860 4 11421 0.0000000000 0.0000000000 0.0000000000 0 0 0
1658188 0 125 0.0165189866 0.0000011529 0.0000000001 0 0 0
1682860 2 296 0.1584479829 0.0000064222 0.0000000003 93 78 125
1692500 0 110 0.3284929607 0.0000821232 0.0000000205 0 0 0
1698360 4 5359 0.0000000000 0.0000000000 0.0000000000 0 0 0
1707797 0 94 0.0823495255 0.0000087262 0.0000000009 0 0 0
1711063 0 109 0.6463403761 0.0001978997 0.0000000606 0 0 0
1713500 3 391 0.6188479600 0.0002539384 0.0000001042 0 0 0
1716141 0 109 0.1367411778 0.0000517763 0.0000000196 0 0 0
1721860 0 93 0.1544697226 0.0000270099 0.0000000047 0 0 0
1724563 0 109 0.4108883717 0.0001520120 0.0000000562 0 0 0
1731172 0 109 0.1297906813 0.0000196385 0.0000000030 0 0 0
1739625 0 125 0.1178883073 0.0000585054 0.0000000290 0 0 0
1745360 0 109 0.1566280710 0.0001669809 0.0000001780 0 0 0
1748594 4 8484 0.0000000000 0.0000000000 0.0000000000 0 0 0
1770516 4 5031 0.0000000000 0.0000000000 0.0000000000 0 0 0
1776063 0 109 0.0042942796 0.0000007742 0.0000000001 0 0 0
1785938 0 125 0.1646135066 0.0000166697 0.0000000017 0 0 0
1787313 0 109 0.3885419472 0.0002825760 0.0000002055 0 0 0
1788969 0 125 0.3224096744 0.0001946918 0.0000001176 0 0 0
1795875 0 125 0.1677444295 0.0001154470 0.0000000795 0 0 0
1802656 0 125 0.2157343076 0.0000758826 0.0000000267 0 0 0
1810219 0 109 0.2168894844 0.0000443446 0.0000000091 0 0 0
1816610 0 125 0.2286525034 0.0000357773 0.0000000056 0 0 0
1819766 0 94 0.3910841562 0.0001239177 0.0000000393 0 0 0
1827313 0 109 0.5219833091 0.0002568815 0.0000001264 0 0 0
1829469 0 125 0.9152794569 0.0004245266 0.0000001969 0 0 0
1831188 0 125 0.8820905381 0.0005131417 0.0000002985 0 0 0
1832391 0 125 0.0303117498 0.0000251968 0.0000000209 0 0 0
1834672 0 109 0.2393147848 0.0001049166 0.0000000460 0 0 0
1838656 0 110 0.6841483916 0.0001717240 0.0000000431 0 0 0
1844110 2 343 0.3803290173 0.0000697340 0.0000000128 109 156 78
1850766 0 109 0.2914569067 0.0000437886 0.0000000066 0 0 0
1853172 0 109 0.0800436649 0.0000332684 0.0000000138 0 0 0
1854281 0 125 0.0769890187 0.0000694220 0.0000000626 0 0 0
1859235 0 93 0.3568599579 0.0000720347 0.0000000145 0 0 0
1863578 0 94 0.1866177537 0.0000429698 0.0000000099 0 0 0
1866125 0 94 0.1269819131 0.0000498555 0.0000000196 0 0 0
1868985 0 93 0.2116644617 0.0000740086 0.0000000259 0 0 0
1872906 0 94 0.2295578384 0.0000585457 0.0000000149 0 0 0
1881860 0 125 0.5578329419 0.0003605901 0.0000002331 0 0 0
1884281 0 110 0.5045381553 0.0002084007 0.0000000861 0 0 0
1885703 0 94 0.4004776134 0.0002816298 0.0000001981 0 0 0
1893078 4 5422 0.0000000000 0.0000000000 0.0000000000 0 0 0
1899172 0 109 0.0334327003 0.0000054862 0.0000000009 0 0 0
1907531 0 94 0.4726794976 0.0003519579 0.0000002621 0 0 0
1912719 3 2969 0.2260901613 0.0000435794 0.0000000084 0 0 0
1917813 3 1047 0.0579779088 0.0000113816 0.0000000022 0 0 0
1919469 3 5719 0.0337177934 0.0000203610 0.0000000123 0 0 0
1933094 0 94 0.0000000000 0.0000000000 0.0000000000 0 0 0
1938141 2 297 0.4406202657 0.0001971455 0.0000000882 109 63 125
1940063 4 5328 0.0000000000 0.0000000000 0.0000000000 0 0 0
1948141 0 125 0.0021152829 0.0000011186 0.0000000006 0 0 0
1959156 0 110 0.0005120328 0.0000002622 0.0000000001 0 0 0
1959735 4 6109 0.0000000000 0.0000000000 0.0000000000 0 0 0
1966594 0 125 0.0135189925 0.0000019710 0.0000000003 0 0 0
1967781 0 110 0.0008424600 0.0000007097 0.0000000006 0 0 0
1968360 4 5109 0.0000000000 0.0000000000 0.0000000000 0 0 0
1980031 0 94 0.0850959315 0.0000072912 0.0000000006 0 0 0
1982547 0 109 0.0910199759 0.0000361765 0.0000000144 0 0 0
1984453 2 282 0.0220153800 0.0000115506 0.0000000061 94 78 110
1985875 0 110 0.0413119982 0.0000290520 0.0000000204 0 0 0
1994156 3 1219 0.0589225678 0.0000093350 0.0000000015 0 0 0
1996781 0 125 0.2282427181 0.0000869496 0.0000000331 0 0 0
1997547 0 109 0.0000000000 0.0000000000 0.0000000000 0 0 0
1999750 0 94 0.3383949258 0.0001536064 0.0000000697 0 0 0
2004188 2 281 0.0267222751 0.0000341717 0.0000000437 78 78 125
2016703 2 282 0.3867706887 0.0002380127 0.0000001465 94 78 110
2018266 0 94 0.0293288777 0.0000187645 0.0000000120 0 0 0
2021656 0 94 0.1161850994 0.0000342729 0.0000000101 0 0 0
2024031 0 94 0.3043466155 0.0001281459 0.0000000540 0 0 0
2026344 0 94 0.0000000000 0.0000000000 0.0000000000 0 0 0
2027828 0 94 0.0000000000 0.0000000000 0.0000000000 0 0 0
2029188 0 140 0.0000000000 0.0000000000 0.0000000000 0 0 0
2030844 2 266 0.4509799038 0.0002723309 0.0000001645 62 94 110
2032031 0 125 0.0548492138 0.0000462083 0.0000000389 0 0 0
2032453 3 891 0.0000000000 0.0000000000 0.0000000000 0 0 0
2034438 0 93 0.3435790670 0.0001730877 0.0000000872 0 0 0
2035953 0 94 0.6560877081 0.0004330612 0.0000002858 0 0 0
2038641 0 109 0.3077067430 0.0001144742 0.0000000426 0 0 0
2042281 4 16891 0.0000000000 0.0000000000 0.0000000000 0 0 0
2067766 4 5281 0.0000000000 0.0000000000 0.0000000000 0 0 0
2073063 4 5531 0.0000000000 0.0000000000 0.0000000000 0 0 0
2086188 0 93 0.0532963289 0.0000040607 0.0000000003 0 0 0
2087688 0 125 0.0062761424 0.0000041841 0.0000000028 0 0 0
2093188 0 140 0.0000000000 0.0000000000 0.0000000000 0 0 0
2100781 3 3125 0.1067425110 0.0000140580 0.0000000019 0 0 0
2106000 3 4985 0.1181591713 0.0000226402 0.0000000043 0 0 0
2115985 3 3265 0.1037683761 0.0000103924 0.0000000010 0 0 0
2121031 3 3266 0.1335438536 0.0000264653 0.0000000052 0 0 0
2127141 0 94 0.1534078989 0.0000251077 0.0000000041 0 0 0
2128797 0 94 0.0024154589 0.0000014586 0.0000000009 0 0 0
2130406 0 110 0.2396989769 0.0001489739 0.0000000926 0 0 0
2131672 3 1734 0.0214694628 0.0000169585 0.0000000134 0 0 0
2134328 2 266 0.0201533644 0.0000075879 0.0000000029 110 78 78
2136328 0 94 0.2237562823 0.0001118781 0.0000000559 0 0 0
2142656 0 125 0.0000000000 0.0000000000 0.0000000000 0 0 0
2143422 4 7625 0.0000000000 0.0000000000 0.0000000000 0 0 0
2152063 0 109 0.0860266176 0.0000099556 0.0000000012 0 0 0
2159641 0 94 0.1099989745 0.0000145156 0.0000000019 0 0 0
2164219 0 109 0.0000000000 0.0000000000 0.0000000000 0 0 0
2166781 3 4594 0.0095477721 0.0000105384 0.0000000116 0 0 0
2175563 2 281 0.0212523503 0.0000076392 0.0000000027 78 94 109
2178797 2 328 0.4766167920 0.0001473769 0.0000000456 141 62 125
2179656 4 5079 0.0000000000 0.0000000000 0.0000000000 0 0 0
2186594 0 109 0.0700560081 0.0000100974 0.0000000015 0 0 0
2197844 0 109 0.3352613808 0.0000650235 0.0000000126 0 0 0
2198672 0 125 0.0000000000 0.0000000000 0.0000000000 0 0 0
2205313 0 109 0.3073872783 0.0000651382 0.0000000138 0 0 0
2207313 3 2203 0.0365619350 0.0000182810 0.0000000091 0 0 0
2211953 3 3016 0.0226224717 0.0000216069 0.0000000206 0 0 0
2217203 2 250 0.1223553100 0.0000233058 0.0000000044 94 63 93
2219047 0 94 0.4214725182 0.0002285643 0.0000001240 0 0 0
2220625 0 110 0.0019011407 0.0000012048 0.0000000008 0 0 0
2223406 2 282 0.3544295727 0.0001274468 0.0000000458 79 109 94
2223906 4 5547 0.0000000000 0.0000000000 0.0000000000 0 0 0
2232360 2 281 0.1748827361 0.0000902388 0.0000000466 125 62 94
2234172 2 281 0.5206336931 0.0002873254 0.0000001586 94 94 93
2238594 0 125 0.0019394880 0.0000007523 0.0000000003 0 0 0
2239578 4 14391 0.0000000000 0.0000000000 0.0000000000 0 0 0
2256610 0 109 0.0453552365 0.0000026629 0.0000000002 0 0 0
2259766 0 109 0.0000000000 0.0000000000 0.0000000000 0 0 0
2263516 0 94 0.2266384915 0.0000833536 0.0000000307 0 0 0
2273266 4 5469 0.0000000000 0.0000000000 0.0000000000 0 0 0
2297953 0 94 0.3353226815 0.0000638710 0.0000000122 0 0 0
2304953 0 94 0.1302260302 0.0000186037 0.0000000027 0 0 0
2307000 0 94 0.0371275037 0.0000181375 0.0000000089 0 0 0
2309188 0 93 0.0299619261 0.0000136938 0.0000000063 0 0 0
2311641 0 125 0.1471614096 0.0000599924 0.0000000245 0 0 0
2314016 0 94 0.1106274408 0.0000465800 0.0000000196 0 0 0
2319110 0 93 0.0266935753 0.0000066734 0.0000000017 0 0 0
2324000 0 125 0.1584846086 0.0000324099 0.0000000066 0 0 0
2330906 0 125 0.0410535067 0.0000152786 0.0000000057 0 0 0
2351750 3 2938 0.0802525784 0.0000038502 0.0000000002 0 0 0
2357813 0 125 0.1048231866 0.0000172890 0.0000000029 0 0 0
2364313 3 12047 0.0408580195 0.0000062858 0.0000000010 0 0 0
2394563 3 7890 0.0211207537 0.0000023673 0.0000000003 0 0 0
2404031 0 125 0.0106123303 0.0000011209 0.0000000001 0 0 0
2408406 3 6016 0.0129787781 0.0000029666 0.0000000007 0 0 0
2422766 0 109 0.1356649031 0.0000227282 0.0000000038 0 0 0
2425375 0 110 0.0016919178 0.0000006485 0.0000000002 0 0 0
2432156 0 94 0.3296788129 0.0000486180 0.0000000072 0 0 0
2432828 0 125 0.0000000000 0.0000000000 0.0000000000 0 0 0
2433688 0 109 0.0000000000 0.0000000000 0.0000000000 0 0 0
2434375 0 110 0.0000000000 0.0000000000 0.0000000000 0 0 0
2436141 4 5094 0.0000000000 0.0000000000 0.0000000000 0 0 0
2441235 0 125 0.0000000000 0.0000000000 0.0000000000 0 0 0
2442563 4 5734 0.0000000000 0.0000000000 0.0000000000 0 0 0
2455094 0 125 0.0257651571 0.0000050739 0.0000000010 0 0 0
2456735 0 125 0.0765568877 0.0000466526 0.0000000284 0 0 0
2465469 0 125 0.1030647007 0.0000118004 0.0000000014 0 0 0
2469891 3 8125 0.1186457108 0.0000268308 0.0000000061 0 0 0
2486313 1 109 0.0356441379 0.0000021705 0.0000000001 0 0 0
2515953 0 125 0.0382917968 0.0000012919 0.0000000000 0 0 0
2521000 0 125 0.0134614749 0.0000026672 0.0000000005 0 0 0
2529391 0 140 0.1035940895 0.0000358333 0.0000000124 0 0 0
2557516 1 94 0.0521794099 0.0000340819 0.0000000223 0 0 0
2559828 0 110 0.0527127834 0.0000227996 0.0000000099 0 0 0
2564141 0 140 0.0601107658 0.0000139371 0.0000000032 0 0 0
2571891 0 94 0.1895836301 0.0000304846 0.0000000049 0 0 0
2577063 0 125 0.0003866976 0.0000000748 0.0000000000 0 0 0
2590906 0 141 0.0978121099 0.0000107380 0.0000000012 0 0 0
2594985 3 7437 0.1749783817 0.0000428974 0.0000000105 0 0 0
2605078 1 94 0.0394520570 0.0000039089 0.0000000004 0 0 0
2606563 0 125 0.0813124878 0.0000547559 0.0000000369 0 0 0
2613469 0 141 0.0467535738 0.0000067700 0.0000000010 0 0 0
2615563 0 93 0.0820970789 0.0000392059 0.0000000187 0 0 0
2624141 3 4328 0.1798962519 0.0000209718 0.0000000024 0 0 0
2630172 1 109 0.0240530212 0.0000039882 0.0000000007 0 0 0
2631610 0 140 0.0851395683 0.0000592069 0.0000000412 0 0 0
2636328 0 141 0.0642334831 0.0000136146 0.0000000029 0 0 0
2641875 0 110 0.1914467396 0.0000450463 0.0000000106 0 0 0
2646110 0 125 0.0002361275 0.0000000558 0.0000000000 0 0 0
2653360 0 109 0.2861476842 0.0000394686 0.0000000054 0 0 0
2655266 0 140 0.0026232949 0.0000013763 0.0000000007 0 0 0
2660375 3 6078 0.1970626272 0.0000385717 0.0000000075 0 0 0
2667672 1 109 0.0365768264 0.0000050126 0.0000000007 0 0 0
2680422 0 94 0.2959342962 0.0000342477 0.0000000040 0 0 0
2685656 3 14516 0.0375160597 0.0000071678 0.0000000014 0 0 0
2703235 1 140 0.0232933115 0.0000013251 0.0000000001 0 0 0
2705110 0 109 0.0674967025 0.0000359982 0.0000000192 0 0 0
2706953 0 125 0.1319797445 0.0000716114 0.0000000389 0 0 0
2709172 0 94 0.3479003938 0.0001567825 0.0000000707 0 0 0
2720266 0 109 0.0013015184 0.0000002823 0.0000000001 0 0 0
2726688 3 9328 0.2590463157 0.0000403373 0.0000000063 0 0 0
2738766 0 109 0.0640646268 0.0000409882 0.0000000262 0 0 0
2744656 0 94 0.2093762426 0.0001165792 0.0000000649 0 0 0
2751375 0 110 0.1696328130 0.0000252467 0.0000000038 0 0 0
2761672 4 9703 0.0000000000 0.0000000000 0.0000000000 0 0 0
2775219 4 6172 0.0000000000 0.0000000000 0.0000000000 0 0 0
2781391 0 125 0.0000000000 0.0000000000 0.0000000000 0 0 0
2794781 0 125 0.1294266348 0.0000158088 0.0000000019 0 0 0
2804281 0 125 0.3208456679 0.0000831422 0.0000000215 0 0 0
2807610 3 7562 0.3782669080 0.0001136278 0.0000000341 0 0 0
2817531 1 94 0.0259974880 0.0000026205 0.0000000003 0 0 0
2821375 1 94 0.1224584463 0.0000318570 0.0000000083 0 0 0
2824860 0 109 0.2660851030 0.0000763515 0.0000000219 0 0 0
2826063 0 93 0.0051837639 0.0000043090 0.0000000036 0 0 0
2827375 1 110 0.5272023833 0.0004018311 0.0000003063 0 0 0
2829078 1 110 0.1663348559 0.0000976717 0.0000000574 0 0 0
2831266 0 109 0.1179940327 0.0000539278 0.0000000246 0 0 0
2833235 0 140 0.1026705368 0.0000521435 0.0000000265 0 0 0
2834578 0 94 0.1314650934 0.0000978891 0.0000000729 0 0 0
2836469 0 109 0.1187258594 0.0000627847 0.0000000332 0 0 0
2837500 1 125 0.0439968116 0.0000426739 0.0000000414 0 0 0
2841875 0 110 0.1730309708 0.0001025673 0.0000000608 0 0 0
2847281 0 125 0.1263474878 0.0000233717 0.0000000043 0 0 0
2848578 0 94 0.1705954568 0.0001315308 0.0000001014 0 0 0
2855047 0 94 0.2085954168 0.0000322454 0.0000000050 0 0 0
2856813 0 109 0.0000000000 0.0000000000 0.0000000000 0 0 0
2862375 3 3672 0.1372801459 0.0000246818 0.0000000044 0 0 0
2867047 1 109 0.0491953796 0.0000105298 0.0000000023 0 0 0
2870516 1 125 0.0775141006 0.0000463601 0.0000000277 0 0 0
2872000 1 125 0.0526306188 0.0000354654 0.0000000239 0 0 0
2874297 0 109 0.0628975080 0.0000273825 0.0000000119 0 0 0
2878953 0 141 0.0492953601 0.0000105875 0.0000000023 0 0 0
2879985 0 93 0.1324812793 0.0001283733 0.0000001244 0 0 0
2890297 0 141 0.0048754124 0.0000009483 0.0000000002 0 0 0
2894031 3 3938 0.1619514782 0.0000433721 0.0000000116 0 0 0
2899750 0 141 0.1717513071 0.0000300317 0.0000000053 0 0 0
2903453 3 4672 0.2479992339 0.0000669725 0.0000000181 0 0 0
2909266 1 109 0.0152034754 0.0000026154 0.0000000004 0 0 0
2910563 1 140 0.0157425678 0.0000121377 0.0000000094 0 0 0
2912766 0 109 0.0575432242 0.0000261204 0.0000000119 0 0 0
2921297 0 94 0.0243933557 0.0000028594 0.0000000003 0 0 0
2924031 0 110 0.1340226210 0.0000490207 0.0000000179 0 0 0
2936672 3 3953 0.0356554665 0.0000031301 0.0000000003 0 0 0
2941797 1 94 0.0168361715 0.0000032851 0.0000000006 0 0 0
2943641 0 140 0.0808635351 0.0000438522 0.0000000238 0 0 0
2947594 0 141 0.0456102032 0.0000115381 0.0000000029 0 0 0
2951875 0 141 0.0007440476 0.0000005536 0.0000000004 0 0 0
2955266 3 2219 0.1160359221 0.0000342188 0.0000000101 0 0 0
2959313 0 109 0.2115770817 0.0000522800 0.0000000129 0 0 0
2962250 3 4125 0.3607431708 0.0001228271 0.0000000418 0 0 0
2970031 0 141 0.0022590361 0.0000017011 0.0000000013 0 0 0
2971266 1 125 0.3353808054 0.0002715634 0.0000002199 0 0 0
2973078 1 125 0.0175382294 0.0000096789 0.0000000053 0 0 0
2974110 1 125 0.0203637013 0.0000197323 0.0000000191 0 0 0
2975172 0 94 0.0456578626 0.0000429923 0.0000000405 0 0 0
2976125 0 110 0.0694173693 0.0000728409 0.0000000764 0 0 0
2977031 0 141 0.0457803638 0.0000505302 0.0000000558 0 0 0
2977656 1 125 0.0000000000 0.0000000000 0.0000000000 0 0 0
2982735 0 93 0.0614199387 0.0000163787 0.0000000044 0 0 0
2984735 0 109 0.2570247996 0.0001285124 0.0000000643 0 0 0
2992656 4 17860 0.0000000000 0.0000000000 0.0000000000 0 0 0
3020344 0 109 0.1321199157 0.0000047717 0.0000000002 0 0 0
3029125 0 125 0.1696867440 0.0000252548 0.0000000038 0 0 0
3037469 0 94 0.1801217455 0.0000302573 0.0000000051 0 0 0
3081219 4 5031 0.0000000000 0.0000000000 0.0000000000 0 0 0
3112125 0 125 0.0372313507 0.0000140178 0.0000000053 0 0 0
3113969 0 125 0.0000000000 0.0000000000 0.0000000000 0 0 0
3116250 0 141 0.0174609501 0.0000076550 0.0000000034 0 0 0
3118594 0 94 0.2532947628 0.0001080609 0.0000000461 0 0 0
3123656 2 344 0.0506911085 0.0000100140 0.0000000020 141 63 140
3126250 2 328 0.0116586895 0.0000044945 0.0000000017 110 78 140
3127625 2 313 0.0380258496 0.0000276552 0.0000000201 125 63 125
3128750 2 297 0.0414091285 0.0000368081 0.0000000327 78 94 125
3129813 2 328 0.0262522242 0.0000246964 0.0000000232 109 78 141
3131235 0 125 0.0100159217 0.0000070435 0.0000000050 0 0 0
3133141 0 94 0.1960945267 0.0001028828 0.0000000540 0 0 0
3137719 0 141 0.0977838845 0.0000213595 0.0000000047 0 0 0
3139360 0 109 0.0400955415 0.0000244336 0.0000000149 0 0 0
3141016 0 109 0.0757634870 0.0000457509 0.0000000276 0 0 0
3156641 0 94 0.1437692787 0.0000092012 0.0000000006 0 0 0
3167047 0 94 0.0068257947 0.0000006559 0.0000000001 0 0 0
3168000 4 6656 0.0000000000 0.0000000000 0.0000000000 0 0 0
3193594 4 5172 0.0000000000 0.0000000000 0.0000000000 0 0 0
3207172 4 12844 0.0000000000 0.0000000000 0.0000000000 0 0 0
3224125 0 110 0.0290385512 0.0000017129 0.0000000001 0 0 0
3238656 0 110 0.1899042532 0.0000215506 0.0000000024 0 0 0
3239688 4 5656 0.0000000000 0.0000000000 0.0000000000 0 0 0
3248891 0 94 0.0635799222 0.0000069086 0.0000000008 0 0 0
3252797 0 109 0.2423379769 0.0000620425 0.0000000159 0 0 0
3260344 0 125 0.1154832970 0.0000153019 0.0000000020 0 0 0
3261422 4 9875 0.0000000000 0.0000000000 0.0000000000 0 0 0
3273281 0 94 0.0637983078 0.0000053797 0.0000000005 0 0 0
3280297 0 109 0.1474771883 0.0000210201 0.0000000030 0 0 0
3285594 0 125 0.0857012618 0.0000161792 0.0000000031 0 0 0
3288906 0 110 0.2047928691 0.0000618336 0.0000000187 0 0 0
3296328 0 125 0.0984350211 0.0000132626 0.0000000018 0 0 0
3298297 4 7484 0.0000000000 0.0000000000 0.0000000000 0 0 0
3313219 0 94 0.0729757891 0.0000048905 0.0000000003 0 0 0
3313922 0 141 0.0000000000 0.0000000000 0.0000000000 0 0 0
3316750 0 110 0.3236808505 0.0001144557 0.0000000405 0 0 0
3321922 0 125 0.0012401805 0.0000002398 0.0000000000 0 0 0
3322563 4 5500 0.0000000000 0.0000000000 0.0000000000 0 0 0
3334250 0 125 0.0771312833 0.0000065998 0.0000000006 0 0 0
3336797 0 94 0.3356371502 0.0001317774 0.0000000517 0 0 0
3341578 0 125 0.0002091613 0.0000000437 0.0000000000 0 0 0
3342188 4 5734 0.0000000000 0.0000000000 0.0000000000 0 0 0
3353141 0 140 0.2940673745 0.0001154564 0.0000000453 0 0 0
3357703 4 8141 0.0000000000 0.0000000000 0.0000000000 0 0 0
3375672 0 109 0.3557060256 0.0001388392 0.0000000542 0 0 0
3386438 4 10750 0.0000000000 0.0000000000 0.0000000000 0 0 0
3407266 0 125 0.3259807954 0.0001109533 0.0000000378 0 0 0
3407969 4 5516 0.0000000000 0.0000000000 0.0000000000 0 0 0
3416047 0 94 0.0193617607 0.0000023969 0.0000000003 0 0 0
3418063 0 93 0.2899484409 0.0001438236 0.0000000713 0 0 0
3423750 0 125 0.0102921106 0.0000018098 0.0000000003 0 0 0
3424110 4 8453 0.0000000000 0.0000000000 0.0000000000 0 0 0
3432875 0 110 0.0015174630 0.0000001731 0.0000000000 0 0 0
3434516 0 94 0.0000000000 0.0000000000 0.0000000000 0 0 0
3434610 4 6328 0.0000000000 0.0000000000 0.0000000000 0 0 0
3441344 0 94 0.0004805566 0.0000000714 0.0000000000 0 0 0
3443875 0 125 0.0003951008 0.0000001561 0.0000000001 0 0 0
3452860 0 109 0.1009217518 0.0000112322 0.0000000013 0 0 0
3455781 0 110 0.1528942208 0.0000523431 0.0000000179 0 0 0
3460641 4 6500 0.0000000000 0.0000000000 0.0000000000 0 0 0
3467860 0 93 0.0150971198 0.0000020913 0.0000000003 0 0 0
3469235 0 109 0.0000000000 0.0000000000 0.0000000000 0 0 0
3491485 0 93 0.1965640018 0.0000202560 0.0000000021 0 0 0
3493828 0 125 0.1631659602 0.0000696398 0.0000000297 0 0 0
3499469 2 312 0.1000239742 0.0000363724 0.0000000132 125 94 93
3499781 4 12594 0.0000000000 0.0000000000 0.0000000000 0 0 0
3516531 0 94 0.0354841587 0.0000021185 0.0000000001 0 0 0
3532360 0 140 0.2444952527 0.0000279903 0.0000000032 0 0 0
3542563 0 125 0.6937370268 0.0002412998 0.0000000839 0 0 0
3555516 4 6375 0.0000000000 0.0000000000 0.0000000000 0 0 0
3574797 0 109 0.0708559332 0.0000036749 0.0000000002 0 0 0
3577047 0 141 0.4533871605 0.0002015054 0.0000000896 0 0 0
