104.3375000000 15.1413702732
117.3632478632 14.9948885781
298.4047619048 54.9250829697
106.6666666667 30.3767350409
90.7142857143 57.7471028811
101.0238095238 14.9944245118
0.2388782317 0.2102570942
0.0002630802 0.0003536965
0.0000005461 0.0000012195

795 0 78 0.5530424147 0.0006956508 0.0000008750 0 0 0
2153 0 124 0.2252697842 0.0001658835 0.0000001222 0 0 0
5647 0 109 0.5476042365 0.0002489110 0.0000001131 0 0 0
6755 0 78 0.6753694426 0.0006095392 0.0000005501 0 0 0
8440 0 93 0.4494960795 0.0002667633 0.0000001583 0 0 0
11216 0 110 0.3502866561 0.0002098782 0.0000001258 0 0 0
12589 0 94 0.4386170122 0.0003194589 0.0000002327 0 0 0
15990 0 109 0.4230656001 0.0001807973 0.0000000773 0 0 0
20436 0 94 0.5919555689 0.0005129598 0.0000004445 0 0 0
21778 0 109 0.7297597643 0.0005437852 0.0000004052 0 0 0
24851 4 38860 0.0000000000 0.0000000000 0.0000000000 0 0 0
64428 0 109 0.0372261789 0.0000009406 0.0000000000 0 0 0
65832 2 453 0.4824986660 0.0003436600 0.0000002448 78 297 78
74444 4 5990 0.0000000000 0.0000000000 0.0000000000 0 0 0
80949 4 42307 0.0000000000 0.0000000000 0.0000000000 0 0 0
124317 0 109 0.0270285841 0.0000006232 0.0000000000 0 0 0
125596 4 60513 0.0000000000 0.0000000000 0.0000000000 0 0 0
187622 3 109 0.0150669541 0.0000175606 0.0000000205 0 0 0
189978 1 125 0.1406919046 0.0000597164 0.0000000253 0 0 0
190820 1 141 0.3265610612 0.0003878397 0.0000004606 0 0 0
203144 1 110 0.5125077361 0.0000415862 0.0000000034 0 0 0
207871 1 125 0.2691008863 0.0000569285 0.0000000120 0 0 0
212941 1 125 0.2508248475 0.0000494724 0.0000000098 0 0 0
217621 1 109 0.5133078870 0.0001096812 0.0000000234 0 0 0
218791 1 109 0.3802714814 0.0003250184 0.0000002778 0 0 0
219478 1 140 0.8272564570 0.0012041579 0.0000017528 0 0 0
223393 0 125 0.3367363467 0.0004152113 0.0000005120 0 0 0
226123 0 109 0.2170317363 0.0001563629 0.0000001127 0 0 0
230164 0 78 0.2569355244 0.0004989039 0.0000009687 0 0 0
232317 1 124 0.2804677557 0.0001302683 0.0000000605 0 0 0
232816 1 140 0.1427618962 0.0002860960 0.0000005733 0 0 0
243783 0 93 0.1967362960 0.0001448721 0.0000001067 0 0 0
252019 1 141 0.4108019005 0.0000524584 0.0000000067 0 0 0
254157 0 78 0.4080837458 0.0001908717 0.0000000893 0 0 0
254687 3 218 0.5295505662 0.0009991520 0.0000018852 0 0 0
256887 3 670 0.1930122536 0.0001993928 0.0000002060 0 0 0
258104 1 124 0.2354371190 0.0001934570 0.0000001590 0 0 0
262659 1 109 0.0591369508 0.0000399035 0.0000000269 0 0 0
274172 1 140 0.6131328730 0.0000699285 0.0000000080 0 0 0
296620 1 109 0.4873515099 0.0000370581 0.0000000028 0 0 0
297431 0 78 0.3781289455 0.0004662502 0.0000005749 0 0 0
298024 0 78 0.9180656650 0.0015481714 0.0000026107 0 0 0
299241 3 109 0.2961399651 0.0005587547 0.0000010543 0 0 0
301144 0 78 0.2668642146 0.0001900742 0.0000001354 0 0 0
301799 1 94 0.2207992745 0.0003370981 0.0000005147 0 0 0
303531 1 140 0.1831373789 0.0001057375 0.0000000610 0 0 0
306464 1 140 0.2706410894 0.0000922745 0.0000000315 0 0 0
307181 0 110 0.2657038885 0.0003705773 0.0000005168 0 0 0
310223 1 125 0.2935972162 0.0003554446 0.0000004303 0 0 0
310769 0 94 0.2532162608 0.0004637660 0.0000008494 0 0 0
312969 1 109 0.3737411026 0.0001698823 0.0000000772 0 0 0
313312 1 109 0.0087463557 0.0000254996 0.0000000743 0 0 0
313609 1 140 0.0101010101 0.0000340101 0.0000001145 0 0 0
317555 0 94 0.2866086171 0.0001997273 0.0000001392 0 0 0
319193 1 125 0.0704061680 0.0000806485 0.0000000924 0 0 0
320520 1 124 0.2735102883 0.0002969710 0.0000003224 0 0 0
321050 0 109 0.2883608514 0.0005440771 0.0000010266 0 0 0
322126 1 141 0.2434670443 0.0002262705 0.0000002103 0 0 0
322423 1 125 0.0134680135 0.0000453468 0.0000001527 0 0 0
329926 2 312 0.3146089072 0.0000419311 0.0000000056 125 94 93
331455 2 281 0.0544651212 0.0000356214 0.0000000233 125 78 78
334684 1 94 0.4686328528 0.0001451325 0.0000000449 0 0 0
343764 1 93 0.1364791458 0.0000638350 0.0000000299 0 0 0
345433 1 93 0.2419161327 0.0001449468 0.0000000868 0 0 0
351735 1 110 0.5070587879 0.0000804600 0.0000000128 0 0 0
352687 1 94 0.3399433930 0.0003570834 0.0000003751 0 0 0
355183 1 125 0.4520788131 0.0001811213 0.0000000726 0 0 0
357102 1 109 0.5369239879 0.0005060547 0.0000004770 0 0 0
358178 1 94 1.0590498503 0.0009842471 0.0000009147 0 0 0
358927 1 94 0.7562408276 0.0010096673 0.0000013480 0 0 0
359629 1 109 0.5275411070 0.0007514831 0.0000010705 0 0 0
361704 1 125 0.5043888547 0.0002430790 0.0000001171 0 0 0
362796 0 125 0.3483954251 0.0003190434 0.0000002922 0 0 0
363451 0 109 0.4874852081 0.0007442522 0.0000011363 0 0 0
363841 1 140 0.5197664692 0.0013327345 0.0000034173 0 0 0
364605 0 94 0.4638184096 0.0006070922 0.0000007946 0 0 0
365167 3 842 0.7032120982 0.0012512671 0.0000022265 0 0 0
366555 1 125 0.1606196617 0.0001157202 0.0000000834 0 0 0
367320 0 93 0.4425028297 0.0005784351 0.0000007561 0 0 0
371859 1 125 0.5312457304 0.0001170403 0.0000000258 0 0 0
376586 1 125 0.0513073930 0.0000245490 0.0000000117 0 0 0
376851 1 125 0.1132075472 0.0004271983 0.0000016121 0 0 0
377397 1 125 0.1258487341 0.0002304922 0.0000004221 0 0 0
377725 1 125 0.1254616433 0.0003825050 0.0000011662 0 0 0
378068 1 141 0.1103039978 0.0003215860 0.0000009376 0 0 0
378365 1 124 0.1354696483 0.0004561268 0.0000015358 0 0 0
380814 1 140 0.0671290660 0.0000274108 0.0000000112 0 0 0
381921 1 141 0.2359108450 0.0002131083 0.0000001925 0 0 0
382311 1 110 0.1359299111 0.0003485382 0.0000008937 0 0 0
383170 1 124 0.2115019797 0.0002462188 0.0000002866 0 0 0
384262 0 93 0.1211815329 0.0001109721 0.0000001016 0 0 0
384574 1 109 0.0284818895 0.0000912881 0.0000002926 0 0 0
385026 1 140 0.1154961438 0.0002555224 0.0000005653 0 0 0
388427 1 93 0.3978285476 0.0009103628 0.0000020832 0 0 0
389706 1 94 0.0804956308 0.0000629364 0.0000000492 0 0 0
389924 1 125 0.5119822646 0.0023485425 0.0000107731 0 0 0
398192 1 94 0.0612689477 0.0000538391 0.0000000473 0 0 0
398598 1 109 0.0666485087 0.0001641589 0.0000004043 0 0 0
408582 1 109 0.1040346201 0.0000170549 0.0000000028 0 0 0
412061 2 327 0.4054085926 0.0001165302 0.0000000335 109 156 62
412934 0 94 0.0256118827 0.0000293378 0.0000000336 0 0 0
415072 1 125 0.0884415839 0.0000413665 0.0000000193 0 0 0
416523 3 124 0.3157949892 0.0002176396 0.0000001500 0 0 0
417069 0 109 0.4301301988 0.0007877842 0.0000014428 0 0 0
418348 1 125 0.4497866763 0.0003516706 0.0000002750 0 0 0
418800 1 109 0.2856002628 0.0006318590 0.0000013979 0 0 0
420079 1 110 0.0851833550 0.0000666015 0.0000000521 0 0 0
421405 0 110 0.0539704128 0.0000407017 0.0000000307 0 0 0
421639 1 110 0.0000000000 0.0000000000 0.0000000000 0 0 0
423745 1 125 0.1743518410 0.0000827881 0.0000000393 0 0 0
428925 1 109 0.3041600117 0.0000587181 0.0000000113 0 0 0
431998 1 140 0.1612534461 0.0000524743 0.0000000171 0 0 0
433183 1 110 0.5409912426 0.0004565327 0.0000003853 0 0 0
439501 1 110 0.4173468506 0.0000906881 0.0000000197 0 0 0
439720 1 125 0.3646853480 0.0016652299 0.0000076038 0 0 0
439923 1 124 0.3172923332 0.0015630164 0.0000076996 0 0 0
446256 1 110 0.2490916135 0.0000393323 0.0000000062 0 0 0
447083 1 125 0.2380307095 0.0006364457 0.0000017017 0 0 0
447317 1 109 0.0000000000 0.0000000000 0.0000000000 0 0 0
447582 1 110 0.1384484435 0.0005224470 0.0000019715 0 0 0
447926 1 124 0.1416858616 0.0004118775 0.0000011973 0 0 0
448362 1 141 0.1300514163 0.0002982831 0.0000006841 0 0 0
448596 1 110 0.2834538200 0.0012113411 0.0000051767 0 0 0
448940 1 140 0.1239229623 0.0003602412 0.0000010472 0 0 0
449704 1 109 0.2201203202 0.0004547940 0.0000009397 0 0 0
450063 1 93 0.7541538264 0.0021007070 0.0000058516 0 0 0
450375 1 125 0.2351411532 0.0007536575 0.0000024156 0 0 0
450656 1 93 0.4292610672 0.0015276195 0.0000054364 0 0 0
450968 1 109 0.1939070308 0.0006214969 0.0000019920 0 0 0
451701 1 125 0.0819269968 0.0001117694 0.0000001525 0 0 0
452356 1 125 0.3926440650 0.0005994566 0.0000009152 0 0 0
452699 1 109 0.0609418819 0.0001776731 0.0000005180 0 0 0
453074 1 124 0.1584052702 0.0004224141 0.0000011264 0 0 0
453479 1 94 0.0568731041 0.0001404274 0.0000003467 0 0 0
454353 1 93 0.0554203883 0.0001015025 0.0000001859 0 0 0
455039 1 94 0.0718650032 0.0001047595 0.0000001527 0 0 0
455258 1 93 0.3953084383 0.0018050614 0.0000082423 0 0 0
456022 1 109 0.1420398993 0.0002527400 0.0000004497 0 0 0
456459 1 125 0.2408444645 0.0005511315 0.0000012612 0 0 0
457098 1 125 0.1450632232 0.0002270160 0.0000003553 0 0 0
457504 1 109 0.3981654134 0.0009807030 0.0000024155 0 0 0
458159 1 109 0.2525859016 0.0009531543 0.0000035968 0 0 0
458534 1 124 0.5614819499 0.0014972852 0.0000039928 0 0 0
458846 1 93 0.5914452593 0.0018956579 0.0000060758 0 0 0
459470 1 109 0.0518125803 0.0000830330 0.0000001331 0 0 0
459735 1 125 0.1241490375 0.0004684869 0.0000017679 0 0 0
460078 1 125 0.5022957859 0.0014644192 0.0000042694 0 0 0
461357 1 94 0.2527312369 0.0001976007 0.0000001545 0 0 0
461654 1 109 0.0982503027 0.0003308091 0.0000011138 0 0 0
461872 1 125 0.1396889205 0.0006407749 0.0000029393 0 0 0
462044 1 93 0.0290697674 0.0001690103 0.0000009826 0 0 0
462636 1 94 0.2668918919 0.0004508309 0.0000007615 0 0 0
462886 1 109 0.0280000000 0.0001120000 0.0000004480 0 0 0
463136 1 140 0.2064568100 0.0008258272 0.0000033033 0 0 0
463588 1 125 0.1091974312 0.0002415872 0.0000005345 0 0 0
463869 1 109 0.0772160698 0.0002747903 0.0000009779 0 0 0
464306 1 124 0.5804056945 0.0013281595 0.0000030393 0 0 0
464774 1 124 0.2810214909 0.0006004733 0.0000012831 0 0 0
465008 1 124 0.2575096337 0.0011004685 0.0000047029 0 0 0
465257 1 141 0.2360317834 0.0009479188 0.0000038069 0 0 0
465663 1 125 0.3172421768 0.0007813847 0.0000019246 0 0 0
466209 1 93 0.0857663500 0.0001570812 0.0000002877 0 0 0
466536 1 110 0.1843357781 0.0005637180 0.0000017239 0 0 0
466833 1 109 0.2460386105 0.0008284128 0.0000027893 0 0 0
467114 1 124 0.0721899761 0.0002569038 0.0000009142 0 0 0
467582 1 109 0.0553982257 0.0001183723 0.0000002529 0 0 0
467800 1 125 0.3352081520 0.0015376521 0.0000070534 0 0 0
468081 1 93 0.3987856681 0.0014191661 0.0000050504 0 0 0
468533 1 125 0.1640839782 0.0003630177 0.0000008031 0 0 0
468767 1 109 0.2632715866 0.0011250923 0.0000048081 0 0 0
469188 1 94 0.0662375927 0.0001573339 0.0000003737 0 0 0
469828 1 140 0.1857371048 0.0002902142 0.0000004535 0 0 0
470109 1 109 0.4517257039 0.0016075648 0.0000057209 0 0 0
470390 1 124 0.0631960126 0.0002248968 0.0000008003 0 0 0
471201 1 109 0.1579214278 0.0001947243 0.0000002401 0 0 0
471716 1 109 0.5917708351 0.0011490696 0.0000022312 0 0 0
476957 1 110 0.1905734546 0.0001185896 0.0000000738 0 0 0
481154 1 109 0.6396656020 0.0004766510 0.0000003552 0 0 0
482542 1 109 0.4069848026 0.0002932167 0.0000002113 0 0 0
488314 1 109 0.3250559158 0.0000563160 0.0000000098 0 0 0
488564 1 125 0.1483628881 0.0005934516 0.0000023738 0 0 0
488798 1 109 0.1093244997 0.0004671987 0.0000019966 0 0 0
489640 1 94 0.0984867668 0.0001169677 0.0000001389 0 0 0
490436 1 109 0.0266921199 0.0000450120 0.0000000759 0 0 0
491029 1 124 0.0476267128 0.0000803149 0.0000001354 0 0 0
491278 1 109 0.0900169219 0.0003615137 0.0000014519 0 0 0
491621 1 125 0.0415341436 0.0001210908 0.0000003530 0 0 0
491918 1 140 0.1599908962 0.0005386899 0.0000018138 0 0 0
492479 1 125 0.1031897192 0.0001839389 0.0000003279 0 0 0
492823 1 93 0.2594501500 0.0007542156 0.0000021925 0 0 0
493088 1 109 0.0226415094 0.0000854397 0.0000003224 0 0 0
493400 1 125 0.3919496316 0.0012562488 0.0000040264 0 0 0
494086 1 125 0.2188197283 0.0005197618 0.0000012346 0 0 0
494351 1 125 0.3795559964 0.0014322868 0.0000054049 0 0 0
495069 1 94 0.2000009128 0.0002785528 0.0000003880 0 0 0
495241 1 93 0.1095825114 0.0006371076 0.0000037041 0 0 0
495787 1 124 0.1897847811 0.0003475912 0.0000006366 0 0 0
496301 1 110 0.1263683662 0.0005075035 0.0000020382 0 0 0
496551 1 140 0.0755859712 0.0003023439 0.0000012094 0 0 0
497222 1 109 0.0565803411 0.0000843224 0.0000001257 0 0 0
497503 1 109 0.0071174377 0.0000253290 0.0000000901 0 0 0
498033 1 109 0.1171646309 0.0002210653 0.0000004171 0 0 0
505225 1 109 0.2629469750 0.0000720205 0.0000000197 0 0 0
511309 1 109 0.2499763290 0.0000478332 0.0000000092 0 0 0
511855 1 109 0.0660641479 0.0001209966 0.0000002216 0 0 0
512541 1 109 0.0522280279 0.0000761342 0.0000001110 0 0 0
514990 1 141 0.0045792788 0.0000026212 0.0000000015 0 0 0
515412 1 140 0.0366638293 0.0000868811 0.0000002059 0 0 0
515802 1 124 0.0689795377 0.0001768706 0.0000004535 0 0 0
517923 1 94 0.2741632549 0.0001528223 0.0000000852 0 0 0
518204 1 125 0.0747330961 0.0002659541 0.0000009465 0 0 0
518532 1 109 0.0599093949 0.0001826506 0.0000005569 0 0 0
518844 1 140 0.0989024142 0.0003169949 0.0000010160 0 0 0
520263 1 125 0.1766422044 0.0001244836 0.0000000877 0 0 0
521277 1 109 0.1149756431 0.0002380448 0.0000004928 0 0 0
521808 1 93 0.0451977401 0.0000851182 0.0000001603 0 0 0
525021 1 141 0.4785893739 0.0001489541 0.0000000464 0 0 0
525271 1 125 0.1135376112 0.0004541504 0.0000018166 0 0 0
526191 1 141 0.1197678552 0.0002075699 0.0000003597 0 0 0
526503 1 125 0.1051398129 0.0003369866 0.0000010801 0 0 0
526800 1 140 0.0606060606 0.0002040608 0.0000006871 0 0 0
533086 1 94 0.4104850918 0.0000653015 0.0000000104 0 0 0
548624 4 6069 0.0000000000 0.0000000000 0.0000000000 0 0 0
555753 1 141 0.0137634341 0.0000019306 0.0000000003 0 0 0
562571 1 140 0.4198067652 0.0000615733 0.0000000090 0 0 0
563538 1 125 0.2638912247 0.0002728968 0.0000002822 0 0 0
564115 1 125 0.5066269984 0.0008780364 0.0000015217 0 0 0
564895 0 109 0.3807487889 0.0004881395 0.0000006258 0 0 0
565597 3 889 0.6182491032 0.0008806967 0.0000012546 0 0 0
567079 0 94 0.3530630825 0.0002382342 0.0000001608 0 0 0
567703 1 94 0.5411070362 0.0008671587 0.0000013897 0 0 0
568389 1 125 0.6161819632 0.0008982244 0.0000013094 0 0 0
569107 1 140 0.3765808163 0.0005244858 0.0000007305 0 0 0
569513 1 124 0.2069571874 0.0005097468 0.0000012555 0 0 0
570012 1 125 0.0787951608 0.0001579061 0.0000003164 0 0 0
572633 4 21481 0.0000000000 0.0000000000 0.0000000000 0 0 0
596891 0 78 0.0581560322 0.0000023974 0.0000000001 0 0 0
601852 0 78 0.2486946491 0.0000852278 0.0000000292 0 0 0
609870 0 94 0.0707791934 0.0000116050 0.0000000019 0 0 0
612865 0 94 0.3256482549 0.0001087306 0.0000000363 0 0 0
613567 0 125 0.2709552338 0.0003859761 0.0000005498 0 0 0
613833 4 7753 0.0000000000 0.0000000000 0.0000000000 0 0 0
622194 0 78 0.0343156013 0.0000041042 0.0000000005 0 0 0
623380 2 390 0.3347160634 0.0002822227 0.0000002380 62 219 109
630587 0 109 0.2504068825 0.0000347450 0.0000000048 0 0 0
632209 0 125 0.9236541748 0.0005694539 0.0000003511 0 0 0
636500 0 109 0.3858906674 0.0000899302 0.0000000210 0 0 0
642552 0 125 0.2316637862 0.0000382789 0.0000000063 0 0 0
647825 1 141 0.2979654622 0.0000782884 0.0000000206 0 0 0
653332 1 125 0.4238514680 0.0000769659 0.0000000140 0 0 0
657950 1 124 0.3473398692 0.0000752144 0.0000000163 0 0 0
669853 1 124 0.2287417798 0.0000241162 0.0000000025 0 0 0
677200 1 125 0.1577466620 0.0000822025 0.0000000428 0 0 0
678932 1 140 0.1894927589 0.0001094069 0.0000000632 0 0 0
679509 0 125 0.0938388566 0.0001626323 0.0000002819 0 0 0
680149 2 405 0.1235423087 0.0001930349 0.0000003016 93 187 125
683347 1 109 0.3859013045 0.0003092158 0.0000002478 0 0 0
696732 0 109 0.2768713841 0.0000206852 0.0000000015 0 0 0
697948 4 117843 0.0000000000 0.0000000000 0.0000000000 0 0 0
817663 3 110 0.0451054202 0.0000003768 0.0000000000 0 0 0
835354 1 125 0.4233067739 0.0000343482 0.0000000028 0 0 0
836508 0 78 0.3430248832 0.0002972486 0.0000002576 0 0 0
837398 0 109 0.6204638591 0.0006971504 0.0000007833 0 0 0
839207 0 125 0.1108437532 0.0000612735 0.0000000339 0 0 0
839675 3 125 0.1068045253 0.0002282148 0.0000004876 0 0 0
840720 0 110 0.6316072644 0.0006044089 0.0000005784 0 0 0
846524 1 93 0.6429356488 0.0001107746 0.0000000191 0 0 0
847990 1 125 0.1386153814 0.0004932932 0.0000017555 0 0 0
848801 1 125 0.6125668670 0.0007553229 0.0000009313 0 0 0
852951 1 109 0.2744027507 0.0000892947 0.0000000291 0 0 0
855026 1 109 0.2797294836 0.0001348094 0.0000000650 0 0 0
855431 1 110 0.1192013630 0.0002943244 0.0000007267 0 0 0
857007 1 94 0.3277593075 0.0002079691 0.0000001320 0 0 0
857912 1 109 0.2397851463 0.0002649560 0.0000002928 0 0 0
859909 1 93 0.5088705555 0.0002548175 0.0000001276 0 0 0
866258 1 93 0.6442422830 0.0001203966 0.0000000225 0 0 0
936302 0 125 0.2307070517 0.0000640319 0.0000000178 0 0 0
939719 4 12183 0.0000000000 0.0000000000 0.0000000000 0 0 0
952292 2 422 0.0208086626 0.0000016550 0.0000000001 110 218 94
963072 1 140 0.1440782279 0.0000133653 0.0000000012 0 0 0
968828 1 141 0.0889656187 0.0000154562 0.0000000027 0 0 0
978142 1 140 0.1312856711 0.0000472761 0.0000000170 0 0 0
979171 1 94 0.2687443589 0.0002611704 0.0000002538 0 0 0
987502 1 125 0.3892894248 0.0000541281 0.0000000075 0 0 0
990013 1 110 0.7435103976 0.0002961013 0.0000001179 0 0 0
990591 1 93 0.4972002074 0.0008602080 0.0000014882 0 0 0
991043 1 109 0.1376065357 0.0003044392 0.0000006735 0 0 0
992213 1 109 0.6291550095 0.0005377393 0.0000004596 0 0 0
993461 0 78 0.2699276754 0.0002162882 0.0000001733 0 0 0
994194 3 265 0.7030800128 0.0009591815 0.0000013086 0 0 0
995286 2 312 0.5737184312 0.0005253832 0.0000004811 109 110 93
996378 3 312 0.3451464278 0.0003160682 0.0000002894 0 0 0
997205 1 125 0.4480339878 0.0005417581 0.0000006551 0 0 0
997455 1 140 0.1222846219 0.0004891385 0.0000019566 0 0 0
998703 1 124 0.4180602834 0.0003349842 0.0000002684 0 0 0
999529 1 110 0.4324838294 0.0005235882 0.0000006339 0 0 0
1001760 4 56363 0.0000000000 0.0000000000 0.0000000000 0 0 0
1063084 1 109 0.0479209282 0.0000007814 0.0000000000 0 0 0
1063958 0 109 0.4606212049 0.0005270266 0.0000006030 0 0 0
1066282 1 109 0.2202450636 0.0001568697 0.0000001117 0 0 0
1067109 1 140 0.4448636851 0.0005379246 0.0000006505 0 0 0
1067577 0 94 0.0288006595 0.0000615399 0.0000001315 0 0 0
1068123 1 125 0.0000000000 0.0000000000 0.0000000000 0 0 0
1069215 1 109 0.2805852740 0.0002569462 0.0000002353 0 0 0
1075783 0 109 0.4651614255 0.0000708224 0.0000000108 0 0 0
1085018 3 18424 0.2501392783 0.0000320035 0.0000000041 0 0 0
1105470 0 125 0.0394016034 0.0000019265 0.0000000001 0 0 0
1110462 4 128763 0.0000000000 0.0000000000 0.0000000000 0 0 0
1242095 4 8128 0.0000000000 0.0000000000 0.0000000000 0 0 0
1252875 0 94 0.3200775613 0.0000296918 0.0000000028 0 0 0
1265324 4 9594 0.0000000000 0.0000000000 0.0000000000 0 0 0
1276041 4 37456 0.0000000000 0.0000000000 0.0000000000 0 0 0
1319176 4 89700 0.0000000000 0.0000000000 0.0000000000 0 0 0
1411653 0 93 0.0318084165 0.0000003440 0.0000000000 0 0 0
1412589 4 139449 0.0000000000 0.0000000000 0.0000000000 0 0 0
1556063 0 109 0.2729500812 0.0001335372 0.0000000653 0 0 0
1564877 4 5944 0.0000000000 0.0000000000 0.0000000000 0 0 0
1576515 0 125 0.1637147038 0.0000140673 0.0000000012 0 0 0
1576858 4 12761 0.0000000000 0.0000000000 0.0000000000 0 0 0
1595750 0 109 0.0915990222 0.0000048486 0.0000000003 0 0 0
1606342 0 125 0.1161591306 0.0000109667 0.0000000010 0 0 0
1613050 4 28876 0.0000000000 0.0000000000 0.0000000000 0 0 0
1643112 0 93 0.0747186501 0.0000024855 0.0000000001 0 0 0
1643938 4 324217 0.0000000000 0.0000000000 0.0000000000 0 0 0
1970043 0 109 0.0044549296 0.0000000137 0.0000000000 0 0 0
1982476 4 38127 0.0000000000 0.0000000000 0.0000000000 0 0 0
2021804 0 94 0.0645148837 0.0000016404 0.0000000000 0 0 0
2023707 4 57518 0.0000000000 0.0000000000 0.0000000000 0 0 0
2081896 0 93 0.0187549162 0.0000003223 0.0000000000 0 0 0
2090897 0 109 0.3371091601 0.0000374524 0.0000000042 0 0 0
2092004 3 780 0.7017353886 0.0006339073 0.0000005726 0 0 0
2094688 3 1825 0.0000000000 0.0000000000 0.0000000000 0 0 0
2097636 3 983 0.0640629784 0.0000217310 0.0000000074 0 0 0
2099024 3 593 0.0370559550 0.0000266974 0.0000000192 0 0 0
2107698 2 437 0.2121651593 0.0000306331 0.0000000044 94 234 109
2109648 0 109 0.1143005538 0.0000586157 0.0000000301 0 0 0
2110413 0 109 0.0644416217 0.0000842374 0.0000001101 0 0 0
2111614 3 1700 0.8819720260 0.0007343647 0.0000006115 0 0 0
2114671 3 983 0.3037028670 0.0000993467 0.0000000325 0 0 0
2116372 3 639 0.0603891517 0.0000355021 0.0000000209 0 0 0
2117292 3 827 0.0387188031 0.0000420857 0.0000000457 0 0 0
2118883 3 1342 0.0595585315 0.0000374347 0.0000000235 0 0 0
2120615 3 749 0.0272665271 0.0000157428 0.0000000091 0 0 0
2123236 3 1045 0.3444387760 0.0001314150 0.0000000501 0 0 0
2125311 3 639 0.0655962738 0.0000316127 0.0000000152 0 0 0
2126262 3 655 0.0249604878 0.0000262466 0.0000000276 0 0 0
2128275 3 1404 0.4222844552 0.0002097787 0.0000001042 0 0 0
2130708 3 1233 0.0625998814 0.0000257295 0.0000000106 0 0 0
2135685 3 1107 0.2058701907 0.0000413643 0.0000000083 0 0 0
2138072 3 1092 0.0835022203 0.0000349821 0.0000000147 0 0 0
2139850 3 1108 0.0207961927 0.0000116964 0.0000000066 0 0 0
2141816 3 2418 0.1768561887 0.0000899574 0.0000000458 0 0 0
2145201 3 2683 0.1000362938 0.0000295528 0.0000000087 0 0 0
2148773 3 1217 0.0674961832 0.0000188959 0.0000000053 0 0 0
2151300 0 125 0.0501402969 0.0000198418 0.0000000079 0 0 0
2152798 2 281 0.0072886297 0.0000106248 0.0000000155 109 63 109
2160411 0 78 0.2351188282 0.0000308839 0.0000000041 0 0 0
2161331 2 266 0.4179163550 0.0004542569 0.0000004938 109 47 110
2168071 0 93 0.0060342849 0.0000085958 0.0000000122 0 0 0
2168445 4 10468 0.0000000000 0.0000000000 0.0000000000 0 0 0
2179147 0 109 0.0005606429 0.0000000524 0.0000000000 0 0 0
2180098 2 203 0.1344558748 0.0001413837 0.0000001487 16 78 109
2180707 4 7144 0.0000000000 0.0000000000 0.0000000000 0 0 0
2188928 0 125 0.0000000000 0.0000000000 0.0000000000 0 0 0
2194029 0 94 0.0687836841 0.0000134844 0.0000000026 0 0 0
2199536 3 1310 0.2386886827 0.0000433428 0.0000000079 0 0 0
2201892 3 702 0.0331939059 0.0000140891 0.0000000060 0 0 0
2202937 3 4508 0.0321365870 0.0000307527 0.0000000294 0 0 0
2209036 3 3198 0.1515722162 0.0000248520 0.0000000041 0 0 0
2212858 3 796 0.0255873657 0.0000066948 0.0000000018 0 0 0
2215916 3 4337 0.4754870761 0.0001554896 0.0000000508 0 0 0
2221048 3 656 0.0300947687 0.0000058641 0.0000000011 0 0 0
2224730 3 1794 0.3735107406 0.0001014424 0.0000000276 0 0 0
2227507 3 733 0.0395807715 0.0000142531 0.0000000051 0 0 0
2229145 2 250 0.3017473986 0.0001842170 0.0000001125 94 62 94
2229629 4 6318 0.0000000000 0.0000000000 0.0000000000 0 0 0
2236633 2 296 0.1780446291 0.0000254204 0.0000000036 109 63 124
2238224 2 265 0.1245565614 0.0000782882 0.0000000492 109 63 93
2238489 4 8050 0.0000000000 0.0000000000 0.0000000000 0 0 0
2247303 2 266 0.0252756431 0.0000028677 0.0000000003 94 62 110
2254651 2 250 0.1073435467 0.0000146085 0.0000000020 94 62 94
2263512 0 109 0.3490748433 0.0000828763 0.0000000197 0 0 0
2264729 0 109 0.1844758734 0.0001515825 0.0000001246 0 0 0
2266164 3 1030 0.4036452787 0.0002812859 0.0000001960 0 0 0
2267958 1 109 0.0542405587 0.0000302344 0.0000000169 0 0 0
2270017 0 125 0.1745344894 0.0000847666 0.0000000412 0 0 0
2274994 3 7753 0.0471181490 0.0000154892 0.0000000051 0 0 0
2283886 3 2605 0.0107382956 0.0000012076 0.0000000001 0 0 0
2287224 0 94 0.0382686811 0.0000114646 0.0000000034 0 0 0
2289970 3 764 0.0347838802 0.0000332860 0.0000000319 0 0 0
2291265 0 78 0.0841475927 0.0000649788 0.0000000502 0 0 0
2293589 2 312 0.1828131501 0.0000786631 0.0000000338 140 63 109
2295102 4 18361 0.0000000000 0.0000000000 0.0000000000 0 0 0
2313510 0 78 0.0002301210 0.0000000125 0.0000000000 0 0 0
2318253 0 109 0.3938346360 0.0000830349 0.0000000175 0 0 0
2319704 3 1029 0.6184589390 0.0004262295 0.0000002937 0 0 0
2321903 1 125 0.0485070775 0.0000220587 0.0000000100 0 0 0
2323338 0 125 0.2703470632 0.0001883952 0.0000001313 0 0 0
2327160 3 1482 0.0582532657 0.0000280874 0.0000000135 0 0 0
2329235 0 94 0.0642905921 0.0000309834 0.0000000149 0 0 0
2330327 2 297 0.0819456407 0.0000750418 0.0000000687 109 78 110
2331497 4 11029 0.0000000000 0.0000000000 0.0000000000 0 0 0
2342526 0 125 0.0000000000 0.0000000000 0.0000000000 0 0 0
2345007 0 125 0.5802797552 0.0002338895 0.0000000943 0 0 0
2348907 3 1201 0.2889512250 0.0000740901 0.0000000190 0 0 0
2351419 1 109 0.0200728901 0.0000514689 0.0000001320 0 0 0
2353072 0 125 0.2542096140 0.0001537868 0.0000000930 0 0 0
2355880 3 3885 0.2441264997 0.0000869396 0.0000000310 0 0 0
2360903 3 952 0.0301197029 0.0000059964 0.0000000012 0 0 0
2362775 3 1264 0.0633013975 0.0000338148 0.0000000181 0 0 0
2364632 0 93 0.0697061525 0.0000375370 0.0000000202 0 0 0
2365443 0 94 0.1049648002 0.0001294264 0.0000001596 0 0 0
2367799 2 265 0.0212134484 0.0000090040 0.0000000038 93 63 109
2372837 4 8783 0.0000000000 0.0000000000 0.0000000000 0 0 0
2384959 0 93 0.1465792062 0.0000120920 0.0000000010 0 0 0
2386503 3 1170 0.7462035168 0.0004832924 0.0000003130 0 0 0
2388375 1 125 0.0832019009 0.0000444455 0.0000000237 0 0 0
2389420 0 110 0.3642925733 0.0003486053 0.0000003336 0 0 0
2390559 3 1420 0.3001878663 0.0002635539 0.0000002314 0 0 0
2393320 3 1061 0.0416761970 0.0000150946 0.0000000055 0 0 0
2395489 2 296 0.1123548710 0.0000518003 0.0000000239 125 62 109
2396425 4 6287 0.0000000000 0.0000000000 0.0000000000 0 0 0
2403008 0 109 0.0136006010 0.0000020660 0.0000000003 0 0 0
2416877 3 1419 0.0559680654 0.0000040355 0.0000000003 0 0 0
2424287 3 1232 0.2802955622 0.0000733374 0.0000000192 0 0 0
2426190 1 125 0.0530721492 0.0000278887 0.0000000147 0 0 0
2427235 0 109 0.3070454885 0.0002938234 0.0000002812 0 0 0
2428280 3 1092 0.1501624020 0.0001436961 0.0000001375 0 0 0
2431197 2 250 0.0635542983 0.0000217876 0.0000000075 94 78 78
2432071 4 5710 0.0000000000 0.0000000000 0.0000000000 0 0 0
2454988 3 1138 0.0305874535 0.0000332111 0.0000000361 0 0 0
2463209 0 109 0.0818986665 0.0000807679 0.0000000797 0 0 0
2464504 3 1716 0.0884188106 0.0000682771 0.0000000527 0 0 0
2466859 3 515 0.0191097748 0.0000081146 0.0000000034 0 0 0
2468294 3 1560 0.0817339677 0.0000569575 0.0000000397 0 0 0
2470666 3 561 0.0242049804 0.0000102045 0.0000000043 0 0 0
2474035 3 2309 0.0476181645 0.0000305245 0.0000000196 0 0 0
2477311 3 749 0.0247033191 0.0000075407 0.0000000023 0 0 0
2478762 0 94 0.0812049240 0.0000559648 0.0000000386 0 0 0
2480229 4 19359 0.0000000000 0.0000000000 0.0000000000 0 0 0
2501897 3 4821 0.8689010878 0.0006793597 0.0000005312 0 0 0
2507700 1 125 0.0315532171 0.0000054374 0.0000000009 0 0 0
2508902 0 109 0.3029293770 0.0002520211 0.0000002097 0 0 0
2510165 3 1045 0.3600896764 0.0002851066 0.0000002257 0 0 0
2514315 0 109 0.0736837792 0.0000316919 0.0000000136 0 0 0
2515703 2 297 0.0522678675 0.0000376570 0.0000000271 125 62 110
2521335 0 93 0.1249651660 0.0000221884 0.0000000039 0 0 0
2532614 0 78 0.2171905242 0.0000192562 0.0000000017 0 0 0
2533643 3 827 1.0098223204 0.0009813628 0.0000009537 0 0 0
2539821 1 94 0.0172095530 0.0000050601 0.0000000015 0 0 0
2541521 0 110 0.2056003286 0.0001209414 0.0000000711 0 0 0
2543315 3 1108 0.2702762570 0.0001506557 0.0000000840 0 0 0
2545219 3 2823 0.0763840851 0.0000401177 0.0000000211 0 0 0
2549165 2 250 0.0413237013 0.0000104723 0.0000000027 110 46 94
2550039 4 5725 0.0000000000 0.0000000000 0.0000000000 0 0 0
2556029 0 78 0.0192374178 0.0000032116 0.0000000005 0 0 0
2558744 4 5678 0.0000000000 0.0000000000 0.0000000000 0 0 0
2565577 0 93 0.2385465951 0.0000349110 0.0000000051 0 0 0
2566856 3 1092 0.9411801316 0.0007358719 0.0000005753 0 0 0
2568525 1 141 0.0732382216 0.0000438815 0.0000000263 0 0 0
2569009 1 125 0.0173847388 0.0000359189 0.0000000742 0 0 0
2570319 0 109 0.1708643755 0.0001304308 0.0000000996 0 0 0
2571318 3 1606 0.2037890621 0.0002039931 0.0000002042 0 0 0
2575498 0 110 0.0191841813 0.0000107898 0.0000000061 0 0 0
2576169 2 297 0.0495225860 0.0000738042 0.0000001100 109 63 125
2577027 4 5523 0.0000000000 0.0000000000 0.0000000000 0 0 0
2582862 0 78 0.0306772060 0.0000052574 0.0000000009 0 0 0
2586606 0 93 0.4077049005 0.0001088955 0.0000000291 0 0 0
2590490 1 125 0.0579560274 0.0000219864 0.0000000083 0 0 0
2591364 0 93 0.1830289989 0.0002094153 0.0000002396 0 0 0
2592409 3 1591 0.1177818814 0.0001127099 0.0000001079 0 0 0
2595170 2 265 0.0574866784 0.0000208210 0.0000000075 94 62 109
2596605 2 281 0.1519745259 0.0001059056 0.0000000738 109 78 94
2597822 2 281 0.0727125018 0.0000597473 0.0000000491 109 63 109
2598945 4 10281 0.0000000000 0.0000000000 0.0000000000 0 0 0
2609397 0 78 0.0018458087 0.0000001766 0.0000000000 0 0 0
2610848 0 109 0.0028490028 0.0000040584 0.0000000058 0 0 0
2611519 0 125 0.0000000000 0.0000000000 0.0000000000 0 0 0
2614265 4 6255 0.0000000000 0.0000000000 0.0000000000 0 0 0
2622049 0 94 0.1676665996 0.0000215399 0.0000000028 0 0 0
2624982 3 1061 0.4577979766 0.0001560852 0.0000000532 0 0 0
2626760 1 94 0.0361156337 0.0000203125 0.0000000114 0 0 0
2627993 0 93 0.4050155033 0.0003284797 0.0000002664 0 0 0
2629350 3 1420 0.2294405206 0.0001690792 0.0000001246 0 0 0
2632922 0 125 0.0000000000 0.0000000000 0.0000000000 0 0 0
2635372 0 124 0.1698512920 0.0000693271 0.0000000283 0 0 0
2636152 0 124 0.0765846858 0.0000981855 0.0000001259 0 0 0
2637275 3 1435 0.0206969196 0.0000184300 0.0000000164 0 0 0
2639381 3 2012 0.0521644722 0.0000247695 0.0000000118 0 0 0
2641986 0 94 0.0370948756 0.0000142399 0.0000000055 0 0 0
2642906 2 266 0.0910943524 0.0000990156 0.0000001076 110 62 94
2647571 0 93 0.0558570222 0.0000119736 0.0000000026 0 0 0
2651752 3 1294 0.5808874418 0.0003723637 0.0000002387 0 0 0
2654248 1 124 0.0818064336 0.0000327750 0.0000000131 0 0 0
2655262 0 93 0.3292583224 0.0003247123 0.0000003202 0 0 0
2656556 3 1326 0.2693575180 0.0002081588 0.0000001609 0 0 0
2658288 0 78 0.0420523164 0.0000242796 0.0000000140 0 0 0
2659052 2 281 0.0964500952 0.0001262436 0.0000001652 125 63 93
2667695 0 109 0.0720866659 0.0000236971 0.0000000078 0 0 0
2670737 3 1529 0.0671457570 0.0000336233 0.0000000168 0 0 0
2672952 0 109 0.0298355324 0.0000134698 0.0000000061 0 0 0
2683779 0 124 0.1727740661 0.0000159577 0.0000000015 0 0 0
2687445 0 109 0.2248858666 0.0001059783 0.0000000499 0 0 0
2689051 2 281 0.1986462868 0.0001236901 0.0000000770 110 78 93
2695073 0 125 0.2603358722 0.0000432308 0.0000000072 0 0 0
2696446 1 140 0.2182670086 0.0001589709 0.0000001158 0 0 0
2698848 0 94 0.1402034230 0.0000583695 0.0000000243 0 0 0
2704745 0 109 0.2209502881 0.0000374683 0.0000000064 0 0 0
2705354 2 280 0.2103482473 0.0003453994 0.0000005672 140 31 109
2706461 0 109 0.4606941392 0.0004161645 0.0000003759 0 0 0
2708754 0 110 0.5692137466 0.0002482397 0.0000001083 0 0 0
2713980 0 94 0.6744116420 0.0005474120 0.0000004443 0 0 0
2715556 0 94 0.3269888067 0.0002074802 0.0000001316 0 0 0
2718395 0 94 0.8819371478 0.0003106506 0.0000001094 0 0 0
2721422 0 124 0.0331428636 0.0000109491 0.0000000036 0 0 0
2723699 0 125 0.7859583060 0.0003451727 0.0000001516 0 0 0
2727412 0 94 0.1921294235 0.0000517451 0.0000000139 0 0 0
2728535 0 110 0.3695436756 0.0003290683 0.0000002930 0 0 0
2730548 0 125 0.1735485710 0.0000862139 0.0000000428 0 0 0
2734167 4 6209 0.0000000000 0.0000000000 0.0000000000 0 0 0
2741421 0 109 0.1032145634 0.0000142286 0.0000000020 0 0 0
2744276 0 125 0.1705163653 0.0000597255 0.0000000209 0 0 0
2749564 2 281 0.0831468286 0.0000157237 0.0000000030 109 110 62
2752029 0 109 0.0576034417 0.0000233685 0.0000000095 0 0 0
2755664 0 125 0.1204750152 0.0000514850 0.0000000220 0 0 0
2757926 0 125 0.2278283464 0.0001007199 0.0000000445 0 0 0
2759517 0 78 0.1761827804 0.0001107371 0.0000000696 0 0 0
2765554 3 656 0.1936830808 0.0000320827 0.0000000053 0 0 0
2767036 0 125 0.0826954845 0.0000557999 0.0000000377 0 0 0
2769158 2 265 0.5313519982 0.0004203734 0.0000003326 78 78 109
2770437 2 406 0.3541140501 0.0002768679 0.0000002165 234 94 78
2771763 2 281 0.1635744180 0.0001233593 0.0000000930 63 124 94
2773542 2 296 0.0831313382 0.0000467293 0.0000000263 140 47 109
2774743 2 281 0.0328928534 0.0000273879 0.0000000228 109 62 110
2776599 2 328 0.1111469320 0.0000598852 0.0000000323 125 94 109
2778034 2 234 0.0470578564 0.0000327929 0.0000000229 78 47 109
2779376 2 281 0.0646195099 0.0000481516 0.0000000359 125 31 125
2780796 0 109 0.2932717040 0.0002065294 0.0000001454 0 0 0
2783182 0 110 0.3123342796 0.0001309029 0.0000000549 0 0 0
2785257 0 94 0.6722625245 0.0003239819 0.0000001561 0 0 0
2787847 0 125 0.9561902927 0.0003691854 0.0000001425 0 0 0
2789282 0 109 0.7626817640 0.0005314855 0.0000003704 0 0 0
2793463 4 7706 0.0000000000 0.0000000000 0.0000000000 0 0 0
2805272 3 624 0.1329999268 0.0000112626 0.0000000010 0 0 0
2808111 0 94 0.4880904639 0.0001719234 0.0000000606 0 0 0
2817066 4 1115813 0.0000000000 0.0000000000 0.0000000000 0 0 0
3934189 0 94 0.0022059547 0.0000000020 0.0000000000 0 0 0
3935141 4 8720 0.0000000000 0.0000000000 0.0000000000 0 0 0
3945624 0 109 0.2585890884 0.0000246675 0.0000000024 0 0 0
3953471 0 109 0.3500582831 0.0000446105 0.0000000057 0 0 0
3962597 0 109 0.0255471325 0.0000027994 0.0000000003 0 0 0
3967823 4 10764 0.0000000000 0.0000000000 0.0000000000 0 0 0
3980303 0 125 0.1391996376 0.0000111538 0.0000000009 0 0 0
3982456 0 125 0.6558887595 0.0003046395 0.0000001415 0 0 0
3983345 0 109 0.4780894051 0.0005377834 0.0000006049 0 0 0
3984000 0 109 0.1973259916 0.0003012611 0.0000004599 0 0 0
3985108 2 265 0.0824926685 0.0000744519 0.0000000672 78 78 109
3986668 0 125 1.0636847367 0.0006818492 0.0000004371 0 0 0
3992892 0 94 0.4041808600 0.0001349519 0.0000000451 0 0 0
3994218 0 125 0.4423730797 0.0003336147 0.0000002516 0 0 0
