116.5384615385 14.7443336186
119.6666666667 7.5424723327
678.0000000000 23.3923064275
112.4000000000 15.4350251053
449.8000000000 6.4000000000
115.8000000000 12.3515181253
0.1237937917 0.1173856785
0.0000461664 0.0000610243
0.0000000267 0.0000000496

17922 0 110 0.2891478674 0.0000161337 0.0000000009 0 0 0
25360 4 5469 0.0000000000 0.0000000000 0.0000000000 0 0 0
33844 0 110 0.0877552850 0.0000103436 0.0000000012 0 0 0
39782 4 6797 0.0000000000 0.0000000000 0.0000000000 0 0 0
53313 4 5359 0.0000000000 0.0000000000 0.0000000000 0 0 0
79407 0 140 0.0686328973 0.0000058646 0.0000000005 0 0 0
102844 0 141 0.1399010441 0.0000059692 0.0000000003 0 0 0
112375 0 125 0.1150008065 0.0000120660 0.0000000013 0 0 0
113813 0 141 0.0617294647 0.0000429273 0.0000000299 0 0 0
116266 4 8344 0.0000000000 0.0000000000 0.0000000000 0 0 0
147375 4 8329 0.0000000000 0.0000000000 0.0000000000 0 0 0
155750 4 26141 0.0000000000 0.0000000000 0.0000000000 0 0 0
192469 4 30344 0.0000000000 0.0000000000 0.0000000000 0 0 0
225875 0 110 0.0204899325 0.0000006134 0.0000000000 0 0 0
227922 0 110 0.3738720274 0.0001826439 0.0000000892 0 0 0
246704 4 6750 0.0000000000 0.0000000000 0.0000000000 0 0 0
255516 4 6125 0.0000000000 0.0000000000 0.0000000000 0 0 0
263375 4 18250 0.0000000000 0.0000000000 0.0000000000 0 0 0
294938 0 109 0.1119075629 0.0000591790 0.0000000313 0 0 0
304610 0 94 0.2043521470 0.0000272470 0.0000000036 0 0 0
307782 0 140 0.0995159531 0.0000313733 0.0000000099 0 0 0
324688 4 6766 0.0000000000 0.0000000000 0.0000000000 0 0 0
346250 0 94 0.0543253216 0.0000025195 0.0000000001 0 0 0
349063 0 125 0.0254230315 0.0000090377 0.0000000032 0 0 0
359844 0 141 0.0955707752 0.0000088647 0.0000000008 0 0 0
367782 0 109 0.1794376357 0.0000890068 0.0000000442 0 0 0
371094 0 110 0.3150102032 0.0000951118 0.0000000287 0 0 0
375016 0 109 0.1354728224 0.0000345418 0.0000000088 0 0 0
395016 0 109 0.0922931431 0.0000070153 0.0000000005 0 0 0
402141 0 94 0.2676375183 0.0000375632 0.0000000053 0 0 0
403766 0 109 0.3870301496 0.0002381724 0.0000001466 0 0 0
409500 0 125 0.4090118801 0.0001258498 0.0000000387 0 0 0
414047 3 735 0.0446611567 0.0000098221 0.0000000022 0 0 0
423188 0 109 0.0360694073 0.0000039459 0.0000000004 0 0 0
430157 4 24078 0.0000000000 0.0000000000 0.0000000000 0 0 0
454297 4 19328 0.0000000000 0.0000000000 0.0000000000 0 0 0
479625 4 7172 0.0000000000 0.0000000000 0.0000000000 0 0 0
506641 0 109 0.0914934470 0.0000033866 0.0000000001 0 0 0
509079 4 7015 0.0000000000 0.0000000000 0.0000000000 0 0 0
553391 4 49844 0.0000000000 0.0000000000 0.0000000000 0 0 0
635282 0 93 0.0156916651 0.0000001916 0.0000000000 0 0 0
644454 0 109 0.2793720537 0.0000304592 0.0000000033 0 0 0
646922 0 94 0.2292540172 0.0000928906 0.0000000376 0 0 0
649454 0 109 0.1484625873 0.0000586345 0.0000000232 0 0 0
667829 4 5156 0.0000000000 0.0000000000 0.0000000000 0 0 0
673000 4 7797 0.0000000000 0.0000000000 0.0000000000 0 0 0
683969 0 141 0.1327226795 0.0000120998 0.0000000011 0 0 0
699610 0 140 0.2076832570 0.0000132781 0.0000000008 0 0 0
705297 0 125 0.0834800050 0.0000146791 0.0000000026 0 0 0
707016 1 109 0.2748978656 0.0001599173 0.0000000930 0 0 0
708563 0 109 0.0302974474 0.0000195846 0.0000000127 0 0 0
713750 2 719 0.1668476556 0.0000321665 0.0000000062 141 453 125
715219 0 125 0.0217367185 0.0000147969 0.0000000101 0 0 0
716110 0 109 0.0304851601 0.0000342145 0.0000000384 0 0 0
716735 0 109 0.0548091900 0.0000876947 0.0000001403 0 0 0
718188 0 125 0.1785647684 0.0001228939 0.0000000846 0 0 0
719563 1 125 0.1134651734 0.0000825201 0.0000000600 0 0 0
721375 0 94 0.0635728238 0.0000350843 0.0000000194 0 0 0
725813 2 687 0.4705986604 0.0001060385 0.0000000239 109 453 125
727797 0 141 0.0815319499 0.0000410947 0.0000000207 0 0 0
728813 0 109 0.0605614607 0.0000596077 0.0000000587 0 0 0
730532 0 125 0.0977782901 0.0000568809 0.0000000331 0 0 0
732219 0 125 0.0538724175 0.0000319339 0.0000000189 0 0 0
739516 0 125 0.0247425855 0.0000108473 0.0000000048 0 0 0
740829 0 140 0.1522474710 0.0001159539 0.0000000883 0 0 0
746219 3 4250 0.1268815749 0.0000235402 0.0000000044 0 0 0
759860 0 109 0.0939480372 0.0000068872 0.0000000005 0 0 0
760594 0 125 0.0000000000 0.0000000000 0.0000000000 0 0 0
761704 0 109 0.2052467984 0.0001849070 0.0000001666 0 0 0
763422 0 110 0.0279502782 0.0000162691 0.0000000095 0 0 0
764563 0 141 0.1242515116 0.0001088970 0.0000000954 0 0 0
768157 0 125 0.1785391459 0.0000777271 0.0000000338 0 0 0
769204 0 93 0.3789764193 0.0003619641 0.0000003457 0 0 0
771594 0 110 0.0822270699 0.0000344046 0.0000000144 0 0 0
776079 2 671 0.2492815660 0.0000789615 0.0000000250 109 437 125
777188 0 125 0.0186443815 0.0000168119 0.0000000152 0 0 0
783235 0 125 0.1927739846 0.0000956220 0.0000000474 0 0 0
784422 2 657 0.0781185518 0.0000658118 0.0000000554 94 453 110
787657 3 10234 0.1272378455 0.0000393316 0.0000000122 0 0 0
806329 1 125 0.4916535470 0.0000780774 0.0000000124 0 0 0
809188 0 94 0.0449332947 0.0000157164 0.0000000055 0 0 0
813454 4 9875 0.0000000000 0.0000000000 0.0000000000 0 0 0
827829 4 12468 0.0000000000 0.0000000000 0.0000000000 0 0 0
843485 4 5250 0.0000000000 0.0000000000 0.0000000000 0 0 0
848844 4 6985 0.0000000000 0.0000000000 0.0000000000 0 0 0
856032 4 9125 0.0000000000 0.0000000000 0.0000000000 0 0 0
866954 4 10968 0.0000000000 0.0000000000 0.0000000000 0 0 0
882297 0 125 0.0179575622 0.0000011704 0.0000000001 0 0 0
884016 4 28266 0.0000000000 0.0000000000 0.0000000000 0 0 0
914516 0 125 0.0049926634 0.0000001637 0.0000000000 0 0 0
917000 0 141 0.0759404028 0.0000935227 0.0000001152 0 0 0
918750 4 7079 0.0000000000 0.0000000000 0.0000000000 0 0 0
932157 0 125 0.0171974786 0.0000012827 0.0000000001 0 0 0
932282 4 5140 0.0000000000 0.0000000000 0.0000000000 0 0 0
949594 0 141 0.1093983208 0.0000063192 0.0000000004 0 0 0
951297 0 110 0.1437938492 0.0000844356 0.0000000496 0 0 0
966360 4 18203 0.0000000000 0.0000000000 0.0000000000 0 0 0
984579 4 16187 0.0000000000 0.0000000000 0.0000000000 0 0 0
1035141 3 516 0.0934263978 0.0000548599 0.0000000322 0 0 0
1038547 0 94 0.0351431071 0.0000103180 0.0000000030 0 0 0
1050891 0 125 0.1090509731 0.0000088343 0.0000000007 0 0 0
1059329 0 140 0.1054709237 0.0000124995 0.0000000015 0 0 0
1063188 0 125 0.0120592462 0.0000031250 0.0000000008 0 0 0
1076891 0 125 0.0197761408 0.0000014432 0.0000000001 0 0 0
1085907 0 125 0.0424240114 0.0000047054 0.0000000005 0 0 0
1087625 0 141 0.1546644371 0.0000900259 0.0000000524 0 0 0
1100079 0 125 0.1030170985 0.0000693718 0.0000000467 0 0 0
1105391 0 94 0.0054219806 0.0000010207 0.0000000002 0 0 0
1108282 0 140 0.0833964226 0.0000288469 0.0000000100 0 0 0
1116594 0 110 0.0308145038 0.0000037072 0.0000000004 0 0 0
1118375 0 125 0.1350979493 0.0000758551 0.0000000426 0 0 0
1125172 0 125 0.1226952629 0.0000180514 0.0000000027 0 0 0
1125297 4 17578 0.0000000000 0.0000000000 0.0000000000 0 0 0
1146579 4 33281 0.0000000000 0.0000000000 0.0000000000 0 0 0
1180782 4 17187 0.0000000000 0.0000000000 0.0000000000 0 0 0
1209657 4 5218 0.0000000000 0.0000000000 0.0000000000 0 0 0
1217391 0 109 0.0994119232 0.0000128539 0.0000000017 0 0 0
1233688 4 13047 0.0000000000 0.0000000000 0.0000000000 0 0 0
1250766 0 125 0.0301803082 0.0000017672 0.0000000001 0 0 0
1255641 4 19063 0.0000000000 0.0000000000 0.0000000000 0 0 0
1277282 0 109 0.0139971708 0.0000006468 0.0000000000 0 0 0
1280829 0 109 0.0895074099 0.0000252347 0.0000000071 0 0 0
1293594 4 9594 0.0000000000 0.0000000000 0.0000000000 0 0 0
1305250 4 11860 0.0000000000 0.0000000000 0.0000000000 0 0 0
1320063 0 109 0.0487511371 0.0000032911 0.0000000002 0 0 0
1320172 4 5297 0.0000000000 0.0000000000 0.0000000000 0 0 0
1330297 4 19688 0.0000000000 0.0000000000 0.0000000000 0 0 0
1350875 4 10094 0.0000000000 0.0000000000 0.0000000000 0 0 0
1362516 4 26672 0.0000000000 0.0000000000 0.0000000000 0 0 0
1390360 4 22140 0.0000000000 0.0000000000 0.0000000000 0 0 0
1421985 4 8265 0.0000000000 0.0000000000 0.0000000000 0 0 0
1431469 0 110 0.0092886110 0.0000009794 0.0000000001 0 0 0
1448563 4 5406 0.0000000000 0.0000000000 0.0000000000 0 0 0
1460938 0 94 0.0343814473 0.0000027783 0.0000000002 0 0 0
1465500 0 110 0.2062842724 0.0000452179 0.0000000099 0 0 0
1465610 4 9094 0.0000000000 0.0000000000 0.0000000000 0 0 0
1487547 4 22610 0.0000000000 0.0000000000 0.0000000000 0 0 0
1510172 4 6844 0.0000000000 0.0000000000 0.0000000000 0 0 0
1518141 4 13641 0.0000000000 0.0000000000 0.0000000000 0 0 0
1538766 0 125 0.0987738082 0.0000047890 0.0000000002 0 0 0
1552344 4 15313 0.0000000000 0.0000000000 0.0000000000 0 0 0
1567672 4 5719 0.0000000000 0.0000000000 0.0000000000 0 0 0
1595297 0 125 0.0492389156 0.0000017824 0.0000000001 0 0 0
1595422 4 8719 0.0000000000 0.0000000000 0.0000000000 0 0 0
1616282 0 140 0.0866650614 0.0000133331 0.0000000021 0 0 0
1618829 0 109 0.0772137165 0.0000303156 0.0000000119 0 0 0
1635375 4 7079 0.0000000000 0.0000000000 0.0000000000 0 0 0
1652282 0 109 0.0962529695 0.0000056931 0.0000000003 0 0 0
1659172 0 110 0.0568461366 0.0000082505 0.0000000012 0 0 0
1661485 0 109 0.2013475652 0.0000870504 0.0000000376 0 0 0
1668079 4 11671 0.0000000000 0.0000000000 0.0000000000 0 0 0
1680610 4 9187 0.0000000000 0.0000000000 0.0000000000 0 0 0
1689813 4 16766 0.0000000000 0.0000000000 0.0000000000 0 0 0
1708782 0 93 0.0236719741 0.0000012479 0.0000000001 0 0 0
1714438 0 125 0.0245642855 0.0000043430 0.0000000008 0 0 0
1717172 0 94 0.4266396619 0.0001560496 0.0000000571 0 0 0
1733641 0 109 0.0764282797 0.0000046407 0.0000000003 0 0 0
1746219 4 10188 0.0000000000 0.0000000000 0.0000000000 0 0 0
1765422 4 7750 0.0000000000 0.0000000000 0.0000000000 0 0 0
1776969 4 5016 0.0000000000 0.0000000000 0.0000000000 0 0 0
1834750 4 13219 0.0000000000 0.0000000000 0.0000000000 0 0 0
1855688 4 13094 0.0000000000 0.0000000000 0.0000000000 0 0 0
1903188 0 125 0.0651465904 0.0000013715 0.0000000000 0 0 0
1917407 0 125 0.0798696593 0.0000056171 0.0000000004 0 0 0
1919516 0 125 0.0973061946 0.0000461385 0.0000000219 0 0 0
1920375 0 125 0.0499449977 0.0000581432 0.0000000677 0 0 0
1937375 4 7782 0.0000000000 0.0000000000 0.0000000000 0 0 0
1965875 0 125 0.0468253460 0.0000016430 0.0000000001 0 0 0
1986938 0 141 0.0432012874 0.0000020511 0.0000000001 0 0 0
1987079 4 5859 0.0000000000 0.0000000000 0.0000000000 0 0 0
1998375 4 10500 0.0000000000 0.0000000000 0.0000000000 0 0 0
2020688 0 141 0.0348669340 0.0000015626 0.0000000001 0 0 0
2026219 0 125 0.0481139766 0.0000086990 0.0000000016 0 0 0
2030625 4 6375 0.0000000000 0.0000000000 0.0000000000 0 0 0
2045641 0 109 0.0139199694 0.0000009270 0.0000000001 0 0 0
2053750 0 110 0.1367558374 0.0001042346 0.0000000794 0 0 0
2054891 0 125 0.0513000704 0.0000449606 0.0000000394 0 0 0
2055625 0 125 0.0000000000 0.0000000000 0.0000000000 0 0 0
2057313 0 94 0.0554551135 0.0000328526 0.0000000195 0 0 0
2058907 0 109 0.0542807505 0.0000340532 0.0000000214 0 0 0
2059907 0 93 0.0880701520 0.0000880702 0.0000000881 0 0 0
2060657 0 109 0.1773896648 0.0002365196 0.0000003154 0 0 0
2065454 2 656 0.0563329599 0.0000240328 0.0000000103 109 453 94
2075204 0 140 0.1253751867 0.0000128590 0.0000000013 0 0 0
2082547 0 110 0.1076702028 0.0000146630 0.0000000020 0 0 0
2085813 0 94 0.1265373952 0.0000387438 0.0000000119 0 0 0
2086516 4 108578 0.0000000000 0.0000000000 0.0000000000 0 0 0
2195688 4 55703 0.0000000000 0.0000000000 0.0000000000 0 0 0
2252954 0 140 0.0020102412 0.0000000351 0.0000000000 0 0 0
2254657 0 109 0.0956012693 0.0000561370 0.0000000330 0 0 0
2262985 0 125 0.0623029609 0.0000121924 0.0000000024 0 0 0
2264641 0 94 0.1792808549 0.0001082614 0.0000000654 0 0 0
2266094 0 125 0.3373039791 0.0002321431 0.0000001598 0 0 0
2274829 0 109 0.0527125132 0.0000193867 0.0000000071 0 0 0
2275079 4 27812 0.0000000000 0.0000000000 0.0000000000 0 0 0
2303657 0 125 0.0082244690 0.0000002878 0.0000000000 0 0 0
2306922 0 110 0.0678048935 0.0000207672 0.0000000064 0 0 0
2315110 0 140 0.0184110737 0.0000022485 0.0000000003 0 0 0
2327094 0 110 0.0746764066 0.0000062313 0.0000000005 0 0 0
2340985 4 5906 0.0000000000 0.0000000000 0.0000000000 0 0 0
2359110 0 125 0.1512234675 0.0000083434 0.0000000005 0 0 0
2362563 4 52422 0.0000000000 0.0000000000 0.0000000000 0 0 0
2422672 0 94 0.0328724261 0.0000005469 0.0000000000 0 0 0
2423235 4 9172 0.0000000000 0.0000000000 0.0000000000 0 0 0
2434141 0 109 0.1299206402 0.0000119128 0.0000000011 0 0 0
2436860 0 109 0.2479372702 0.0000911869 0.0000000335 0 0 0
2440266 0 125 0.2356164732 0.0001039790 0.0000000459 0 0 0
2444219 0 110 0.0422429096 0.0000201733 0.0000000096 0 0 0
2445735 0 94 0.3094808477 0.0002041430 0.0000001347 0 0 0
2446469 4 45391 0.0000000000 0.0000000000 0.0000000000 0 0 0
2503407 4 14843 0.0000000000 0.0000000000 0.0000000000 0 0 0
2519719 4 22360 0.0000000000 0.0000000000 0.0000000000 0 0 0
2543922 0 110 0.0536562277 0.0000022169 0.0000000001 0 0 0
2549063 0 109 0.1445349094 0.0000281142 0.0000000055 0 0 0
2563313 0 109 0.2275636838 0.0000159694 0.0000000011 0 0 0
2571516 0 94 0.2331658113 0.0000284245 0.0000000035 0 0 0
2574454 0 93 0.1169467586 0.0000398049 0.0000000135 0 0 0
2581969 0 125 0.0807356492 0.0000107433 0.0000000014 0 0 0
2601360 4 130703 0.0000000000 0.0000000000 0.0000000000 0 0 0
2737704 4 110875 0.0000000000 0.0000000000 0.0000000000 0 0 0
2850454 4 78140 0.0000000000 0.0000000000 0.0000000000 0 0 0
2929813 4 94516 0.0000000000 0.0000000000 0.0000000000 0 0 0
3026860 4 83437 0.0000000000 0.0000000000 0.0000000000 0 0 0
3111110 4 90203 0.0000000000 0.0000000000 0.0000000000 0 0 0
3203860 4 115875 0.0000000000 0.0000000000 0.0000000000 0 0 0
3326704 4 31640 0.0000000000 0.0000000000 0.0000000000 0 0 0
3364282 0 140 0.0438621121 0.0000011672 0.0000000000 0 0 0
3366094 0 125 0.1270308334 0.0000701053 0.0000000387 0 0 0
3368157 0 93 0.6133804890 0.0002973245 0.0000001441 0 0 0
3370110 0 140 0.2459487339 0.0001259338 0.0000000645 0 0 0
3372563 0 109 0.1451727153 0.0000591817 0.0000000241 0 0 0
3378313 0 125 0.3523616262 0.0000612803 0.0000000107 0 0 0
3388407 4 38750 0.0000000000 0.0000000000 0.0000000000 0 0 0
3427563 4 19141 0.0000000000 0.0000000000 0.0000000000 0 0 0
3448063 4 50547 0.0000000000 0.0000000000 0.0000000000 0 0 0
3503532 0 109 0.0352651476 0.0000006358 0.0000000000 0 0 0
3512391 0 109 0.6135381524 0.0001208228 0.0000000238 0 0 0
3513063 0 109 0.0000000000 0.0000000000 0.0000000000 0 0 0
3515407 0 93 0.3786251060 0.0001615295 0.0000000689 0 0 0
