97.8648648649 13.9577783452
122.8898550725 14.2704533603
469.0714285714 71.5870741382
123.0714285714 50.3054445871
233.0714285714 93.3816778340
112.9285714286 21.9836441985
0.1978694106 0.1573248268
0.0002587137 0.0003152325
0.0000005995 0.0000012093

9797 4 6677 0.0000000000 0.0000000000 0.0000000000 0 0 0
29047 4 5663 0.0000000000 0.0000000000 0.0000000000 0 0 0
40716 4 5632 0.0000000000 0.0000000000 0.0000000000 0 0 0
84864 4 6989 0.0000000000 0.0000000000 0.0000000000 0 0 0
107578 3 109 0.2958668830 0.0007305355 0.0000018038 0 0 0
130354 3 515 0.0778491816 0.0000040343 0.0000000002 0 0 0
136688 2 484 0.1830143314 0.0000533259 0.0000000155 281 78 125
137172 4 5787 0.0000000000 0.0000000000 0.0000000000 0 0 0
162163 1 140 0.1658564407 0.0000113585 0.0000000008 0 0 0
162927 1 141 0.3143155084 0.0004114077 0.0000005385 0 0 0
170805 1 110 0.2769347656 0.0000351529 0.0000000045 0 0 0
172272 1 140 0.3589745841 0.0002446998 0.0000001668 0 0 0
187404 1 140 0.3885957961 0.0000613508 0.0000000097 0 0 0
189214 1 124 0.1166876527 0.0000644683 0.0000000356 0 0 0
190196 1 141 0.2092657039 0.0002131015 0.0000002170 0 0 0
196249 4 14071 0.0000000000 0.0000000000 0.0000000000 0 0 0
235015 1 125 0.1615528371 0.0000041674 0.0000000001 0 0 0
235811 1 140 0.0713109559 0.0001693847 0.0000004023 0 0 0
236809 1 141 0.0991674354 0.0000993662 0.0000000996 0 0 0
237714 1 125 0.0884474415 0.0000977320 0.0000001080 0 0 0
241240 1 109 0.3486893585 0.0000988909 0.0000000280 0 0 0
247948 1 109 0.2160791947 0.0000669183 0.0000000207 0 0 0
254235 1 109 0.4185847187 0.0003272750 0.0000002559 0 0 0
255670 1 109 0.2097044564 0.0001461355 0.0000001018 0 0 0
258338 1 124 0.4408787691 0.0001652469 0.0000000619 0 0 0
260007 3 1139 0.6305131456 0.0008601816 0.0000011735 0 0 0
261629 1 125 0.0677535414 0.0000417716 0.0000000258 0 0 0
261894 1 110 0.0905660377 0.0003417586 0.0000012897 0 0 0
264546 1 125 0.1527208939 0.0000759050 0.0000000377 0 0 0
264952 1 140 0.0098522167 0.0000242665 0.0000000598 0 0 0
265623 1 109 0.0528301887 0.0001993592 0.0000007523 0 0 0
265904 1 124 0.1016133347 0.0003616133 0.0000012869 0 0 0
268509 1 109 0.1240597730 0.0000651917 0.0000000343 0 0 0
269445 1 140 0.1743299992 0.0006973200 0.0000027893 0 0 0
269819 1 125 0.0883018682 0.0002361013 0.0000006313 0 0 0
270272 1 124 0.2375455544 0.0005243831 0.0000011576 0 0 0
270506 1 124 0.2271849456 0.0009708758 0.0000041490 0 0 0
270911 1 109 0.1712709248 0.0004228912 0.0000010442 0 0 0
275732 1 109 0.1512664349 0.0000334364 0.0000000074 0 0 0
281005 1 140 0.0701217080 0.0001727136 0.0000004254 0 0 0
281395 1 140 0.0794116994 0.0002036197 0.0000005221 0 0 0
295169 1 141 0.0639144474 0.0000075460 0.0000000009 0 0 0
296745 1 125 0.1490953746 0.0000946037 0.0000000600 0 0 0
299803 1 109 0.1074859961 0.0000351491 0.0000000115 0 0 0
303016 1 125 0.3542534384 0.0001102563 0.0000000343 0 0 0
304888 1 141 0.2781982159 0.0002787557 0.0000002793 0 0 0
306620 1 109 0.5339654508 0.0009501165 0.0000016906 0 0 0
309054 1 124 0.4358596711 0.0002367516 0.0000001286 0 0 0
313578 1 109 0.0758350910 0.0002698758 0.0000009604 0 0 0
317743 1 125 0.1228442732 0.0000336467 0.0000000092 0 0 0
318882 1 124 0.0342242402 0.0000300476 0.0000000264 0 0 0
332532 1 109 0.1846967869 0.0000600835 0.0000000195 0 0 0
334560 1 109 0.2616549776 0.0001290212 0.0000000636 0 0 0
335059 1 125 0.1019446861 0.0002042980 0.0000004094 0 0 0
335761 1 125 0.0275629491 0.0000392635 0.0000000559 0 0 0
341751 1 141 0.3270978764 0.0000546073 0.0000000091 0 0 0
357554 1 141 0.4530560825 0.0000619267 0.0000000085 0 0 0
358365 1 125 0.0240392080 0.0000296414 0.0000000365 0 0 0
368880 1 125 0.0707410471 0.0000365587 0.0000000189 0 0 0
369332 1 141 0.1086448093 0.0002403646 0.0000005318 0 0 0
376072 4 11341 0.0000000000 0.0000000000 0.0000000000 0 0 0
402545 3 125 0.1018325601 0.0000081695 0.0000000007 0 0 0
406741 1 141 0.3279149730 0.0000781494 0.0000000186 0 0 0
419206 1 125 0.3068007695 0.0000301169 0.0000000030 0 0 0
419440 1 125 0.1686843417 0.0007208733 0.0000030807 0 0 0
420220 1 125 0.0489686313 0.0001364029 0.0000003800 0 0 0
420485 1 125 0.3259814455 0.0012301187 0.0000046420 0 0 0
420781 1 110 0.0250480188 0.0000846217 0.0000002859 0 0 0
436803 1 140 0.2173693924 0.0000630422 0.0000000183 0 0 0
440157 1 125 0.4696150431 0.0001400164 0.0000000417 0 0 0
441264 1 110 0.2719567913 0.0002456701 0.0000002219 0 0 0
445679 1 141 0.2015494354 0.0000510640 0.0000000129 0 0 0
454556 1 140 0.0654103476 0.0000391679 0.0000000235 0 0 0
454883 1 141 0.0256830142 0.0000785413 0.0000002402 0 0 0
455398 1 125 0.0710976653 0.0001380537 0.0000002681 0 0 0
455741 1 109 0.0501853992 0.0001463131 0.0000004266 0 0 0
456006 1 141 0.0075471698 0.0000284799 0.0000001075 0 0 0
460733 1 125 0.1537978092 0.0000476302 0.0000000148 0 0 0
468346 1 141 0.0671213002 0.0000741672 0.0000000820 0 0 0
468970 1 141 0.0000000000 0.0000000000 0.0000000000 0 0 0
470468 1 140 0.0151589717 0.0000220655 0.0000000321 0 0 0
470717 1 141 0.0000000000 0.0000000000 0.0000000000 0 0 0
471139 1 124 0.1651254285 0.0003912925 0.0000009272 0 0 0
471357 1 125 0.0102571926 0.0000470513 0.0000002158 0 0 0
471731 1 125 0.0381318106 0.0001019567 0.0000002726 0 0 0
471934 1 141 0.0000000000 0.0000000000 0.0000000000 0 0 0
472246 1 125 0.1382196010 0.0004430115 0.0000014199 0 0 0
472433 1 141 0.0000000000 0.0000000000 0.0000000000 0 0 0
476099 1 110 0.0523248463 0.0000516024 0.0000000509 0 0 0
477223 1 140 0.4625376456 0.0004115104 0.0000003661 0 0 0
478018 2 437 0.8045992602 0.0010120745 0.0000012730 109 203 125
489671 1 141 0.0537228922 0.0000179375 0.0000000060 0 0 0
498532 1 110 0.1021948949 0.0000478217 0.0000000224 0 0 0
500046 1 140 0.0240917868 0.0000497764 0.0000001028 0 0 0
500404 1 125 0.0185762054 0.0000518888 0.0000001449 0 0 0
501091 1 140 0.0202020202 0.0000680203 0.0000002290 0 0 0
501325 1 125 0.0000000000 0.0000000000 0.0000000000 0 0 0
501528 1 109 0.0000000000 0.0000000000 0.0000000000 0 0 0
502557 1 141 0.0040160643 0.0000161288 0.0000000648 0 0 0
503634 1 140 0.0000000000 0.0000000000 0.0000000000 0 0 0
504055 1 140 0.0926464209 0.0004563863 0.0000022482 0 0 0
504273 1 141 0.0572719329 0.0002627153 0.0000012051 0 0 0
504476 1 109 0.0000000000 0.0000000000 0.0000000000 0 0 0
504694 1 125 0.0343060030 0.0001573670 0.0000007219 0 0 0
505147 1 125 0.0056568542 0.0000226274 0.0000000905 0 0 0
505396 1 125 0.0321285141 0.0001290302 0.0000005182 0 0 0
505599 1 141 0.0098522167 0.0000485331 0.0000002391 0 0 0
505802 1 140 0.0915098090 0.0004507872 0.0000022206 0 0 0
506020 1 125 0.0000000000 0.0000000000 0.0000000000 0 0 0
506223 1 141 0.0147783251 0.0000727996 0.0000003586 0 0 0
506676 1 140 0.0412982213 0.0001651929 0.0000006608 0 0 0
506878 1 141 0.0615543485 0.0003047245 0.0000015085 0 0 0
507097 1 125 0.0239389986 0.0001093105 0.0000004991 0 0 0
507300 1 109 0.0717252206 0.0003533262 0.0000017405 0 0 0
507502 1 125 0.2747156140 0.0013599783 0.0000067326 0 0 0
507705 1 109 0.0315189440 0.0001552657 0.0000007649 0 0 0
507939 1 125 0.1467138894 0.0006269824 0.0000026794 0 0 0
508220 1 140 0.2455333201 0.0008737841 0.0000031096 0 0 0
508454 1 109 0.0319602934 0.0001365825 0.0000005837 0 0 0
509109 1 125 0.0191523324 0.0000423724 0.0000000937 0 0 0
509312 1 109 0.0709278110 0.0003493981 0.0000017212 0 0 0
509702 1 125 0.0368253985 0.0001969273 0.0000010531 0 0 0
509905 1 140 0.0098522167 0.0000485331 0.0000002391 0 0 0
510201 1 141 0.0000000000 0.0000000000 0.0000000000 0 0 0
511621 1 109 0.0000000000 0.0000000000 0.0000000000 0 0 0
512260 1 125 0.0308166776 0.0001316952 0.0000005628 0 0 0
512510 1 140 0.0226274170 0.0000905097 0.0000003620 0 0 0
512744 1 125 0.0753618615 0.0003220592 0.0000013763 0 0 0
516176 1 140 0.0719519554 0.0000720961 0.0000000722 0 0 0
517393 1 140 0.3415281598 0.0002806312 0.0000002306 0 0 0
521215 1 125 0.2954328506 0.0001190781 0.0000000480 0 0 0
522572 1 140 0.0014738394 0.0000010861 0.0000000008 0 0 0
522962 1 125 0.0354575054 0.0000909167 0.0000002331 0 0 0
524179 1 140 0.0691125408 0.0000567893 0.0000000467 0 0 0
524881 1 140 0.0056980057 0.0000081168 0.0000000116 0 0 0
527658 1 125 0.0934940240 0.0000336673 0.0000000121 0 0 0
538827 1 141 0.0022497188 0.0000025306 0.0000000028 0 0 0
540325 1 140 0.0853951831 0.0001711326 0.0000003430 0 0 0
546440 4 6256 0.0000000000 0.0000000000 0.0000000000 0 0 0
563273 1 109 0.1374722390 0.0000282458 0.0000000058 0 0 0
563881 1 125 0.6561007832 0.0010791131 0.0000017749 0 0 0
565472 4 25397 0.0000000000 0.0000000000 0.0000000000 0 0 0
591431 4 7036 0.0000000000 0.0000000000 0.0000000000 0 0 0
603100 1 125 0.0989909470 0.0003522810 0.0000012537 0 0 0
608014 1 109 0.1243547261 0.0004974189 0.0000019897 0 0 0
608404 1 109 0.0567916796 0.0001456197 0.0000003734 0 0 0
613723 1 125 0.3190635562 0.0003249120 0.0000003309 0 0 0
616095 1 109 0.3383699003 0.0001426517 0.0000000601 0 0 0
617031 1 124 0.3112438050 0.0003325254 0.0000003553 0 0 0
618185 1 125 0.0497443979 0.0000431061 0.0000000374 0 0 0
626328 4 5913 0.0000000000 0.0000000000 0.0000000000 0 0 0
632272 4 11497 0.0000000000 0.0000000000 0.0000000000 0 0 0
658324 1 109 0.2690335912 0.0004927355 0.0000009024 0 0 0
667903 4 5366 0.0000000000 0.0000000000 0.0000000000 0 0 0
673285 4 6021 0.0000000000 0.0000000000 0.0000000000 0 0 0
685812 4 28922 0.0000000000 0.0000000000 0.0000000000 0 0 0
718213 4 14227 0.0000000000 0.0000000000 0.0000000000 0 0 0
735841 1 140 0.2284609615 0.0003254430 0.0000004636 0 0 0
742237 1 125 0.1343790403 0.0000210099 0.0000000033 0 0 0
760786 1 140 0.1404745566 0.0001216230 0.0000001053 0 0 0
784654 4 8205 0.0000000000 0.0000000000 0.0000000000 0 0 0
816088 3 140 0.7364392348 0.0010735266 0.0000015649 0 0 0
816447 2 452 0.1349135889 0.0003758039 0.0000010468 140 172 140
820643 1 109 0.1912884072 0.0000455883 0.0000000109 0 0 0
821860 1 109 0.1523831454 0.0002640956 0.0000004577 0 0 0
822609 1 109 0.1469925457 0.0001962517 0.0000002620 0 0 0
823155 1 109 0.0859717513 0.0001574574 0.0000002884 0 0 0
823748 1 124 0.1384864649 0.0002335354 0.0000003938 0 0 0
825089 1 109 0.1964963380 0.0001465297 0.0000001093 0 0 0
826758 1 110 0.1485608412 0.0001986108 0.0000002655 0 0 0
827694 1 110 0.2100824138 0.0002244470 0.0000002398 0 0 0
830253 1 109 0.0738916256 0.0001819991 0.0000004483 0 0 0
830768 1 109 0.0566104945 0.0001099233 0.0000002134 0 0 0
831906 1 125 0.0548712955 0.0000482173 0.0000000424 0 0 0
833638 1 140 0.1090025867 0.0000629345 0.0000000363 0 0 0
833903 1 125 0.0946535440 0.0003571832 0.0000013479 0 0 0
834200 1 109 0.1744475758 0.0005873656 0.0000019777 0 0 0
835370 1 109 0.3501165829 0.0002992449 0.0000002558 0 0 0
835619 1 141 0.0554083987 0.0002225237 0.0000008937 0 0 0
836898 1 141 0.1641138997 0.0001912749 0.0000002229 0 0 0
838552 1 109 0.2200065764 0.0001330149 0.0000000804 0 0 0
841064 1 140 0.2687442987 0.0001069842 0.0000000426 0 0 0
843232 1 125 0.4429604122 0.0002043175 0.0000000942 0 0 0
871749 1 141 0.1162064527 0.0000055056 0.0000000003 0 0 0
894853 4 7036 0.0000000000 0.0000000000 0.0000000000 0 0 0
926833 1 109 0.1526354537 0.0000047728 0.0000000001 0 0 0
927722 1 141 0.1052118855 0.0001183486 0.0000001331 0 0 0
933011 1 140 0.2470773102 0.0000467153 0.0000000088 0 0 0
940109 1 140 0.2148224039 0.0000302652 0.0000000043 0 0 0
941528 4 9392 0.0000000000 0.0000000000 0.0000000000 0 0 0
950920 1 109 0.0000000000 0.0000000000 0.0000000000 0 0 0
957628 1 124 0.1758319619 0.0001543740 0.0000001355 0 0 0
969047 1 109 0.2226316481 0.0000194966 0.0000000017 0 0 0
969718 1 125 0.0000000000 0.0000000000 0.0000000000 0 0 0
970638 1 125 0.1516658637 0.0002069111 0.0000002823 0 0 0
971793 1 109 0.2010494992 0.0003064779 0.0000004672 0 0 0
981933 1 109 0.2300869720 0.0000261492 0.0000000030 0 0 0
982229 1 125 0.1298432052 0.0004386595 0.0000014820 0 0 0
983773 1 110 0.5067577576 0.0004167416 0.0000003427 0 0 0
985848 1 125 0.0698906747 0.0000336823 0.0000000162 0 0 0
986457 1 109 0.2159755413 0.0003546396 0.0000005823 0 0 0
987549 1 140 0.3794172783 0.0003474517 0.0000003182 0 0 0
988516 1 140 0.4510575696 0.0004664504 0.0000004824 0 0 0
997205 1 109 0.3842148592 0.0003004025 0.0000002349 0 0 0
999561 1 140 0.3111519576 0.0001320679 0.0000000561 0 0 0
1000076 1 140 0.3411005997 0.0006623313 0.0000012861 0 0 0
1004678 1 124 0.5087723191 0.0001929360 0.0000000732 0 0 0
1005801 1 109 0.2516892983 0.0010067572 0.0000040270 0 0 0
1006768 1 109 0.2153728454 0.0002227227 0.0000002303 0 0 0
1007080 1 109 0.0840601691 0.0002694236 0.0000008635 0 0 0
1009077 1 109 0.3898583977 0.0001952220 0.0000000978 0 0 0
1011245 1 109 0.2915370990 0.0001344728 0.0000000620 0 0 0
1011838 1 140 0.3735072376 0.0006298604 0.0000010622 0 0 0
1012431 1 125 0.2216587776 0.0003737922 0.0000006303 0 0 0
1013102 1 124 0.0450174030 0.0000670900 0.0000001000 0 0 0
1014287 1 109 0.1341307293 0.0001131905 0.0000000955 0 0 0
1014537 1 140 0.3163943839 0.0012655775 0.0000050623 0 0 0
1015036 1 125 0.0653695266 0.0001310011 0.0000002625 0 0 0
1015816 1 109 0.4228834288 0.0019398322 0.0000088983 0 0 0
1017579 1 109 0.2766009215 0.0001568922 0.0000000890 0 0 0
1017766 1 125 0.5258764205 0.0028121734 0.0000150384 0 0 0
1023834 1 141 0.1712024423 0.0000282140 0.0000000046 0 0 0
1026346 1 125 0.1006591383 0.0003226254 0.0000010341 0 0 0
1026580 1 141 0.0344636543 0.0001472806 0.0000006294 0 0 0
1029154 1 109 0.2038218447 0.0000865486 0.0000000368 0 0 0
1030106 1 140 0.1351886522 0.0001420049 0.0000001492 0 0 0
1038187 1 140 0.1765136013 0.0000252559 0.0000000036 0 0 0
1046127 1 140 0.3294718846 0.0000493443 0.0000000074 0 0 0
1047281 1 125 0.1279104198 0.0001108409 0.0000000960 0 0 0
1049653 4 9017 0.0000000000 0.0000000000 0.0000000000 0 0 0
1073942 1 140 0.1025313329 0.0000169389 0.0000000028 0 0 0
1074784 1 141 0.3568013638 0.0004237546 0.0000005033 0 0 0
1097186 1 125 0.4187082415 0.0000331361 0.0000000026 0 0 0
1111507 1 125 0.4280581827 0.0003709343 0.0000003214 0 0 0
1112505 1 110 0.0856564610 0.0003059159 0.0000010926 0 0 0
1129213 1 125 0.2932821466 0.0006072094 0.0000012572 0 0 0
1138417 1 125 0.2476329155 0.0001260218 0.0000000641 0 0 0
1142317 1 125 0.2044509051 0.0000524233 0.0000000134 0 0 0
1142879 1 109 0.2632812823 0.0004684720 0.0000008336 0 0 0
1149134 1 110 0.1555354084 0.0000738535 0.0000000351 0 0 0
1151740 1 140 0.2674352581 0.0001135124 0.0000000482 0 0 0
1178728 3 483 0.0209790907 0.0000010305 0.0000000001 0 0 0
1179523 3 1264 0.4264758569 0.0005364476 0.0000006748 0 0 0
1193860 3 1108 0.1373486273 0.0000106978 0.0000000008 0 0 0
1199835 1 109 0.2249202443 0.0000376436 0.0000000063 0 0 0
1200240 1 110 0.1809461126 0.0004467805 0.0000011032 0 0 0
1201535 1 141 0.3540049177 0.0002733629 0.0000002111 0 0 0
1201832 1 140 0.1299426903 0.0004375175 0.0000014731 0 0 0
1202206 1 140 0.1315163718 0.0003516481 0.0000009402 0 0 0
1209288 1 125 0.3993353928 0.0004129632 0.0000004271 0 0 0
1210724 1 140 0.2709258718 0.0001886670 0.0000001314 0 0 0
1219491 1 140 0.1208883636 0.0000442815 0.0000000162 0 0 0
1221425 1 110 0.2107691516 0.0001089809 0.0000000564 0 0 0
1225513 3 405 0.1451732933 0.0000355121 0.0000000087 0 0 0
1228617 1 125 0.2599106885 0.0000837341 0.0000000270 0 0 0
1231456 1 125 0.3566354606 0.0001874070 0.0000000985 0 0 0
1234857 1 140 0.1208110289 0.0000355222 0.0000000104 0 0 0
1235824 1 125 0.0579101960 0.0000598864 0.0000000619 0 0 0
1242376 1 109 0.2018504880 0.0001115813 0.0000000617 0 0 0
1251580 4 5382 0.0000000000 0.0000000000 0.0000000000 0 0 0
1258164 3 93 0.0069293403 0.0000010525 0.0000000002 0 0 0
1268865 1 141 0.1533470987 0.0004271507 0.0000011898 0 0 0
1269739 1 109 0.1452116179 0.0001661460 0.0000001901 0 0 0
1275761 1 109 0.2902273617 0.0000481945 0.0000000080 0 0 0
1277165 1 109 0.3596910485 0.0002561902 0.0000001825 0 0 0
1315993 1 125 0.1313214669 0.0001559637 0.0000001852 0 0 0
1326414 1 109 0.2394423204 0.0003008069 0.0000003779 0 0 0
1328036 1 110 0.3491196358 0.0002152402 0.0000001327 0 0 0
1332779 1 140 0.3972271617 0.0000837502 0.0000000177 0 0 0
1333512 1 109 0.6444169255 0.0008791500 0.0000011994 0 0 0
1337631 1 124 0.0152180356 0.0000348239 0.0000000797 0 0 0
1338036 1 141 0.0223422893 0.0000551661 0.0000001362 0 0 0
1341921 1 109 0.1361868358 0.0000350545 0.0000000090 0 0 0
1342186 1 109 0.1709393679 0.0006450542 0.0000024342 0 0 0
1342435 1 125 0.0403193963 0.0001619253 0.0000006503 0 0 0
1343746 1 109 0.0429932663 0.0000327943 0.0000000250 0 0 0
1344027 1 109 0.0427046263 0.0001519738 0.0000005408 0 0 0
1344307 1 141 0.0231147713 0.0000825528 0.0000002948 0 0 0
1346476 1 125 0.1942305541 0.0002766817 0.0000003941 0 0 0
1346710 1 140 0.1197330514 0.0005116797 0.0000021867 0 0 0
1351655 1 140 0.1265488727 0.0000255913 0.0000000052 0 0 0
1354042 1 109 0.0687278339 0.0000647765 0.0000000611 0 0 0
1380983 1 141 0.1752174004 0.0000482029 0.0000000133 0 0 0
1387894 1 109 0.0974466221 0.0000466252 0.0000000223 0 0 0
1397582 1 109 0.1362099858 0.0000992061 0.0000000723 0 0 0
1400187 1 140 0.0775047431 0.0000297523 0.0000000114 0 0 0
1416645 1 109 0.0570197947 0.0001524593 0.0000004076 0 0 0
1417425 1 109 0.0222581693 0.0000595138 0.0000001591 0 0 0
1417955 1 141 0.2963158539 0.0005590865 0.0000010549 0 0 0
1425771 1 125 0.3602757216 0.0000460946 0.0000000059 0 0 0
1432666 1 125 0.4221089810 0.0000612196 0.0000000089 0 0 0
1445505 1 141 0.2333585638 0.0000695762 0.0000000207 0 0 0
1447221 1 125 0.0986812823 0.0000575066 0.0000000335 0 0 0
1448844 1 140 0.2978370377 0.0003818424 0.0000004895 0 0 0
1449265 1 125 0.0387756658 0.0000921037 0.0000002188 0 0 0
1451730 1 109 0.1473745797 0.0000891019 0.0000000539 0 0 0
1460044 1 125 0.1406119175 0.0000258288 0.0000000047 0 0 0
1461542 1 125 0.0106951872 0.0000571935 0.0000003058 0 0 0
1461839 1 124 0.0740740741 0.0002494077 0.0000008398 0 0 0
1462119 1 141 0.0753536411 0.0002691201 0.0000009611 0 0 0
1462868 1 125 0.0504649700 0.0000673765 0.0000000900 0 0 0
1463976 1 109 0.2689375800 0.0002427234 0.0000002191 0 0 0
1466628 1 125 0.0909618355 0.0001822882 0.0000003653 0 0 0
1467111 1 141 0.0826631298 0.0001711452 0.0000003543 0 0 0
1469873 1 124 0.5437008609 0.0001968504 0.0000000713 0 0 0
1470762 1 109 0.0362684372 0.0000407969 0.0000000459 0 0 0
1478219 1 109 0.0656038488 0.0000325901 0.0000000162 0 0 0
1479841 1 140 0.2281802743 0.0001406783 0.0000000867 0 0 0
1480434 1 109 0.1468664210 0.0002476668 0.0000004177 0 0 0
1481167 1 125 0.0557581792 0.0000760685 0.0000001038 0 0 0
1483897 1 140 0.1970435924 0.0000721771 0.0000000264 0 0 0
1484396 1 109 0.1048348927 0.0002100900 0.0000004210 0 0 0
1485987 1 125 0.1865812345 0.0001172729 0.0000000737 0 0 0
1486253 1 124 0.0596048619 0.0002240784 0.0000008424 0 0 0
1487220 1 140 0.0000000000 0.0000000000 0.0000000000 0 0 0
1487423 1 124 0.0000000000 0.0000000000 0.0000000000 0 0 0
1487797 1 140 0.1150897549 0.0003077266 0.0000008228 0 0 0
1490823 1 125 0.1906746366 0.0000630121 0.0000000208 0 0 0
1527265 1 125 0.2820799609 0.0000327581 0.0000000038 0 0 0
1527687 1 109 0.2572408934 0.0006095756 0.0000014445 0 0 0
1529559 1 109 0.1165702422 0.0000622704 0.0000000333 0 0 0
1555470 4 5024 0.0000000000 0.0000000000 0.0000000000 0 0 0
1570197 1 140 0.0906811596 0.0000061575 0.0000000004 0 0 0
1580321 1 125 0.1966140026 0.0001016618 0.0000000526 0 0 0
1586499 1 109 0.2051414794 0.0000600356 0.0000000176 0 0 0
1594003 1 124 0.4435899699 0.0004062179 0.0000003720 0 0 0
1594595 1 141 0.2848426736 0.0004811532 0.0000008128 0 0 0
1598932 1 125 0.0241773449 0.0000484516 0.0000000971 0 0 0
1601147 2 437 0.1536012507 0.0000693459 0.0000000313 188 187 62
1606997 1 110 0.1721222578 0.0001599649 0.0000001487 0 0 0
1623658 4 5304 0.0000000000 0.0000000000 0.0000000000 0 0 0
1629555 1 125 0.0085619247 0.0000014519 0.0000000002 0 0 0
1653720 1 109 0.3270717488 0.0006159543 0.0000011600 0 0 0
1655436 1 140 0.2568875814 0.0001497014 0.0000000872 0 0 0
1655685 1 141 0.0545240611 0.0002189721 0.0000008794 0 0 0
1655919 1 125 0.0949698855 0.0004058542 0.0000017344 0 0 0
1657074 1 125 0.2330700321 0.0002530619 0.0000002748 0 0 0
1657589 1 140 0.0917168821 0.0003668675 0.0000014675 0 0 0
1658369 1 124 0.1287935537 0.0003434495 0.0000009159 0 0 0
1659164 1 125 0.1151592294 0.0001448544 0.0000001822 0 0 0
1672627 1 125 0.5785514778 0.0008433695 0.0000012294 0 0 0
1678352 1 125 0.1183861295 0.0000268145 0.0000000061 0 0 0
1678773 1 125 0.3481365794 0.0008269277 0.0000019642 0 0 0
1688446 1 124 0.1147988976 0.0000553248 0.0000000267 0 0 0
1707774 1 109 0.1402829795 0.0000269257 0.0000000052 0 0 0
1708039 1 125 0.0603773585 0.0002278391 0.0000008598 0 0 0
1712860 1 109 0.3037660047 0.0000680784 0.0000000153 0 0 0
1750144 1 125 0.1008253656 0.0000044513 0.0000000002 0 0 0
1753358 1 124 0.2256747952 0.0000845858 0.0000000317 0 0 0
1753779 1 109 0.0000000000 0.0000000000 0.0000000000 0 0 0
1755370 2 562 0.1122468408 0.0000705511 0.0000000443 296 156 110
1758053 1 141 0.2228160852 0.0000830474 0.0000000310 0 0 0
1763638 1 140 0.2002938826 0.0000358628 0.0000000064 0 0 0
1764371 1 141 0.0178668345 0.0000441156 0.0000001089 0 0 0
1771688 1 124 0.2967303255 0.0001099408 0.0000000407 0 0 0
1783357 1 124 0.1318988295 0.0000113034 0.0000000010 0 0 0
1784012 1 109 0.3605343201 0.0005504341 0.0000008404 0 0 0
1792763 1 110 0.0228808985 0.0000026147 0.0000000003 0 0 0
1814292 1 124 0.1397801576 0.0000933112 0.0000000623 0 0 0
1815415 1 125 0.0284029321 0.0000252920 0.0000000225 0 0 0
1825056 1 140 0.1059660834 0.0000109912 0.0000000011 0 0 0
1825648 1 125 0.2960140846 0.0005000238 0.0000008446 0 0 0
1827411 1 125 0.0969814872 0.0000550094 0.0000000312 0 0 0
1828581 1 109 0.0192961463 0.0000164924 0.0000000141 0 0 0
1831920 1 140 0.1019978506 0.0000305474 0.0000000091 0 0 0
1834119 1 141 0.2182575418 0.0002543794 0.0000002965 0 0 0
1834494 1 124 0.0803439739 0.0002142506 0.0000005713 0 0 0
1836007 3 125 0.2922569524 0.0001931639 0.0000001277 0 0 0
1837863 1 110 0.4239402932 0.0006327467 0.0000009444 0 0 0
1838971 1 109 0.2955658260 0.0002667562 0.0000002408 0 0 0
1839689 1 109 0.2425637526 0.0003378325 0.0000004705 0 0 0
1841358 1 125 0.2174926680 0.0001303132 0.0000000781 0 0 0
1842216 1 125 0.4227975903 0.0004927711 0.0000005743 0 0 0
1842949 1 109 0.2686026857 0.0003664430 0.0000004999 0 0 0
1850655 1 125 0.2243441433 0.0000322473 0.0000000046 0 0 0
1851326 1 125 0.3207310378 0.0004779896 0.0000007124 0 0 0
1852075 1 109 0.2760149417 0.0003685113 0.0000004920 0 0 0
1854633 1 110 0.0882029549 0.0000344812 0.0000000135 0 0 0
1855616 1 141 0.0868042503 0.0000883054 0.0000000898 0 0 0
1859563 1 109 0.1774800875 0.0000449658 0.0000000114 0 0 0
1860203 1 124 0.2943487138 0.0004599199 0.0000007186 0 0 0
1861544 1 141 0.1486729988 0.0001108673 0.0000000827 0 0 0
1863260 1 141 0.0133032792 0.0000077525 0.0000000045 0 0 0
1869313 1 109 0.3148347164 0.0004203401 0.0000005612 0 0 0
1870499 1 125 0.1531969135 0.0001291711 0.0000001089 0 0 0
1876115 1 125 0.0424403008 0.0001182181 0.0000003293 0 0 0
1878814 1 109 0.5505941042 0.0010084141 0.0000018469 0 0 0
1883291 1 109 0.5362258573 0.0004774941 0.0000004252 0 0 0
1952196 4 17036 0.0000000000 0.0000000000 0.0000000000 0 0 0
1975534 4 77080 0.0000000000 0.0000000000 0.0000000000 0 0 0
2055017 4 8283 0.0000000000 0.0000000000 0.0000000000 0 0 0
2065328 4 40155 0.0000000000 0.0000000000 0.0000000000 0 0 0
2107636 3 125 0.7258116095 0.0006463149 0.0000005755 0 0 0
2123408 4 9375 0.0000000000 0.0000000000 0.0000000000 0 0 0
2142159 2 405 0.2699265971 0.0001504608 0.0000000839 109 172 124
2147572 4 5398 0.0000000000 0.0000000000 0.0000000000 0 0 0
2167103 1 110 0.1447553997 0.0000074116 0.0000000004 0 0 0
2168476 1 141 0.4158592056 0.0007616469 0.0000013950 0 0 0
2169147 1 125 0.2721055460 0.0004055224 0.0000006044 0 0 0
2169865 2 546 0.3698331232 0.0005150879 0.0000007174 93 375 78
2174264 1 125 0.5487779453 0.0006894195 0.0000008661 0 0 0
2175730 3 94 0.4375574462 0.0002984703 0.0000002036 0 0 0
2180707 1 109 0.0126213592 0.0000061269 0.0000000030 0 0 0
2181081 1 141 0.0385406780 0.0001030499 0.0000002755 0 0 0
2182875 2 437 0.1776664513 0.0000990337 0.0000000552 109 266 62
2188866 1 109 0.3268252964 0.0001540176 0.0000000726 0 0 0
2189599 3 109 0.2780068794 0.0003792727 0.0000005174 0 0 0
2191892 1 125 0.2354703797 0.0001026910 0.0000000448 0 0 0
2192532 3 124 0.2421816452 0.0003784088 0.0000005913 0 0 0
2202313 1 125 0.3451625043 0.0000633907 0.0000000116 0 0 0
2203530 1 109 0.2773829052 0.0002279235 0.0000001873 0 0 0
2204793 2 499 0.1366019171 0.0001081567 0.0000000856 94 296 109
2211876 1 140 0.4185848983 0.0000590971 0.0000000083 0 0 0
2213467 1 125 0.1867259812 0.0001173639 0.0000000738 0 0 0
2213748 1 125 0.1571196710 0.0005591447 0.0000019898 0 0 0
2216415 1 110 0.2988700603 0.0003090693 0.0000003196 0 0 0
2217008 1 125 0.4571463880 0.0007709045 0.0000013000 0 0 0
2217305 1 124 0.0804402968 0.0002708428 0.0000009119 0 0 0
2217632 1 109 0.2126875508 0.0006504206 0.0000019891 0 0 0
2219317 1 125 0.1471696687 0.0005886787 0.0000023547 0 0 0
2220768 1 140 0.2198937956 0.0001515464 0.0000001044 0 0 0
2222047 1 125 0.1746128713 0.0001365230 0.0000001067 0 0 0
2223701 1 140 0.1961578666 0.0003923157 0.0000007846 0 0 0
2223981 1 141 0.0652834264 0.0002331551 0.0000008327 0 0 0
2224465 1 109 0.1209159512 0.0002498263 0.0000005162 0 0 0
2225089 1 125 0.2223651113 0.0003563543 0.0000005711 0 0 0
2225947 1 140 0.4760729043 0.0005548635 0.0000006467 0 0 0
2228037 1 125 0.3050598497 0.0001459617 0.0000000698 0 0 0
2229426 1 109 0.1756723752 0.0006629146 0.0000025016 0 0 0
2234730 1 140 0.0041631973 0.0000034664 0.0000000029 0 0 0
2236695 1 125 0.2386044826 0.0001214272 0.0000000618 0 0 0
2245712 1 125 0.0864643211 0.0000554258 0.0000000355 0 0 0
2246555 2 483 0.4082498161 0.0004842821 0.0000005745 140 203 140
2254105 1 109 0.1447140583 0.0001104687 0.0000000843 0 0 0
2262326 1 110 0.1325697916 0.0000885570 0.0000000592 0 0 0
2266382 2 546 0.0787081614 0.0000608255 0.0000000470 125 297 124
2267864 1 141 0.0659502924 0.0002113791 0.0000006775 0 0 0
2268769 1 109 0.2235841932 0.0002470544 0.0000002730 0 0 0
2269019 1 140 0.1941342589 0.0007765370 0.0000031061 0 0 0
2269986 3 140 0.6130232644 0.0006339434 0.0000006556 0 0 0
2271125 3 171 0.3768243093 0.0006354541 0.0000010716 0 0 0
2274963 1 109 0.1523689751 0.0000498263 0.0000000163 0 0 0
2276101 1 110 0.1855900134 0.0001630844 0.0000001433 0 0 0
2278457 1 140 0.6310549057 0.0002678501 0.0000001137 0 0 0
2279268 1 141 0.1312205195 0.0001618009 0.0000001995 0 0 0
2281733 1 109 0.3957510986 0.0005399060 0.0000007366 0 0 0
2283761 1 140 0.2145271603 0.0002182372 0.0000002220 0 0 0
2287801 1 125 0.4236231292 0.0001626192 0.0000000624 0 0 0
2291046 3 109 0.0951705374 0.0000484328 0.0000000246 0 0 0
2291857 2 406 0.2963445712 0.0003654064 0.0000004506 110 187 109
2292591 2 530 0.1166432927 0.0001589146 0.0000002165 93 328 109
2294603 2 437 0.2066841754 0.0001615983 0.0000001263 125 187 125
2295399 2 390 0.1298279756 0.0001631005 0.0000002049 109 156 125
2297411 3 109 0.0271844660 0.0000527854 0.0000001025 0 0 0
2298753 2 514 0.0677924017 0.0000869133 0.0000001114 109 312 93
2302840 1 140 0.3296921722 0.0000973980 0.0000000288 0 0 0
2304930 1 125 0.1414162680 0.0004324657 0.0000013225 0 0 0
2307645 1 125 0.3975034404 0.0002038479 0.0000001045 0 0 0
2308971 1 140 0.3238348780 0.0002442194 0.0000001842 0 0 0
2311576 1 140 0.1353080266 0.0001239084 0.0000001135 0 0 0
2315648 1 140 0.1198932666 0.0000738714 0.0000000455 0 0 0
2317613 1 125 0.4658390438 0.0002370682 0.0000001206 0 0 0
2318331 1 140 0.2473872040 0.0003445504 0.0000004799 0 0 0
2319938 1 140 0.1510535269 0.0001112323 0.0000000819 0 0 0
2325632 1 109 0.3253520367 0.0000571395 0.0000000100 0 0 0
2326614 1 141 0.0958187182 0.0000975751 0.0000000994 0 0 0
2336131 1 140 0.1127181241 0.0000839926 0.0000000626 0 0 0
2337566 3 1092 0.5176444966 0.0007714523 0.0000011497 0 0 0
2339219 1 125 0.2875761190 0.0013191565 0.0000060512 0 0 0
2342183 1 125 0.4105119718 0.0007986614 0.0000015538 0 0 0
2346161 2 500 0.1410925575 0.0001117122 0.0000000884 110 265 125
2372338 1 141 0.3802347290 0.0000467866 0.0000000058 0 0 0
2373805 1 140 0.2150098346 0.0001465643 0.0000000999 0 0 0
2391901 1 109 0.3092480749 0.0000170893 0.0000000009 0 0 0
2397127 1 125 0.2489740511 0.0003127815 0.0000003929 0 0 0
2404038 1 140 0.3456090856 0.0000500085 0.0000000072 0 0 0
2404521 1 110 0.0801716290 0.0001659868 0.0000003437 0 0 0
2404787 1 124 0.1246536235 0.0004686226 0.0000017617 0 0 0
2407064 1 125 0.1003890374 0.0001430043 0.0000002037 0 0 0
2407345 1 140 0.2974947733 0.0010587003 0.0000037676 0 0 0
2408484 1 109 0.2312046586 0.0002029892 0.0000001782 0 0 0
2409092 1 141 0.0717345575 0.0001179845 0.0000001941 0 0 0
2410621 1 109 0.1634853729 0.0001069231 0.0000000699 0 0 0
2411448 1 125 0.0727628645 0.0000879841 0.0000001064 0 0 0
2415753 1 141 0.0798060744 0.0000373449 0.0000000175 0 0 0
2416315 1 109 0.0450672646 0.0000801909 0.0000001427 0 0 0
2416611 1 125 0.0456805786 0.0001543263 0.0000005214 0 0 0
2416908 1 140 0.0000000000 0.0000000000 0.0000000000 0 0 0
2417329 1 140 0.0285035629 0.0000677044 0.0000001608 0 0 0
2418936 1 140 0.0705160921 0.0001076582 0.0000001644 0 0 0
2419341 1 110 0.2117420798 0.0005228200 0.0000012909 0 0 0
2419700 1 141 0.1778476150 0.0004953973 0.0000013799 0 0 0
2420028 1 140 0.0939483061 0.0002864278 0.0000008733 0 0 0
2420761 1 125 0.0585643463 0.0001565892 0.0000004187 0 0 0
2421198 1 140 0.0339323275 0.0000776483 0.0000001777 0 0 0
2421525 1 125 0.0680312271 0.0002080466 0.0000006362 0 0 0
2423959 1 140 0.1979077090 0.0005074557 0.0000013012 0 0 0
2424333 1 141 0.0346103527 0.0000925411 0.0000002474 0 0 0
2439575 1 93 0.3386570915 0.0000228021 0.0000000015 0 0 0
2439840 1 109 0.2982097660 0.0011253199 0.0000042465 0 0 0
2440324 1 109 0.1004023004 0.0002074428 0.0000004286 0 0 0
2440573 1 141 0.0853867356 0.0003429186 0.0000013772 0 0 0
2440870 1 109 0.2752456457 0.0009267530 0.0000031204 0 0 0
2441135 1 140 0.2341239602 0.0008834866 0.0000033339 0 0 0
2441509 1 141 0.2029644645 0.0005426857 0.0000014510 0 0 0
2441806 1 124 0.2935428788 0.0009883599 0.0000033278 0 0 0
2445550 1 93 0.0734442600 0.0001000603 0.0000001363 0 0 0
2446891 1 125 0.3153206147 0.0002351384 0.0000001753 0 0 0
2447531 1 125 0.1614203523 0.0002522193 0.0000003941 0 0 0
2450183 1 140 0.2424127215 0.0000914075 0.0000000345 0 0 0
2450729 1 125 0.0260180735 0.0000476521 0.0000000873 0 0 0
2450963 1 93 0.0256410256 0.0001095770 0.0000004683 0 0 0
2451431 1 109 0.0220097502 0.0000470294 0.0000001005 0 0 0
2451758 1 94 0.0445764258 0.0001363193 0.0000004169 0 0 0
2452445 1 93 0.2298791182 0.0003346130 0.0000004871 0 0 0
2452710 1 94 0.1913134197 0.0007219374 0.0000027243 0 0 0
2453131 1 94 0.0841524384 0.0001998870 0.0000004748 0 0 0
2454878 1 125 0.2162550639 0.0001237865 0.0000000709 0 0 0
2457593 1 109 0.1010940553 0.0002592155 0.0000006647 0 0 0
2457858 1 109 0.2247769698 0.0008482150 0.0000032008 0 0 0
2458310 1 94 0.1856842055 0.0004108058 0.0000009089 0 0 0
2458669 1 94 0.2731775732 0.0007609403 0.0000021196 0 0 0
2459090 1 110 0.0980052735 0.0002327916 0.0000005529 0 0 0
2460042 1 140 0.2201018868 0.0002311995 0.0000002429 0 0 0
2460448 1 109 0.0800059585 0.0001970590 0.0000004854 0 0 0
2461087 1 94 0.2936745524 0.0004595846 0.0000007192 0 0 0
2496094 1 125 0.2264047879 0.0005008955 0.0000011082 0 0 0
2509354 1 125 0.4474343051 0.0000337432 0.0000000025 0 0 0
2510898 1 141 0.3775971118 0.0002445577 0.0000001584 0 0 0
2513582 1 124 0.1491914422 0.0000708411 0.0000000336 0 0 0
2514533 1 141 0.1924111525 0.0002023251 0.0000002127 0 0 0
2518823 1 94 0.1119017651 0.0000419579 0.0000000157 0 0 0
2519073 1 125 0.2168234726 0.0008672939 0.0000034692 0 0 0
2519572 1 109 0.0719573401 0.0001442031 0.0000002890 0 0 0
2519806 1 109 0.3501938309 0.0014965548 0.0000063955 0 0 0
2520009 1 140 0.3311075084 0.0016310715 0.0000080348 0 0 0
2520430 1 125 0.4888570797 0.0011611807 0.0000027581 0 0 0
2520680 1 109 0.8469765470 0.0033879062 0.0000135516 0 0 0
2521054 1 125 0.1491862219 0.0003988936 0.0000010666 0 0 0
2521662 1 110 0.4023446132 0.0006617510 0.0000010884 0 0 0
2524049 1 141 0.3947845138 0.0001653894 0.0000000693 0 0 0
2524689 1 109 0.2860500988 0.0004469533 0.0000006984 0 0 0
2525032 1 109 0.1685595601 0.0004914273 0.0000014327 0 0 0
2528651 1 141 0.2308681824 0.0000637934 0.0000000176 0 0 0
2529447 1 125 0.2941280369 0.0003695076 0.0000004642 0 0 0
2531241 1 125 0.2432425498 0.0001355867 0.0000000756 0 0 0
2531584 1 109 0.2247706312 0.0006553080 0.0000019105 0 0 0
2531974 1 109 0.1790375561 0.0004590707 0.0000011771 0 0 0
2532973 1 109 0.5073881491 0.0005078960 0.0000005084 0 0 0
2533300 1 109 0.1063550485 0.0003252448 0.0000009946 0 0 0
2533550 1 109 0.1590126321 0.0006360505 0.0000025442 0 0 0
2534158 1 94 0.2380526039 0.0003915339 0.0000006440 0 0 0
2534642 1 125 0.2763077778 0.0005708838 0.0000011795 0 0 0
2535188 1 93 0.3249379661 0.0005951245 0.0000010900 0 0 0
2538854 1 109 0.2374621827 0.0000647742 0.0000000177 0 0 0
2539166 1 109 0.0743926324 0.0002384379 0.0000007642 0 0 0
2543737 1 109 0.2476120744 0.0000541702 0.0000000119 0 0 0
2544719 1 141 0.0359878745 0.0000366475 0.0000000373 0 0 0
2546888 4 5226 0.0000000000 0.0000000000 0.0000000000 0 0 0
2560179 1 94 0.1893008199 0.0000142428 0.0000000011 0 0 0
2560725 1 125 0.6061509310 0.0011101665 0.0000020333 0 0 0
2572254 1 124 0.0317167820 0.0000030163 0.0000000003 0 0 0
2572800 1 140 0.1361664487 0.0002493891 0.0000004568 0 0 0
2573564 1 109 0.1724827563 0.0002257628 0.0000002955 0 0 0
2575795 1 125 0.1020840477 0.0001362938 0.0000001820 0 0 0
2576388 1 140 0.1134812923 0.0001913681 0.0000003227 0 0 0
2576965 1 109 0.1001951984 0.0001736485 0.0000003010 0 0 0
2598696 3 1482 0.1635662040 0.0000075269 0.0000000003 0 0 0
2605653 1 141 0.0007044734 0.0000002481 0.0000000001 0 0 0
2605919 1 124 0.0451127820 0.0001695969 0.0000006376 0 0 0
2606184 1 93 0.0461738414 0.0001742409 0.0000006575 0 0 0
2607385 1 140 0.5128468141 0.0004270165 0.0000003556 0 0 0
2608602 1 125 0.1786372326 0.0001467849 0.0000001206 0 0 0
2615669 1 124 0.3708759387 0.0000524800 0.0000000074 0 0 0
2616168 1 109 0.2780139107 0.0005571421 0.0000011165 0 0 0
2616886 1 109 0.1921489002 0.0002676169 0.0000003727 0 0 0
2631799 1 109 0.0051097268 0.0000035215 0.0000000024 0 0 0
2632033 1 125 0.0128205128 0.0000547885 0.0000002341 0 0 0
2632392 1 125 0.0027855153 0.0000077591 0.0000000216 0 0 0
2638772 1 125 0.0036845088 0.0000006906 0.0000000001 0 0 0
2639194 1 124 0.0098522167 0.0000485331 0.0000002391 0 0 0
2639381 1 109 0.0000000000 0.0000000000 0.0000000000 0 0 0
2639568 1 140 0.0000000000 0.0000000000 0.0000000000 0 0 0
2639771 1 93 0.0000000000 0.0000000000 0.0000000000 0 0 0
2640176 1 125 0.0104594271 0.0000258257 0.0000000638 0 0 0
2641378 1 124 0.5395653671 0.0004488897 0.0000003735 0 0 0
2642392 1 109 0.1703206676 0.0001679691 0.0000001657 0 0 0
2651019 1 93 0.2621531920 0.0000303875 0.0000000035 0 0 0
2651674 1 125 0.1670879024 0.0002550960 0.0000003895 0 0 0
2651908 1 125 0.0498953450 0.0002132280 0.0000009112 0 0 0
2652438 1 141 0.1991059650 0.0003756716 0.0000007088 0 0 0
2652688 1 125 0.2908063500 0.0011632254 0.0000046529 0 0 0
2653483 1 110 0.2137616579 0.0002688826 0.0000003382 0 0 0
2653998 1 141 0.0625943068 0.0001215423 0.0000002360 0 0 0
2654529 1 124 0.0345981749 0.0000651566 0.0000001227 0 0 0
2654997 1 140 0.0338918463 0.0000724185 0.0000001547 0 0 0
2672874 1 109 0.0473236073 0.0000056385 0.0000000007 0 0 0
2673654 1 109 0.0787664275 0.0001009826 0.0000001295 0 0 0
2676712 1 125 0.2051443798 0.0000670845 0.0000000219 0 0 0
2679504 1 110 0.2988372430 0.0001070334 0.0000000383 0 0 0
2679754 1 125 0.2942635265 0.0011770541 0.0000047082 0 0 0
2680082 1 109 0.1070656125 0.0003264196 0.0000009952 0 0 0
2680940 1 124 0.5331796290 0.0006214215 0.0000007243 0 0 0
2681189 1 125 0.0340246424 0.0001366452 0.0000005488 0 0 0
2682328 1 109 0.0899195777 0.0000789461 0.0000000693 0 0 0
2690939 1 141 0.2257006389 0.0008032051 0.0000028584 0 0 0
2691267 1 125 0.3126284063 0.0009531354 0.0000029059 0 0 0
2692686 1 94 0.2315634117 0.0001631877 0.0000001150 0 0 0
2693201 1 141 0.3109823453 0.0006038492 0.0000011725 0 0 0
2693451 1 109 0.1215217940 0.0004860872 0.0000019443 0 0 0
2694387 4 67423 0.0000000000 0.0000000000 0.0000000000 0 0 0
2778518 1 141 0.0670602332 0.0000007971 0.0000000000 0 0 0
2785351 1 109 0.2835185138 0.0000414925 0.0000000061 0 0 0
2785616 1 125 0.0439881292 0.0001659929 0.0000006264 0 0 0
2786849 1 140 0.1933346560 0.0001568002 0.0000001272 0 0 0
2788019 1 140 0.2701655589 0.0002309107 0.0000001974 0 0 0
2788253 1 124 0.2415174548 0.0010321259 0.0000044108 0 0 0
2788549 1 140 0.1449016121 0.0004895325 0.0000016538 0 0 0
2788783 1 109 0.0431582030 0.0001844368 0.0000007882 0 0 0
2789984 1 109 0.1191360607 0.0000991974 0.0000000826 0 0 0
2790171 1 125 0.0783374901 0.0004189171 0.0000022402 0 0 0
2790405 1 110 0.0427350427 0.0001826284 0.0000007805 0 0 0
2791170 1 140 0.0931550686 0.0001217713 0.0000001592 0 0 0
2791404 1 125 0.0487786904 0.0002084559 0.0000008908 0 0 0
2791747 1 125 0.0539314096 0.0001572344 0.0000004584 0 0 0
2792792 1 125 0.0959834854 0.0000918502 0.0000000879 0 0 0
2793011 1 140 0.0569967088 0.0002602589 0.0000011884 0 0 0
2794243 1 125 0.0392205183 0.0000318348 0.0000000258 0 0 0
2795600 1 109 0.2168677824 0.0001598141 0.0000001178 0 0 0
2795834 1 125 0.1020784167 0.0004362326 0.0000018642 0 0 0
2796193 1 125 0.1793014239 0.0004994469 0.0000013912 0 0 0
2797113 1 125 0.1239022834 0.0001346764 0.0000001464 0 0 0
2797425 1 94 0.0489894075 0.0001570173 0.0000005033 0 0 0
2797659 1 141 0.0631341332 0.0002698040 0.0000011530 0 0 0
2797925 1 124 0.0941066005 0.0003537842 0.0000013300 0 0 0
2798361 1 110 0.0183486239 0.0000420840 0.0000000965 0 0 0
2799672 1 109 0.1083743842 0.0005338640 0.0000026299 0 0 0
2800701 1 94 0.4870971659 0.0004733695 0.0000004600 0 0 0
2800935 1 125 0.0907127041 0.0003876611 0.0000016567 0 0 0
2801575 1 94 0.1551042587 0.0002423504 0.0000003787 0 0 0
2801793 1 125 0.1042141114 0.0004780464 0.0000021929 0 0 0
2803073 1 140 0.1253674747 0.0000979433 0.0000000765 0 0 0
2804321 1 140 0.2995747170 0.0002400438 0.0000001923 0 0 0
2804867 1 93 0.2152010760 0.0008608043 0.0000034432 0 0 0
2806910 1 141 0.0462463041 0.0000411810 0.0000000367 0 0 0
2807784 1 125 0.1313918011 0.0001503339 0.0000001720 0 0 0
2817862 1 93 0.3277891360 0.0000325252 0.0000000032 0 0 0
2838906 1 109 0.0890090309 0.0000145916 0.0000000024 0 0 0
2839281 1 93 0.0525871425 0.0001402324 0.0000003740 0 0 0
2856051 1 93 0.3864893152 0.0000499469 0.0000000065 0 0 0
2857985 1 109 0.6170232552 0.0009888193 0.0000015846 0 0 0
2858157 1 93 0.0000000000 0.0000000000 0.0000000000 0 0 0
2858827 0 110 0.5815359947 0.0008679642 0.0000012955 0 0 0
2861495 2 406 0.1847745555 0.0001538506 0.0000001281 109 172 125
2867267 1 109 0.3482651562 0.0000603370 0.0000000105 0 0 0
2868016 1 125 0.1158986067 0.0001547378 0.0000002066 0 0 0
2879513 1 125 0.1856273897 0.0000161457 0.0000000014 0 0 0
2881604 1 93 0.0658741284 0.0000315036 0.0000000151 0 0 0
2882087 1 141 0.0553100966 0.0001145137 0.0000002371 0 0 0
2883164 1 93 0.0480475011 0.0000446124 0.0000000414 0 0 0
2893553 1 109 0.0329747312 0.0000095662 0.0000000028 0 0 0
2896642 1 109 0.3094266881 0.0001001705 0.0000000324 0 0 0
2900995 1 124 0.2971613812 0.0000682659 0.0000000157 0 0 0
2901291 1 125 0.0298257673 0.0001007627 0.0000003404 0 0 0
2901665 1 141 0.0240641711 0.0000643427 0.0000001720 0 0 0
2907359 1 125 0.1357930159 0.0000238484 0.0000000042 0 0 0
2908670 0 93 0.2959815601 0.0002257678 0.0000001722 0 0 0
2909356 3 1014 0.6112429172 0.0008910247 0.0000012989 0 0 0
2910823 1 109 0.1405062422 0.0000957779 0.0000000653 0 0 0
2911462 0 109 0.2586507517 0.0004047743 0.0000006334 0 0 0
2914769 1 94 0.5211492712 0.0001575897 0.0000000477 0 0 0
2915191 1 140 0.2389193970 0.0005661597 0.0000013416 0 0 0
2922538 1 125 0.0876997132 0.0000224871 0.0000000058 0 0 0
2924145 1 140 0.0099965744 0.0000062206 0.0000000039 0 0 0
2929855 1 109 0.1119527531 0.0000196064 0.0000000034 0 0 0
2940666 1 124 0.0223785340 0.0000050334 0.0000000011 0 0 0
2948606 1 140 0.2927188711 0.0001144327 0.0000000447 0 0 0
2951149 0 93 0.3705375165 0.0004947096 0.0000006605 0 0 0
2951679 1 109 0.2689678968 0.0005074866 0.0000009575 0 0 0
2953146 2 561 0.4472527458 0.0003048758 0.0000002078 109 359 93
2964861 1 94 0.2457892991 0.0000539603 0.0000000118 0 0 0
2965766 1 125 0.7074535733 0.0007817167 0.0000008638 0 0 0
2967420 0 109 0.1666405069 0.0001007500 0.0000000609 0 0 0
2968044 2 530 0.4606777662 0.0007382657 0.0000011831 109 312 109
2973894 1 125 0.4645272909 0.0000794064 0.0000000136 0 0 0
2974549 3 125 0.1343901039 0.0002051757 0.0000003132 0 0 0
2979806 1 109 0.0571613873 0.0000431081 0.0000000325 0 0 0
2980399 3 109 0.1971045060 0.0003323853 0.0000005605 0 0 0
2990882 3 1826 0.2004229127 0.0000191189 0.0000000018 0 0 0
2996311 1 141 0.1417677414 0.0000428690 0.0000000130 0 0 0
3000991 1 125 0.1348999776 0.0000355843 0.0000000094 0 0 0
3004610 1 125 0.1459477292 0.0000403282 0.0000000111 0 0 0
3005406 1 94 0.3336879879 0.0004192060 0.0000005266 0 0 0
3010164 1 94 0.0511514491 0.0000223077 0.0000000097 0 0 0
3020616 4 47799 0.0000000000 0.0000000000 0.0000000000 0 0 0
3069335 0 94 0.0289425712 0.0000005941 0.0000000000 0 0 0
3071067 0 93 0.4639821234 0.0002678881 0.0000001547 0 0 0
3071706 0 78 0.7387554601 0.0011561118 0.0000018093 0 0 0
3073298 4 38267 0.0000000000 0.0000000000 0.0000000000 0 0 0
3112001 3 94 0.0072779131 0.0000001880 0.0000000000 0 0 0
3140300 1 140 0.1422819345 0.0000256919 0.0000000046 0 0 0
3146587 1 109 0.3358043642 0.0000534125 0.0000000085 0 0 0
3148537 1 125 0.2468835671 0.0001266070 0.0000000649 0 0 0
3149816 2 437 0.3441864488 0.0002691059 0.0000002104 109 188 140
3150409 0 125 0.0000000000 0.0000000000 0.0000000000 0 0 0
3155495 1 140 0.6677179713 0.0001312855 0.0000000258 0 0 0
3156509 1 109 0.4086670738 0.0004030247 0.0000003975 0 0 0
3157445 2 421 0.6696933084 0.0007154843 0.0000007644 93 187 141
3158037 0 125 0.1072806701 0.0001812173 0.0000003061 0 0 0
3165198 1 109 0.3233864185 0.0000451594 0.0000000063 0 0 0
3165962 1 141 0.0350187255 0.0000458360 0.0000000600 0 0 0
3167787 0 110 0.2817574743 0.0001543877 0.0000000846 0 0 0
3168630 0 78 0.6302387722 0.0007476142 0.0000008868 0 0 0
3169176 1 109 0.4547247074 0.0008328291 0.0000015253 0 0 0
3169862 2 546 0.3611659593 0.0005264810 0.0000007675 109 344 93
3175073 1 109 0.0399396653 0.0000076645 0.0000000015 0 0 0
3180314 0 110 0.2522693070 0.0001371029 0.0000000745 0 0 0
3181016 0 94 0.5823822395 0.0008296043 0.0000011818 0 0 0
3181687 0 125 0.2407987901 0.0003588656 0.0000005348 0 0 0
3182467 2 546 0.3053658991 0.0003914947 0.0000005019 78 375 93
3186055 1 109 0.1907717946 0.0000531694 0.0000000148 0 0 0
3186757 3 109 0.4352485500 0.0006200122 0.0000008832 0 0 0
3187490 0 94 0.4216905409 0.0005752941 0.0000007848 0 0 0
3189503 1 109 0.4414060302 0.0002192777 0.0000001089 0 0 0
3190330 2 374 0.2919263218 0.0003529943 0.0000004268 93 156 125
3190766 2 312 0.0000000000 0.0000000000 0.0000000000 110 78 124
3196944 4 14961 0.0000000000 0.0000000000 0.0000000000 0 0 0
3214947 4 8580 0.0000000000 0.0000000000 0.0000000000 0 0 0
3226007 4 5507 0.0000000000 0.0000000000 0.0000000000 0 0 0
3240297 4 28844 0.0000000000 0.0000000000 0.0000000000 0 0 0
3287035 4 5413 0.0000000000 0.0000000000 0.0000000000 0 0 0
3294460 1 94 0.1181738309 0.0000159157 0.0000000021 0 0 0
3296129 1 110 0.0466057929 0.0000279244 0.0000000167 0 0 0
3296504 1 140 0.0528861974 0.0001410299 0.0000003761 0 0 0
3296863 1 109 0.0743260189 0.0002070363 0.0000005767 0 0 0
3301496 1 125 0.2518587462 0.0000543619 0.0000000117 0 0 0
3312510 1 109 0.3030147490 0.0000295192 0.0000000029 0 0 0
3314023 2 593 0.2462488008 0.0001627553 0.0000001076 78 421 94
3315130 0 78 0.2858000417 0.0002581753 0.0000002332 0 0 0
3315536 1 109 0.3499752897 0.0008620081 0.0000021232 0 0 0
3316066 0 78 0.4912352356 0.0009268589 0.0000017488 0 0 0
3318734 1 140 0.5530759784 0.0006011695 0.0000006534 0 0 0
3319374 0 93 0.4556553156 0.0007119614 0.0000011124 0 0 0
3324771 1 94 0.0895257332 0.0000244205 0.0000000067 0 0 0
3325068 1 109 0.0538720539 0.0001813874 0.0000006107 0 0 0
3325738 1 125 0.0140311178 0.0000359772 0.0000000922 0 0 0
3330980 1 94 0.0430039788 0.0000082037 0.0000000016 0 0 0
3331245 1 109 0.0911746312 0.0003440552 0.0000012983 0 0 0
3331495 1 140 0.1265277425 0.0005061110 0.0000020244 0 0 0
3331776 1 140 0.0071174377 0.0000253290 0.0000000901 0 0 0
3332868 1 140 0.0392888204 0.0000359788 0.0000000329 0 0 0
3333585 1 141 0.0410382465 0.0000572360 0.0000000798 0 0 0
3337236 1 140 0.1340583675 0.0000533672 0.0000000212 0 0 0
3338156 0 94 0.2560160412 0.0002782783 0.0000003025 0 0 0
3339373 1 109 0.6396106259 0.0009532200 0.0000014206 0 0 0
3339888 0 109 0.2830213764 0.0005495561 0.0000010671 0 0 0
3341869 1 94 0.3116250585 0.0001573069 0.0000000794 0 0 0
3342150 1 109 0.1479590435 0.0005265446 0.0000018738 0 0 0
3346315 1 125 0.1180792275 0.0000283504 0.0000000068 0 0 0
3346627 1 140 0.0872807060 0.0002797459 0.0000008966 0 0 0
3346861 1 140 0.1751606111 0.0007485496 0.0000031989 0 0 0
3347781 1 110 0.0387330583 0.0000421012 0.0000000458 0 0 0
3350652 1 140 0.5142279689 0.0002154286 0.0000000903 0 0 0
3351572 0 94 0.2207295203 0.0002399234 0.0000002608 0 0 0
3352025 3 374 0.5574448423 0.0012305626 0.0000027165 0 0 0
3353413 0 94 0.3248224322 0.0006307232 0.0000012247 0 0 0
3355753 1 94 0.4656948118 0.0001990149 0.0000000850 0 0 0
3356190 1 125 0.2035056512 0.0004656880 0.0000010656 0 0 0
3356486 1 125 0.0828746838 0.0002799820 0.0000009459 0 0 0
3356814 1 140 0.1224152732 0.0003732173 0.0000011379 0 0 0
3357188 1 125 0.0204728723 0.0000547403 0.0000001464 0 0 0
3372898 1 124 0.2636815697 0.0000299128 0.0000000034 0 0 0
3373958 1 141 0.2627504973 0.0002478778 0.0000002338 0 0 0
3379980 4 5538 0.0000000000 0.0000000000 0.0000000000 0 0 0
3389933 0 78 0.0134694405 0.0000013533 0.0000000001 0 0 0
3390026 4 75302 0.0000000000 0.0000000000 0.0000000000 0 0 0
3473471 1 125 0.1979995027 0.0000263332 0.0000000035 0 0 0
3492738 1 140 0.1169354551 0.0000706986 0.0000000427 0 0 0
3493627 1 140 0.1236600747 0.0001391002 0.0000001565 0 0 0
3494563 1 125 0.1642456583 0.0001754761 0.0000001875 0 0 0
3498260 1 125 0.4008802249 0.0001084339 0.0000000293 0 0 0
3501895 1 140 0.0087597971 0.0000040386 0.0000000019 0 0 0
3510537 1 125 0.2036703798 0.0000821252 0.0000000331 0 0 0
3512581 1 140 0.1394115625 0.0000682053 0.0000000334 0 0 0
3512955 1 125 0.1073571621 0.0002870512 0.0000007675 0 0 0
3518337 1 94 0.2821121000 0.0002621860 0.0000002437 0 0 0
3518696 1 125 0.1039371371 0.0002895185 0.0000008065 0 0 0
3524593 1 140 0.2103693326 0.0000356740 0.0000000060 0 0 0
3526325 1 93 0.0537292876 0.0000310215 0.0000000179 0 0 0
3530037 1 125 0.3248129943 0.0000875035 0.0000000236 0 0 0
3531738 1 109 0.2111149590 0.0001241123 0.0000000730 0 0 0
3532112 1 94 0.0888944856 0.0002376858 0.0000006355 0 0 0
3532424 1 125 0.2192254668 0.0007026457 0.0000022521 0 0 0
3532970 1 125 0.4173764600 0.0007644258 0.0000014000 0 0 0
3533469 1 110 0.1949125155 0.0003906062 0.0000007828 0 0 0
3534031 1 125 0.4263461033 0.0007586230 0.0000013499 0 0 0
3534593 1 124 0.1345581988 0.0002394274 0.0000004260 0 0 0
3535794 1 125 0.6010065628 0.0005004218 0.0000004167 0 0 0
3536589 1 141 0.2938597990 0.0003696350 0.0000004649 0 0 0
3539429 1 93 0.3967703535 0.0001397079 0.0000000492 0 0 0
3540879 1 125 0.3948366240 0.0002723011 0.0000001878 0 0 0
3542720 1 125 0.2690554498 0.0001461464 0.0000000794 0 0 0
3544436 0 109 0.2852337313 0.0001662201 0.0000000969 0 0 0
3545029 1 94 0.3686503638 0.0006216701 0.0000010483 0 0 0
3545201 1 124 0.0198500789 0.0001154074 0.0000006710 0 0 0
3545965 0 109 0.2738649885 0.0003584620 0.0000004692 0 0 0
3546917 1 93 0.1732420034 0.0001819769 0.0000001912 0 0 0
3547837 0 94 0.5889035168 0.0006401125 0.0000006958 0 0 0
3548445 3 968 0.4788837234 0.0007876377 0.0000012955 0 0 0
3549803 1 93 0.2029508971 0.0001494484 0.0000001101 0 0 0
3549990 1 140 0.3054368915 0.0016333524 0.0000087345 0 0 0
3550505 1 109 0.5231694537 0.0010158630 0.0000019725 0 0 0
3551597 1 109 0.3828224554 0.0003505700 0.0000003210 0 0 0
3557150 0 78 0.1708884905 0.0000307741 0.0000000055 0 0 0
3563890 0 109 0.5484104971 0.0000813665 0.0000000121 0 0 0
3570083 0 109 0.4668989408 0.0000753914 0.0000000122 0 0 0
3571736 0 94 0.3108524738 0.0001880535 0.0000001138 0 0 0
3572766 0 109 0.2010250834 0.0001951700 0.0000001895 0 0 0
3575356 0 93 0.2751642495 0.0001062410 0.0000000410 0 0 0
3576900 2 343 0.1990968829 0.0001289488 0.0000000835 109 94 140
3592594 0 93 0.0471578439 0.0000351400 0.0000000262 0 0 0
3593171 3 312 0.1102970691 0.0001911561 0.0000003313 0 0 0
3593545 4 7473 0.0000000000 0.0000000000 0.0000000000 0 0 0
3602047 0 110 0.0358164361 0.0000042127 0.0000000005 0 0 0
3604746 0 78 0.1105193310 0.0000409483 0.0000000152 0 0 0
3608677 0 78 0.8086421888 0.0004356908 0.0000002347 0 0 0
