101.1918367347 15.1085843518
105.5000000000 13.1244047484
232.4807692308 34.8615340060
83.7692307692 15.8934134696
58.2500000000 28.1061689095
90.4615384615 13.1082204661
0.3084085185 0.2768395759
0.0001521370 0.0002010068
0.0000001273 0.0000002661

1140 0 110 1.0846409487 0.0009514394 0.0000008346 0 0 0
2125 0 93 1.0381604536 0.0010539700 0.0000010700 0 0 0
9562 0 125 0.1802358123 0.0000381936 0.0000000081 0 0 0
14625 2 218 0.5381319822 0.0002550389 0.0000001209 62 63 93
15906 2 250 0.0904153847 0.0000705819 0.0000000551 78 62 110
17859 2 187 0.0391811383 0.0000200620 0.0000000103 62 63 62
19703 2 218 0.0427792151 0.0000231991 0.0000000126 78 47 93
21250 2 234 0.1500991506 0.0000970260 0.0000000627 78 62 94
28906 0 78 0.2800940493 0.0000814701 0.0000000237 0 0 0
37562 3 922 0.3226970202 0.0000565837 0.0000000099 0 0 0
40937 0 109 0.2906075404 0.0000861059 0.0000000255 0 0 0
44812 0 109 0.7593926301 0.0001959723 0.0000000506 0 0 0
51265 4 82922 0.0000000000 0.0000000000 0.0000000000 0 0 0
135796 0 110 0.0296044383 0.0000003502 0.0000000000 0 0 0
141609 3 1734 0.4079152330 0.0000701729 0.0000000121 0 0 0
143515 0 94 0.0147772954 0.0000077530 0.0000000041 0 0 0
144125 1 125 0.1136144441 0.0001862532 0.0000003053 0 0 0
144750 2 281 0.0321348159 0.0000514157 0.0000000823 62 125 94
145250 2 218 0.0246275104 0.0000492550 0.0000000985 62 31 125
147062 3 1047 0.0514527640 0.0000283956 0.0000000157 0 0 0
152484 0 94 0.1116932834 0.0000785466 0.0000000552 0 0 0
156421 0 94 0.2089943009 0.0000530847 0.0000000135 0 0 0
169171 0 110 0.3709915572 0.0000290974 0.0000000023 0 0 0
186812 0 78 0.4951157860 0.0000752684 0.0000000114 0 0 0
196281 3 875 0.5775035330 0.0001848011 0.0000000591 0 0 0
197781 0 109 0.4241264259 0.0002827510 0.0000001885 0 0 0
205812 4 21953 0.0000000000 0.0000000000 0.0000000000 0 0 0
233156 3 3500 0.0652331714 0.0000224478 0.0000000077 0 0 0
238265 3 875 0.6310278580 0.0001235130 0.0000000242 0 0 0
239765 0 125 0.5504646126 0.0003669764 0.0000002447 0 0 0
252578 0 109 0.2101139053 0.0000411182 0.0000000080 0 0 0
265000 0 125 0.1243995361 0.0000209497 0.0000000035 0 0 0
265968 0 125 0.0802467397 0.0000828995 0.0000000856 0 0 0
266812 0 109 0.0902464801 0.0001069271 0.0000001267 0 0 0
267609 0 109 0.1139114157 0.0001429252 0.0000001793 0 0 0
268218 0 94 0.0942379599 0.0001547421 0.0000002541 0 0 0
275703 0 125 0.1717574787 0.0000229469 0.0000000031 0 0 0
287812 4 41625 0.0000000000 0.0000000000 0.0000000000 0 0 0
330500 0 109 0.0703789242 0.0000016487 0.0000000000 0 0 0
331468 0 78 0.2052481702 0.0002120332 0.0000002190 0 0 0
338812 0 109 0.6375736227 0.0000868156 0.0000000118 0 0 0
344718 0 110 0.3420951170 0.0000579233 0.0000000098 0 0 0
351031 0 109 0.5259528887 0.0001051906 0.0000000210 0 0 0
352328 0 93 0.1150234593 0.0000886842 0.0000000684 0 0 0
353000 0 93 0.3172730631 0.0004721325 0.0000007026 0 0 0
354234 0 78 0.6119708933 0.0004959245 0.0000004019 0 0 0
358875 0 109 0.6889395133 0.0002332226 0.0000000790 0 0 0
362375 4 5796 0.0000000000 0.0000000000 0.0000000000 0 0 0
369890 0 78 0.3851112384 0.0000512457 0.0000000068 0 0 0
375671 2 219 0.4772145836 0.0004628657 0.0000004489 79 62 78
377312 0 94 0.0000000000 0.0000000000 0.0000000000 0 0 0
378187 2 250 0.0411140993 0.0000469875 0.0000000537 109 32 109
381187 3 328 0.0569211078 0.0000189737 0.0000000063 0 0 0
386093 0 94 0.1535036554 0.0000392995 0.0000000101 0 0 0
388171 2 219 0.6815714264 0.0006515979 0.0000006229 79 62 78
389109 2 234 0.6565066214 0.0006999004 0.0000007462 94 47 93
392671 2 204 0.0508845450 0.0000142854 0.0000000040 79 46 79
393531 2 219 0.0765651239 0.0000890292 0.0000001035 78 62 79
396187 3 1344 0.3446616432 0.0001297672 0.0000000489 0 0 0
398031 0 109 0.2660797541 0.0001442949 0.0000000783 0 0 0
398812 0 94 0.2613219426 0.0003345992 0.0000004284 0 0 0
398984 1 94 0.0000000000 0.0000000000 0.0000000000 0 0 0
401093 4 7078 0.0000000000 0.0000000000 0.0000000000 0 0 0
408171 0 94 0.0000000000 0.0000000000 0.0000000000 0 0 0
409500 3 1437 0.3520192015 0.0002648752 0.0000001993 0 0 0
414671 0 125 0.8410346927 0.0001626445 0.0000000315 0 0 0
422171 3 813 0.0124709636 0.0000041363 0.0000000014 0 0 0
424906 0 78 0.4389653370 0.0001604992 0.0000000587 0 0 0
427093 4 99875 0.0000000000 0.0000000000 0.0000000000 0 0 0
529578 0 109 0.0257358772 0.0000002511 0.0000000000 0 0 0
535562 0 78 0.4434812188 0.0000741112 0.0000000124 0 0 0
538015 3 469 0.2732173628 0.0001113809 0.0000000454 0 0 0
538828 2 218 0.0640061897 0.0000787284 0.0000000968 78 47 93
539531 2 219 0.3774338614 0.0005368903 0.0000007637 94 46 79
541781 2 219 0.0602015888 0.0000267563 0.0000000119 78 47 94
543312 2 188 0.0603084773 0.0000393916 0.0000000257 63 62 63
543875 2 203 0.0705049043 0.0001252307 0.0000002224 62 63 78
545203 2 281 0.0178138963 0.0000134141 0.0000000101 109 47 125
546125 2 234 0.0239311227 0.0000259557 0.0000000282 78 62 94
549484 2 219 0.6870302834 0.0002045342 0.0000000609 78 47 94
550656 0 78 0.9060513655 0.0007730814 0.0000006596 0 0 0
573406 0 94 0.1580283380 0.0000072553 0.0000000003 0 0 0
573953 4 8875 0.0000000000 0.0000000000 0.0000000000 0 0 0
584531 0 109 0.1710351638 0.0000161690 0.0000000015 0 0 0
584640 4 5703 0.0000000000 0.0000000000 0.0000000000 0 0 0
593406 0 109 0.1033619358 0.0000117912 0.0000000013 0 0 0
604328 0 109 0.4898140088 0.0000448465 0.0000000041 0 0 0
619734 4 46219 0.0000000000 0.0000000000 0.0000000000 0 0 0
666640 4 34000 0.0000000000 0.0000000000 0.0000000000 0 0 0
702343 3 657 0.1285867072 0.0000036016 0.0000000001 0 0 0
703000 4 12265 0.0000000000 0.0000000000 0.0000000000 0 0 0
717343 0 94 0.2848267561 0.0000198582 0.0000000014 0 0 0
723265 2 235 0.7455925946 0.0005024209 0.0000003386 94 31 110
725046 0 110 0.0000000000 0.0000000000 0.0000000000 0 0 0
726078 2 203 0.0626155566 0.0000606740 0.0000000588 62 63 78
727468 2 219 0.0438376426 0.0000315379 0.0000000227 63 62 94
728109 2 234 0.0674315538 0.0001051974 0.0000001641 109 32 93
729390 2 219 0.0199858035 0.0000156017 0.0000000122 78 47 94
735828 0 109 0.2147299099 0.0001388041 0.0000000897 0 0 0
741593 3 1344 0.3382571891 0.0000586743 0.0000000102 0 0 0
744046 0 110 0.1819610792 0.0000741790 0.0000000302 0 0 0
747546 0 125 0.1249693043 0.0000357055 0.0000000102 0 0 0
752453 0 125 0.1176029083 0.0000239664 0.0000000049 0 0 0
755843 0 94 0.0839419021 0.0001343070 0.0000002149 0 0 0
779796 0 110 0.1881248435 0.0000082410 0.0000000004 0 0 0
781546 0 110 0.2239816810 0.0001279895 0.0000000731 0 0 0
803875 0 125 0.3772513646 0.0000168951 0.0000000008 0 0 0
804156 4 10125 0.0000000000 0.0000000000 0.0000000000 0 0 0
814984 0 94 0.0319134209 0.0000029473 0.0000000003 0 0 0
819437 4 9531 0.0000000000 0.0000000000 0.0000000000 0 0 0
842531 0 109 0.4777295302 0.0001462736 0.0000000448 0 0 0
848093 0 94 1.0215666271 0.0001836689 0.0000000330 0 0 0
867859 0 94 0.1314731460 0.0000066515 0.0000000003 0 0 0
869031 0 125 0.4938084125 0.0004213382 0.0000003595 0 0 0
871046 0 125 0.6005839804 0.0002980566 0.0000001479 0 0 0
880875 0 109 0.0984655477 0.0000100179 0.0000000010 0 0 0
898250 0 93 0.1574528940 0.0000127709 0.0000000010 0 0 0
908109 0 78 0.1283095784 0.0000130145 0.0000000013 0 0 0
916984 0 78 0.1403452820 0.0000158136 0.0000000018 0 0 0
917625 2 250 0.0015600624 0.0000024338 0.0000000038 109 47 94
921859 0 94 0.4644120352 0.0003417307 0.0000002515 0 0 0
924156 0 94 0.6542744243 0.0002848387 0.0000001240 0 0 0
926781 0 109 0.4740465347 0.0001805892 0.0000000688 0 0 0
931812 0 94 0.1773219729 0.0000352459 0.0000000070 0 0 0
940031 0 78 0.0000000000 0.0000000000 0.0000000000 0 0 0
941484 0 78 0.1580126391 0.0001087492 0.0000000748 0 0 0
948843 4 169985 0.0000000000 0.0000000000 0.0000000000 0 0 0
1128703 0 93 0.0456243811 0.0000002537 0.0000000000 0 0 0
1128796 4 5375 0.0000000000 0.0000000000 0.0000000000 0 0 0
1135937 0 109 0.3847749393 0.0000538825 0.0000000075 0 0 0
1138562 4 6719 0.0000000000 0.0000000000 0.0000000000 0 0 0
1151687 0 109 0.1134286279 0.0000206836 0.0000000038 0 0 0
1153031 3 4250 0.0247702886 0.0000184303 0.0000000137 0 0 0
1158593 0 125 0.3429375995 0.0000616572 0.0000000111 0 0 0
1159484 0 78 0.2506158499 0.0002812748 0.0000003157 0 0 0
1160578 0 93 0.4097165230 0.0003745124 0.0000003423 0 0 0
1161468 0 110 0.1501329498 0.0001686887 0.0000001895 0 0 0
1163531 3 906 0.4435080983 0.0002149821 0.0000001042 0 0 0
1165046 2 219 0.0612356953 0.0000404196 0.0000000267 94 31 94
1167140 2 235 0.2529718289 0.0001208079 0.0000000577 94 47 94
1168031 2 203 0.0578972435 0.0000649801 0.0000000729 62 63 78
1169203 2 218 0.0688154515 0.0000587163 0.0000000501 78 47 93
1169781 2 203 0.0889177667 0.0001538370 0.0000002662 78 47 78
1170765 0 110 0.3889430614 0.0003952673 0.0000004017 0 0 0
1171703 0 109 0.1108696834 0.0001181980 0.0000001260 0 0 0
1174937 0 78 0.6583409480 0.0002035686 0.0000000629 0 0 0
1188203 0 109 0.4014675161 0.0001476526 0.0000000543 0 0 0
1198718 0 94 0.1287394471 0.0000153719 0.0000000018 0 0 0
1199734 0 78 0.4646527287 0.0004573354 0.0000004501 0 0 0
1202062 4 5359 0.0000000000 0.0000000000 0.0000000000 0 0 0
1208484 0 125 0.1265676450 0.0000197084 0.0000000031 0 0 0
1213515 0 125 0.0544775536 0.0000108284 0.0000000022 0 0 0
1217718 0 110 0.2392868822 0.0000569324 0.0000000135 0 0 0
1229750 0 125 0.3021623714 0.0000878890 0.0000000256 0 0 0
1233859 0 78 0.4134592135 0.0001006228 0.0000000245 0 0 0
1235015 0 78 0.8883029572 0.0007684282 0.0000006647 0 0 0
1236671 0 125 0.8162876599 0.0004929273 0.0000002977 0 0 0
1241000 0 125 0.7705573103 0.0001779989 0.0000000411 0 0 0
1242250 0 109 0.1313933859 0.0001051147 0.0000000841 0 0 0
1243328 0 93 0.1181157898 0.0001095694 0.0000001016 0 0 0
1244593 0 110 0.1374572654 0.0001086619 0.0000000859 0 0 0
1245812 0 94 0.0000000000 0.0000000000 0.0000000000 0 0 0
1250890 4 6656 0.0000000000 0.0000000000 0.0000000000 0 0 0
1257843 0 94 0.0001438228 0.0000000207 0.0000000000 0 0 0
1264000 3 1125 0.1738515514 0.0000282364 0.0000000046 0 0 0
1267562 0 94 0.2633054449 0.0000739207 0.0000000208 0 0 0
1268968 0 94 0.1258859855 0.0000895348 0.0000000637 0 0 0
1270031 0 78 0.5837130858 0.0005491186 0.0000005166 0 0 0
1272375 0 93 0.2771868783 0.0001182538 0.0000000504 0 0 0
1273000 0 78 0.1022844299 0.0001636551 0.0000002618 0 0 0
1274359 0 78 0.8204337912 0.0006037040 0.0000004442 0 0 0
1278062 2 203 0.6030653532 0.0006223585 0.0000006423 78 47 78
1279031 2 234 0.1730239996 0.0001785593 0.0000001843 78 62 94
1280609 2 203 0.0584408607 0.0000370348 0.0000000235 62 63 78
1282000 2 218 0.0760551896 0.0000546766 0.0000000393 93 47 78
1283406 0 94 0.2979077775 0.0002118832 0.0000001507 0 0 0
1289281 0 78 0.0843184606 0.0000143521 0.0000000024 0 0 0
1290890 0 94 0.2446191294 0.0001520318 0.0000000945 0 0 0
1291140 4 8094 0.0000000000 0.0000000000 0.0000000000 0 0 0
1301625 0 109 0.1789117188 0.0000170636 0.0000000016 0 0 0
1302937 0 94 0.0979099904 0.0000746265 0.0000000569 0 0 0
1309234 0 109 0.3091491982 0.0000490947 0.0000000078 0 0 0
1315734 0 125 0.9928205060 0.0002738815 0.0000000756 0 0 0
1317734 4 14031 0.0000000000 0.0000000000 0.0000000000 0 0 0
1331781 4 51344 0.0000000000 0.0000000000 0.0000000000 0 0 0
1388328 4 127578 0.0000000000 0.0000000000 0.0000000000 0 0 0
1519046 0 110 0.0453859385 0.0000003472 0.0000000000 0 0 0
1521171 0 79 0.1502451754 0.0001248921 0.0000001038 0 0 0
1522828 0 93 0.2872145119 0.0001733340 0.0000001046 0 0 0
1537140 0 94 0.1591875737 0.0000111227 0.0000000008 0 0 0
1559265 4 56250 0.0000000000 0.0000000000 0.0000000000 0 0 0
1619031 0 109 0.0294967571 0.0000004935 0.0000000000 0 0 0
1621437 2 250 0.3648203379 0.0003893493 0.0000004155 109 47 94
1622796 2 250 0.0442816717 0.0000325840 0.0000000240 94 63 93
1624031 2 234 0.0541662620 0.0000438593 0.0000000355 94 46 94
1625656 2 328 0.0187049989 0.0000115108 0.0000000071 94 109 125
1631890 4 10219 0.0000000000 0.0000000000 0.0000000000 0 0 0
1644265 2 406 0.0214367044 0.0000017323 0.0000000001 94 219 93
1645296 2 219 0.0000000000 0.0000000000 0.0000000000 63 62 94
1648921 3 1282 0.0595450349 0.0000164262 0.0000000045 0 0 0
1650765 0 94 0.0607431219 0.0000329410 0.0000000179 0 0 0
1651453 3 812 0.1278274945 0.0001857958 0.0000002701 0 0 0
1652500 0 78 0.1332090251 0.0001272293 0.0000001215 0 0 0
1653203 3 1109 0.1441245012 0.0002050135 0.0000002916 0 0 0
1654703 2 234 0.0215627065 0.0000143751 0.0000000096 78 62 94
1659984 0 109 0.6830252714 0.0001293364 0.0000000245 0 0 0
1665015 0 125 0.2457693235 0.0000488510 0.0000000097 0 0 0
1668109 0 109 0.4021825413 0.0001299879 0.0000000420 0 0 0
1671812 3 500 0.2658832260 0.0000718021 0.0000000194 0 0 0
1680562 0 125 0.3531047455 0.0000403548 0.0000000046 0 0 0
1685671 0 94 0.1400714541 0.0000274166 0.0000000054 0 0 0
1689812 4 5500 0.0000000000 0.0000000000 0.0000000000 0 0 0
1711109 0 109 0.8371040028 0.0001628290 0.0000000317 0 0 0
1713796 4 23641 0.0000000000 0.0000000000 0.0000000000 0 0 0
1743765 1 110 0.5323065577 0.0000177619 0.0000000006 0 0 0
1746859 0 109 0.1610039376 0.0000520375 0.0000000168 0 0 0
1756062 0 125 0.6158612922 0.0001388013 0.0000000313 0 0 0
1776750 0 125 0.6045515406 0.0000906102 0.0000000136 0 0 0
1777750 4 82828 0.0000000000 0.0000000000 0.0000000000 0 0 0
1861281 0 78 0.0125986816 0.0000001508 0.0000000000 0 0 0
1862640 0 94 0.5388686059 0.0003965185 0.0000002918 0 0 0
1862734 4 31016 0.0000000000 0.0000000000 0.0000000000 0 0 0
1899640 0 94 0.1857103524 0.0000050320 0.0000000001 0 0 0
1925515 4 10016 0.0000000000 0.0000000000 0.0000000000 0 0 0
1938546 4 14422 0.0000000000 0.0000000000 0.0000000000 0 0 0
1957000 0 109 0.4721192366 0.0002673382 0.0000001514 0 0 0
1962140 0 110 0.0509142723 0.0000237917 0.0000000111 0 0 0
1964078 0 109 0.1937309435 0.0000999644 0.0000000516 0 0 0
1967000 0 109 0.1501023883 0.0000513697 0.0000000176 0 0 0
1968953 0 93 0.1728495671 0.0000885046 0.0000000453 0 0 0
1969859 0 94 0.3982048216 0.0004395197 0.0000004851 0 0 0
1971750 0 125 0.2869032838 0.0001517204 0.0000000802 0 0 0
1977421 0 110 0.8965674298 0.0001580969 0.0000000279 0 0 0
1988171 0 110 0.2238384750 0.0001110861 0.0000000551 0 0 0
1991796 4 22329 0.0000000000 0.0000000000 0.0000000000 0 0 0
2014140 4 157485 0.0000000000 0.0000000000 0.0000000000 0 0 0
2179625 4 6343 0.0000000000 0.0000000000 0.0000000000 0 0 0
2201328 0 78 0.0814986770 0.0000037552 0.0000000002 0 0 0
2206062 0 94 0.0895019889 0.0000189062 0.0000000040 0 0 0
2210828 0 125 0.1063626459 0.0000223170 0.0000000047 0 0 0
2213968 0 94 0.1452763770 0.0000462664 0.0000000147 0 0 0
2214890 0 110 0.4943852750 0.0005362096 0.0000005816 0 0 0
2216625 0 78 0.1560327548 0.0000899324 0.0000000518 0 0 0
2225484 0 125 0.3532532814 0.0001378280 0.0000000538 0 0 0
2244281 0 78 0.1358873355 0.0000072292 0.0000000004 0 0 0
2260421 0 79 0.0928790662 0.0000073937 0.0000000006 0 0 0
2261375 0 109 0.3272906954 0.0003430720 0.0000003596 0 0 0
2263375 0 93 0.4154090352 0.0002077045 0.0000001039 0 0 0
2272484 0 125 0.1235072701 0.0000135588 0.0000000015 0 0 0
2290812 4 5359 0.0000000000 0.0000000000 0.0000000000 0 0 0
2301406 0 109 0.1167412701 0.0000110196 0.0000000010 0 0 0
2305750 0 78 0.4030906474 0.0002365555 0.0000001388 0 0 0
2306968 0 125 0.5805945241 0.0004766786 0.0000003914 0 0 0
2307093 4 10188 0.0000000000 0.0000000000 0.0000000000 0 0 0
2318187 0 94 0.0363807964 0.0000032793 0.0000000003 0 0 0
2321468 0 94 0.2572814251 0.0003051974 0.0000003620 0 0 0
2323265 0 110 0.0000000000 0.0000000000 0.0000000000 0 0 0
2328156 2 265 0.0279696746 0.0000116250 0.0000000048 109 78 78
2328500 0 78 0.0205554297 0.0000597542 0.0000001737 0 0 0
2328656 3 62 0.0090654716 0.0000581120 0.0000003725 0 0 0
2328906 0 78 0.1990319220 0.0007961277 0.0000031845 0 0 0
2330984 0 125 0.4978587476 0.0003982870 0.0000003186 0 0 0
2331109 4 24547 0.0000000000 0.0000000000 0.0000000000 0 0 0
2360281 0 94 0.1756474330 0.0000060211 0.0000000002 0 0 0
2370343 4 33219 0.0000000000 0.0000000000 0.0000000000 0 0 0
2408078 4 15047 0.0000000000 0.0000000000 0.0000000000 0 0 0
2428703 0 93 0.3040563841 0.0000147421 0.0000000007 0 0 0
2437718 3 1235 0.2527579139 0.0000471651 0.0000000088 0 0 0
2442750 0 109 0.3392155643 0.0000674117 0.0000000134 0 0 0
2442859 4 13406 0.0000000000 0.0000000000 0.0000000000 0 0 0
2459968 0 94 0.1976888160 0.0000115547 0.0000000007 0 0 0
2468531 0 94 0.3088593572 0.0000491736 0.0000000078 0 0 0
2469265 4 12703 0.0000000000 0.0000000000 0.0000000000 0 0 0
2482000 4 75062 0.0000000000 0.0000000000 0.0000000000 0 0 0
2564453 0 93 0.0680347590 0.0000008251 0.0000000000 0 0 0
2566234 0 94 0.7308791302 0.0004103757 0.0000002304 0 0 0
2580984 4 16172 0.0000000000 0.0000000000 0.0000000000 0 0 0
2598703 4 9500 0.0000000000 0.0000000000 0.0000000000 0 0 0
2609593 0 110 0.4403008008 0.0000404317 0.0000000037 0 0 0
2612171 0 94 0.1086320158 0.0000421381 0.0000000163 0 0 0
2614468 4 15219 0.0000000000 0.0000000000 0.0000000000 0 0 0
2630484 0 125 0.1797355794 0.0000112223 0.0000000007 0 0 0
2634156 3 422 1.0233628809 0.0002786936 0.0000000759 0 0 0
2635187 3 359 0.0271964400 0.0000263787 0.0000000256 0 0 0
2635875 4 30359 0.0000000000 0.0000000000 0.0000000000 0 0 0
2672421 4 5938 0.0000000000 0.0000000000 0.0000000000 0 0 0
2678437 4 10016 0.0000000000 0.0000000000 0.0000000000 0 0 0
2693187 0 109 0.7502592436 0.0000508650 0.0000000034 0 0 0
2700828 4 17172 0.0000000000 0.0000000000 0.0000000000 0 0 0
2722218 0 94 0.2971445259 0.0000138917 0.0000000006 0 0 0
2723593 0 78 0.8264323534 0.0006010417 0.0000004371 0 0 0
2726515 4 7531 0.0000000000 0.0000000000 0.0000000000 0 0 0
2738625 0 109 0.0000000000 0.0000000000 0.0000000000 0 0 0
2746109 0 94 0.9897135690 0.0002118394 0.0000000453 0 0 0
2751000 4 12765 0.0000000000 0.0000000000 0.0000000000 0 0 0
2765109 3 500 0.3027133435 0.0000214553 0.0000000015 0 0 0
2767734 2 266 0.6849948695 0.0002609504 0.0000000994 94 78 94
2768078 0 93 0.0000000000 0.0000000000 0.0000000000 0 0 0
2781484 0 109 0.5294101377 0.0000622835 0.0000000073 0 0 0
2782546 0 94 0.1758354038 0.0001655701 0.0000001559 0 0 0
2784937 0 94 0.1497298221 0.0001197839 0.0000000958 0 0 0
2788437 4 7250 0.0000000000 0.0000000000 0.0000000000 0 0 0
2798109 3 1500 0.0921877251 0.0000095314 0.0000000010 0 0 0
2801312 0 94 0.3519216480 0.0001098725 0.0000000343 0 0 0
2801671 4 10094 0.0000000000 0.0000000000 0.0000000000 0 0 0
2812250 0 78 0.0063589869 0.0000006011 0.0000000001 0 0 0
2814031 0 94 0.3358667565 0.0001885832 0.0000001059 0 0 0
2814953 0 109 0.6275135322 0.0006806004 0.0000007382 0 0 0
2820906 0 109 0.2631650830 0.0001791457 0.0000001220 0 0 0
2822328 0 109 0.0238346851 0.0000167614 0.0000000118 0 0 0
2829171 0 110 0.8745513645 0.0001278023 0.0000000187 0 0 0
2835968 3 688 0.7002740718 0.0001030269 0.0000000152 0 0 0
2839687 4 62672 0.0000000000 0.0000000000 0.0000000000 0 0 0
2904421 0 94 0.1012828944 0.0000015646 0.0000000000 0 0 0
2909078 0 93 0.2356227831 0.0000682371 0.0000000198 0 0 0
2910546 0 125 0.1994811693 0.0001358864 0.0000000926 0 0 0
2923796 0 94 0.5519238496 0.0000416546 0.0000000031 0 0 0
2923890 4 10781 0.0000000000 0.0000000000 0.0000000000 0 0 0
2936484 0 109 0.3993192547 0.0000317071 0.0000000025 0 0 0
2937671 3 360 0.9269931464 0.0007809546 0.0000006579 0 0 0
2953859 0 109 1.0238144120 0.0000632453 0.0000000039 0 0 0
2954265 4 15047 0.0000000000 0.0000000000 0.0000000000 0 0 0
2977156 0 78 0.2751163830 0.0000120185 0.0000000005 0 0 0
2977312 4 7609 0.0000000000 0.0000000000 0.0000000000 0 0 0
2986437 0 94 0.5664526652 0.0000620770 0.0000000068 0 0 0
2990984 0 94 0.4433232765 0.0000974980 0.0000000214 0 0 0
2996093 4 38391 0.0000000000 0.0000000000 0.0000000000 0 0 0
3039015 0 110 0.4410674195 0.0001501762 0.0000000511 0 0 0
3040093 0 78 0.9330583206 0.0008655458 0.0000008029 0 0 0
3042875 2 218 0.2043333850 0.0001676238 0.0000001375 78 47 93
3044406 3 703 0.1306808455 0.0000853565 0.0000000558 0 0 0
3045609 0 94 0.0824128945 0.0000685061 0.0000000569 0 0 0
3053046 0 94 0.8811358645 0.0002575668 0.0000000753 0 0 0
3055781 2 219 0.2099304664 0.0001526767 0.0000001110 109 31 79
3056859 2 219 0.0327463479 0.0000303769 0.0000000282 94 47 78
3057875 2 250 0.0762895019 0.0000750881 0.0000000739 93 63 94
3058609 2 250 0.0603867827 0.0000822708 0.0000001121 109 47 94
3059437 2 250 0.0257253177 0.0000310692 0.0000000375 109 47 94
3064703 0 125 0.7862676404 0.0001935190 0.0000000476 0 0 0
3064828 4 11328 0.0000000000 0.0000000000 0.0000000000 0 0 0
3079718 2 203 0.4905073674 0.0000329421 0.0000000022 63 62 78
3082265 0 78 0.5935581915 0.0002330421 0.0000000915 0 0 0
3085984 3 812 0.9232163480 0.0003739232 0.0000001514 0 0 0
3088359 0 109 0.5346481809 0.0005106477 0.0000004877 0 0 0
3089375 0 125 0.2005330031 0.0001973750 0.0000001943 0 0 0
3101671 0 94 0.3105202456 0.0000252538 0.0000000021 0 0 0
3110984 3 1219 0.0037156680 0.0000031277 0.0000000026 0 0 0
3117906 0 125 0.7736900136 0.0001117726 0.0000000161 0 0 0
3123640 4 8641 0.0000000000 0.0000000000 0.0000000000 0 0 0
3136875 0 93 0.6554955434 0.0000495274 0.0000000037 0 0 0
3145718 0 110 0.6101016506 0.0004290448 0.0000003017 0 0 0
3146828 0 109 0.1212492328 0.0001092335 0.0000000984 0 0 0
3149375 0 93 0.0000000000 0.0000000000 0.0000000000 0 0 0
3151250 0 125 0.7965750724 0.0004248400 0.0000002266 0 0 0
3164843 3 516 0.4433411391 0.0000368010 0.0000000031 0 0 0
3165937 0 94 0.0698131047 0.0000638145 0.0000000583 0 0 0
3166515 4 9563 0.0000000000 0.0000000000 0.0000000000 0 0 0
3179843 4 5157 0.0000000000 0.0000000000 0.0000000000 0 0 0
3196312 0 109 0.8541255787 0.0001259586 0.0000000186 0 0 0
3196421 4 8735 0.0000000000 0.0000000000 0.0000000000 0 0 0
3212000 0 93 0.8780572743 0.0001812670 0.0000000374 0 0 0
3215343 0 110 0.7432885685 0.0002223418 0.0000000665 0 0 0
3218734 0 94 0.1794471057 0.0001664630 0.0000001544 0 0 0
3220765 0 94 0.2912079105 0.0003158437 0.0000003426 0 0 0
3223421 3 625 0.1641670320 0.0000618099 0.0000000233 0 0 0
3224859 0 109 0.9967059685 0.0006931196 0.0000004820 0 0 0
3225375 3 484 0.0892825591 0.0001730282 0.0000003353 0 0 0
3226781 0 125 0.4146595966 0.0002949215 0.0000002098 0 0 0
3232000 1 93 0.8090536390 0.0001550208 0.0000000297 0 0 0
3232765 0 94 0.1058207527 0.0001383278 0.0000001808 0 0 0
3233484 0 109 0.5650298212 0.0007858551 0.0000010930 0 0 0
3241781 0 125 0.6163106795 0.0003905644 0.0000002475 0 0 0
3244687 0 94 0.0646375349 0.0000222428 0.0000000077 0 0 0
3252609 0 94 0.0000000000 0.0000000000 0.0000000000 0 0 0
3253718 0 94 0.9009555065 0.0008124035 0.0000007326 0 0 0
3255093 3 875 0.0597716928 0.0001125644 0.0000002120 0 0 0
3259828 0 93 0.4454673870 0.0000940797 0.0000000199 0 0 0
3262406 3 1140 0.0366856938 0.0000397893 0.0000000432 0 0 0
3264156 3 515 0.3583534205 0.0002047734 0.0000001170 0 0 0
3265421 3 969 0.5747749861 0.0004543676 0.0000003592 0 0 0
3277281 0 78 0.3322188223 0.0000412848 0.0000000051 0 0 0
3280796 0 94 0.9171879210 0.0002609354 0.0000000742 0 0 0
3287187 0 94 0.4523059010 0.0000869318 0.0000000167 0 0 0
3290234 0 94 0.9325719432 0.0012705340 0.0000017310 0 0 0
3292937 3 3141 0.0903816348 0.0000334375 0.0000000124 0 0 0
3301671 0 79 0.0786818990 0.0000090087 0.0000000010 0 0 0
3307125 0 93 0.5204857099 0.0004322971 0.0000003591 0 0 0
3308515 3 3172 0.2170825321 0.0001561745 0.0000001124 0 0 0
3313781 0 78 1.0179505462 0.0001933062 0.0000000367 0 0 0
3314562 0 125 0.4294615586 0.0005498868 0.0000007041 0 0 0
3320656 3 2844 0.0748476123 0.0000122822 0.0000000020 0 0 0
3325437 0 125 0.1026506115 0.0000214705 0.0000000045 0 0 0
3334421 0 94 0.2031266002 0.0000278408 0.0000000038 0 0 0
3337515 0 125 0.5229578294 0.0001690232 0.0000000546 0 0 0
3338546 0 79 1.0086336357 0.0009783061 0.0000009489 0 0 0
3343000 4 8781 0.0000000000 0.0000000000 0.0000000000 0 0 0
3352562 0 94 0.5965764964 0.0000623903 0.0000000065 0 0 0
3361125 0 125 0.0778843093 0.0000223484 0.0000000064 0 0 0
3368656 3 875 0.0902103275 0.0000119785 0.0000000016 0 0 0
3370281 3 1125 0.0894878530 0.0002043102 0.0000004665 0 0 0
3376500 0 78 0.1478348427 0.0000397512 0.0000000107 0 0 0
3381687 0 109 0.2861540513 0.0000551675 0.0000000106 0 0 0
3391312 4 78891 0.0000000000 0.0000000000 0.0000000000 0 0 0
3471765 0 94 0.0736855097 0.0000009159 0.0000000000 0 0 0
3473750 4 19000 0.0000000000 0.0000000000 0.0000000000 0 0 0
3492765 4 6360 0.0000000000 0.0000000000 0.0000000000 0 0 0
3500859 4 19437 0.0000000000 0.0000000000 0.0000000000 0 0 0
3525031 0 125 0.2329734778 0.0000096382 0.0000000004 0 0 0
3526921 4 15985 0.0000000000 0.0000000000 0.0000000000 0 0 0
3548000 0 125 0.2618771093 0.0000124236 0.0000000006 0 0 0
3548125 4 48343 0.0000000000 0.0000000000 0.0000000000 0 0 0
3604500 0 109 0.1894532555 0.0000033606 0.0000000001 0 0 0
3606625 0 78 0.8529522468 0.0004013893 0.0000001889 0 0 0
