99.3636363636 16.1454590955
nan nan
559.4000000000 68.7010916944
106.4000000000 24.6787357861
347.0000000000 43.6531785784
106.0000000000 15.3101273672
0.2677180900 0.2342212152
0.0001582255 0.0002026685
0.0000001278 0.0000002072

6860 0 78 0.6925107403 0.0004520305 0.0000002951 0 0 0
10485 4 72750 0.0000000000 0.0000000000 0.0000000000 0 0 0
85016 0 94 0.0640326433 0.0000008591 0.0000000000 0 0 0
90047 0 78 0.0103159402 0.0000020505 0.0000000004 0 0 0
90125 4 66953 0.0000000000 0.0000000000 0.0000000000 0 0 0
157875 0 110 0.0095400354 0.0000001408 0.0000000000 0 0 0
169672 3 906 0.1054922314 0.0000089423 0.0000000008 0 0 0
171860 0 78 0.2862619848 0.0001308327 0.0000000598 0 0 0
172485 0 78 0.0613794951 0.0000982072 0.0000001571 0 0 0
173844 3 1109 0.3804488859 0.0002799477 0.0000002060 0 0 0
177156 3 985 0.4172164739 0.0002903385 0.0000002020 0 0 0
180188 3 812 0.4936502751 0.0003717246 0.0000002799 0 0 0
181797 0 78 0.4946609815 0.0003074338 0.0000001911 0 0 0
183063 3 718 0.4789152455 0.0003782901 0.0000002988 0 0 0
185594 3 703 0.6138689648 0.0005954112 0.0000005775 0 0 0
187360 0 78 0.6120267874 0.0003465610 0.0000001962 0 0 0
188719 3 937 0.3950963512 0.0002907258 0.0000002139 0 0 0
191438 3 828 0.5646341110 0.0005826977 0.0000006013 0 0 0
193266 0 94 0.4305412931 0.0002355259 0.0000001288 0 0 0
194906 3 1032 0.3934679920 0.0002399195 0.0000001463 0 0 0
196735 0 78 0.4115134659 0.0002249937 0.0000001230 0 0 0
197906 3 1438 0.4796425209 0.0004096008 0.0000003498 0 0 0
200360 0 78 0.3741132620 0.0001524504 0.0000000621 0 0 0
201360 3 1390 0.6042258026 0.0006042258 0.0000006042 0 0 0
203860 0 93 0.4395988457 0.0001758395 0.0000000703 0 0 0
205485 3 1125 0.4630204046 0.0002849356 0.0000001753 0 0 0
208922 3 859 0.6077931204 0.0004862345 0.0000003890 0 0 0
210813 0 78 0.5117438405 0.0002706208 0.0000001431 0 0 0
212313 3 781 0.5238055594 0.0003492037 0.0000002328 0 0 0
215125 3 641 0.7359070476 0.0006929445 0.0000006525 0 0 0
216672 0 78 0.6003598941 0.0003880801 0.0000002509 0 0 0
217703 3 1360 0.8493668733 0.0008238282 0.0000007991 0 0 0
220188 3 1250 0.0753808638 0.0001095652 0.0000001593 0 0 0
222344 0 78 0.4646755814 0.0002155267 0.0000001000 0 0 0
223688 3 625 0.7409078067 0.0005512707 0.0000004102 0 0 0
227156 0 125 0.8559197912 0.0004682275 0.0000002561 0 0 0
239844 0 125 0.2096326475 0.0000165221 0.0000000013 0 0 0
239969 4 259828 0.0000000000 0.0000000000 0.0000000000 0 0 0
501781 0 125 0.0236647661 0.0000000904 0.0000000000 0 0 0
503563 3 687 0.5507384446 0.0003090564 0.0000001734 0 0 0
519813 0 125 0.0404490040 0.0000027249 0.0000000002 0 0 0
531828 0 110 0.0524150285 0.0000043625 0.0000000004 0 0 0
545516 0 78 0.1164762985 0.0000085094 0.0000000006 0 0 0
550469 4 18328 0.0000000000 0.0000000000 0.0000000000 0 0 0
569594 0 109 0.0375185052 0.0000019618 0.0000000001 0 0 0
570828 0 125 0.7873573350 0.0006380529 0.0000005171 0 0 0
575594 4 32703 0.0000000000 0.0000000000 0.0000000000 0 0 0
609313 0 78 0.1254957929 0.0000037218 0.0000000001 0 0 0
610422 3 594 0.6179590253 0.0005572218 0.0000005025 0 0 0
611063 4 52781 0.0000000000 0.0000000000 0.0000000000 0 0 0
671235 3 1312 0.1088961808 0.0000018097 0.0000000000 0 0 0
677031 3 704 0.4232442517 0.0000730235 0.0000000126 0 0 0
678953 3 610 0.0858579121 0.0001099333 0.0000001408 0 0 0
679906 0 110 0.1128917279 0.0001184593 0.0000001243 0 0 0
680235 3 1640 0.0202335995 0.0000615003 0.0000001869 0 0 0
682656 2 500 0.2789553689 0.0001152232 0.0000000476 79 312 109
699719 0 78 0.5200283711 0.0003616331 0.0000002515 0 0 0
704000 0 78 0.0839729750 0.0000488499 0.0000000284 0 0 0
704719 0 78 0.4040981132 0.0005620280 0.0000007817 0 0 0
709672 0 109 0.0112649461 0.0000029551 0.0000000008 0 0 0
710766 0 94 0.1084791769 0.0000991583 0.0000000906 0 0 0
716610 0 93 0.6838860187 0.0002045114 0.0000000612 0 0 0
727391 0 109 0.6631047818 0.0001140727 0.0000000196 0 0 0
727719 4 6844 0.0000000000 0.0000000000 0.0000000000 0 0 0
737891 0 109 0.1154208345 0.0000506010 0.0000000222 0 0 0
742641 0 94 0.2535178703 0.0000811257 0.0000000260 0 0 0
751688 0 93 0.1070916358 0.0000118373 0.0000000013 0 0 0
757875 4 10297 0.0000000000 0.0000000000 0.0000000000 0 0 0
771844 0 125 0.0865956020 0.0000061991 0.0000000004 0 0 0
779703 0 94 0.0924939710 0.0000117692 0.0000000015 0 0 0
781375 0 125 0.4666251231 0.0002790820 0.0000001669 0 0 0
792594 4 17937 0.0000000000 0.0000000000 0.0000000000 0 0 0
811797 0 94 0.1650766300 0.0000085964 0.0000000004 0 0 0
813313 0 93 0.5236464759 0.0003454132 0.0000002278 0 0 0
814656 3 1000 0.0651279019 0.0000484943 0.0000000361 0 0 0
818313 0 93 0.3594388459 0.0000982879 0.0000000269 0 0 0
819531 0 94 0.4827247785 0.0003963258 0.0000003254 0 0 0
825906 0 125 0.1493242561 0.0000234234 0.0000000037 0 0 0
828078 0 110 0.3763410277 0.0001732693 0.0000000798 0 0 0
834625 3 547 0.2984854374 0.0000682252 0.0000000156 0 0 0
835406 4 85657 0.0000000000 0.0000000000 0.0000000000 0 0 0
922110 0 93 0.0607661957 0.0000007008 0.0000000000 0 0 0
922735 0 93 0.1625646788 0.0002601035 0.0000004162 0 0 0
924094 0 109 0.1236636604 0.0000909961 0.0000000670 0 0 0
925781 0 79 0.4148027998 0.0002458819 0.0000001458 0 0 0
930141 0 94 0.2663258075 0.0000610839 0.0000000140 0 0 0
934250 0 94 0.2817004246 0.0000685569 0.0000000167 0 0 0
935360 4 84625 0.0000000000 0.0000000000 0.0000000000 0 0 0
1020922 0 109 0.0474293216 0.0000005543 0.0000000000 0 0 0
1021031 4 55938 0.0000000000 0.0000000000 0.0000000000 0 0 0
1084797 0 94 0.0860154871 0.0000013489 0.0000000000 0 0 0
1085688 0 93 0.9047871382 0.0010154738 0.0000011397 0 0 0
1088313 4 151750 0.0000000000 0.0000000000 0.0000000000 0 0 0
1246406 0 110 0.0172211122 0.0000001089 0.0000000000 0 0 0
1252922 4 7719 0.0000000000 0.0000000000 0.0000000000 0 0 0
1265281 4 27875 0.0000000000 0.0000000000 0.0000000000 0 0 0
1295219 4 24187 0.0000000000 0.0000000000 0.0000000000 0 0 0
1327438 0 93 0.0752627192 0.0000023360 0.0000000001 0 0 0
1327766 4 11734 0.0000000000 0.0000000000 0.0000000000 0 0 0
1340360 0 93 0.1761213779 0.0000139845 0.0000000011 0 0 0
1343110 3 890 0.0620306859 0.0000225566 0.0000000082 0 0 0
1358860 0 93 0.3463941056 0.0000521599 0.0000000079 0 0 0
1365547 0 94 0.6569738599 0.0001215268 0.0000000225 0 0 0
1365641 4 6109 0.0000000000 0.0000000000 0.0000000000 0 0 0
1372641 2 656 0.0044953698 0.0000006422 0.0000000001 125 422 109
1378141 0 125 0.0212140865 0.0000038571 0.0000000007 0 0 0
1379672 0 125 0.0374176783 0.0000244400 0.0000000160 0 0 0
1380750 0 78 0.0772288287 0.0000716408 0.0000000665 0 0 0
1381516 3 1000 0.0549016602 0.0000716732 0.0000000936 0 0 0
1383781 0 125 0.2438584272 0.0001076638 0.0000000475 0 0 0
1383906 4 8641 0.0000000000 0.0000000000 0.0000000000 0 0 0
1394063 0 109 0.2553471738 0.0000251400 0.0000000025 0 0 0
1394906 4 280313 0.0000000000 0.0000000000 0.0000000000 0 0 0
1676531 0 94 0.0072439479 0.0000000257 0.0000000000 0 0 0
1678047 0 94 0.2614597022 0.0003413312 0.0000004456 0 0 0
1678844 0 78 0.3786132903 0.0004750480 0.0000005960 0 0 0
1679453 0 94 0.3300492611 0.0005419528 0.0000008899 0 0 0
1680203 4 5235 0.0000000000 0.0000000000 0.0000000000 0 0 0
1697860 0 93 0.1172330074 0.0000066395 0.0000000004 0 0 0
1720563 3 656 0.6387588057 0.0001508285 0.0000000356 0 0 0
1721219 4 8391 0.0000000000 0.0000000000 0.0000000000 0 0 0
1730375 0 125 0.0242338964 0.0000026468 0.0000000003 0 0 0
1731360 0 109 0.0176794046 0.0000179486 0.0000000182 0 0 0
1738516 0 78 0.1108448065 0.0000154898 0.0000000022 0 0 0
1748516 4 15625 0.0000000000 0.0000000000 0.0000000000 0 0 0
1768781 0 94 0.0910955362 0.0000044952 0.0000000002 0 0 0
1770781 0 110 0.4907089528 0.0002453545 0.0000001227 0 0 0
1771750 4 43422 0.0000000000 0.0000000000 0.0000000000 0 0 0
1818938 0 93 0.1036960402 0.0000021975 0.0000000000 0 0 0
1823922 0 94 0.1582228980 0.0000317462 0.0000000064 0 0 0
1835266 4 5203 0.0000000000 0.0000000000 0.0000000000 0 0 0
1842781 4 373672 0.0000000000 0.0000000000 0.0000000000 0 0 0
2220281 4 19407 0.0000000000 0.0000000000 0.0000000000 0 0 0
2239766 4 265484 0.0000000000 0.0000000000 0.0000000000 0 0 0
2512063 0 78 0.0148318583 0.0000000545 0.0000000000 0 0 0
2512906 2 532 0.1225612842 0.0001453871 0.0000001725 110 344 78
2513735 0 109 0.0000000000 0.0000000000 0.0000000000 0 0 0
2533094 4 7281 0.0000000000 0.0000000000 0.0000000000 0 0 0
2546375 0 125 0.0538104518 0.0000040517 0.0000000003 0 0 0
2575938 0 93 0.1451744681 0.0000049107 0.0000000002 0 0 0
2583516 0 125 0.0870769388 0.0000114908 0.0000000015 0 0 0
2585203 4 8672 0.0000000000 0.0000000000 0.0000000000 0 0 0
2616297 4 291219 0.0000000000 0.0000000000 0.0000000000 0 0 0
2908844 0 94 0.0057399298 0.0000000196 0.0000000000 0 0 0
2910078 0 78 0.6652941735 0.0005391363 0.0000004369 0 0 0
2918016 0 109 0.5609776967 0.0000706699 0.0000000089 0 0 0
2923563 2 625 0.1732764039 0.0000312379 0.0000000056 140 360 125
2949375 4 156469 0.0000000000 0.0000000000 0.0000000000 0 0 0
3110938 2 484 0.0356638931 0.0000002207 0.0000000000 78 297 109
3111422 4 12656 0.0000000000 0.0000000000 0.0000000000 0 0 0
3125969 0 94 0.0897577144 0.0000061702 0.0000000004 0 0 0
3134625 4 5672 0.0000000000 0.0000000000 0.0000000000 0 0 0
3142438 3 828 0.1126336330 0.0000144162 0.0000000018 0 0 0
3151547 4 6422 0.0000000000 0.0000000000 0.0000000000 0 0 0
3159891 4 14672 0.0000000000 0.0000000000 0.0000000000 0 0 0
3176906 0 94 0.0349149115 0.0000020520 0.0000000001 0 0 0
3184906 0 110 0.0491252196 0.0000061407 0.0000000008 0 0 0
3186922 0 109 0.0969517406 0.0000480911 0.0000000239 0 0 0
3189750 0 110 0.1537438065 0.0000543649 0.0000000192 0 0 0
3192750 4 14563 0.0000000000 0.0000000000 0.0000000000 0 0 0
3238672 3 828 0.1543777353 0.0000261391 0.0000000044 0 0 0
3243985 4 12562 0.0000000000 0.0000000000 0.0000000000 0 0 0
3257531 0 125 0.0902296643 0.0000066610 0.0000000005 0 0 0
3258000 4 84516 0.0000000000 0.0000000000 0.0000000000 0 0 0
3344406 0 110 0.0182211543 0.0000002109 0.0000000000 0 0 0
3358375 4 6906 0.0000000000 0.0000000000 0.0000000000 0 0 0
3369500 4 7031 0.0000000000 0.0000000000 0.0000000000 0 0 0
3390203 4 15516 0.0000000000 0.0000000000 0.0000000000 0 0 0
3411188 0 78 0.0399888441 0.0000019056 0.0000000001 0 0 0
3418266 0 125 0.0973310256 0.0000137512 0.0000000019 0 0 0
3419750 0 110 0.1462569035 0.0000985559 0.0000000664 0 0 0
3438313 0 125 0.1127478795 0.0000070261 0.0000000004 0 0 0
3440875 0 94 0.4197813310 0.0001638491 0.0000000640 0 0 0
3463141 4 5390 0.0000000000 0.0000000000 0.0000000000 0 0 0
3479813 0 93 0.2295370069 0.0000411504 0.0000000074 0 0 0
3482391 0 109 0.3118623349 0.0001209706 0.0000000469 0 0 0
3497797 0 109 0.0536847956 0.0000049580 0.0000000005 0 0 0
3532422 4 69313 0.0000000000 0.0000000000 0.0000000000 0 0 0
3605406 0 125 0.1094614270 0.0000014998 0.0000000000 0 0 0
