100.3132250580 15.2819377345
125.0000000000 10.1192885125
543.8095238095 55.5703064317
98.2857142857 23.2012784072
348.8095238095 65.0762329870
96.7142857143 17.6558174876
0.2769310114 0.2601446860
0.0001664127 0.0002239951
0.0000001409 0.0000002948

3593 0 79 0.8211376010 0.0003625332 0.0000001601 0 0 0
6172 0 78 0.0000000000 0.0000000000 0.0000000000 0 0 0
9890 0 78 1.0203182581 0.0005023724 0.0000002474 0 0 0
11203 0 78 1.0710285599 0.0008157110 0.0000006213 0 0 0
12765 4 115766 0.0000000000 0.0000000000 0.0000000000 0 0 0
129468 0 79 0.0029707451 0.0000000255 0.0000000000 0 0 0
130828 0 94 0.2934685928 0.0002157857 0.0000001587 0 0 0
131890 4 121719 0.0000000000 0.0000000000 0.0000000000 0 0 0
254156 0 109 0.0023737311 0.0000000194 0.0000000000 0 0 0
256312 0 94 0.4352028383 0.0002018566 0.0000000936 0 0 0
262078 0 125 0.0503578894 0.0000087336 0.0000000015 0 0 0
267281 0 109 0.0680320486 0.0000130755 0.0000000025 0 0 0
270781 0 94 0.0521373577 0.0000148964 0.0000000043 0 0 0
270875 4 14750 0.0000000000 0.0000000000 0.0000000000 0 0 0
291656 0 78 0.1507228596 0.0000072529 0.0000000003 0 0 0
305781 0 78 0.0484525000 0.0000034303 0.0000000002 0 0 0
308312 0 110 0.6149306018 0.0002429595 0.0000000960 0 0 0
316015 0 110 0.3932511629 0.0000510517 0.0000000066 0 0 0
318218 0 110 0.0138058164 0.0000062668 0.0000000028 0 0 0
318578 4 5781 0.0000000000 0.0000000000 0.0000000000 0 0 0
329468 0 110 0.0753400117 0.0000156567 0.0000000033 0 0 0
331328 0 78 0.1818022161 0.0000977431 0.0000000526 0 0 0
332437 4 19500 0.0000000000 0.0000000000 0.0000000000 0 0 0
361703 3 1281 0.0330363701 0.0000011288 0.0000000000 0 0 0
365187 0 125 0.1090192224 0.0000312914 0.0000000090 0 0 0
366843 4 16000 0.0000000000 0.0000000000 0.0000000000 0 0 0
385437 3 1063 0.0255962173 0.0000013766 0.0000000001 0 0 0
388000 0 93 0.1001841162 0.0000390886 0.0000000153 0 0 0
388672 0 109 0.0294628521 0.0000438435 0.0000000652 0 0 0
389015 4 11016 0.0000000000 0.0000000000 0.0000000000 0 0 0
400250 0 125 0.0010058356 0.0000000895 0.0000000000 0 0 0
411484 0 125 0.0417986989 0.0000469121 0.0000000527 0 0 0
413047 0 93 0.0866697314 0.0000554509 0.0000000355 0 0 0
416906 0 94 0.1919739170 0.0000497471 0.0000000129 0 0 0
418453 0 94 0.1904197532 0.0001230897 0.0000000796 0 0 0
420562 0 94 0.0825257622 0.0000391303 0.0000000186 0 0 0
424781 0 94 0.0495321930 0.0000163419 0.0000000054 0 0 0
454968 0 125 0.2199623319 0.0001268526 0.0000000732 0 0 0
458015 0 94 0.0574114375 0.0000188420 0.0000000062 0 0 0
459609 0 94 0.0426513282 0.0000267574 0.0000000168 0 0 0
470093 0 94 0.1723743783 0.0000227467 0.0000000030 0 0 0
473422 0 93 0.2506313945 0.0000752873 0.0000000226 0 0 0
482062 0 94 0.0289503395 0.0000083095 0.0000000024 0 0 0
492015 3 1516 0.2062675856 0.0000207242 0.0000000021 0 0 0
495593 0 125 0.2697726844 0.0000753976 0.0000000211 0 0 0
497281 0 109 0.0094786730 0.0000056153 0.0000000033 0 0 0
497390 4 6844 0.0000000000 0.0000000000 0.0000000000 0 0 0
504656 0 78 0.0013606316 0.0000001873 0.0000000000 0 0 0
515578 3 1125 0.1367122181 0.0000340419 0.0000000085 0 0 0
518859 3 1828 0.1223786058 0.0000372992 0.0000000114 0 0 0
521343 0 110 0.0453465005 0.0000182554 0.0000000073 0 0 0
524859 4 23875 0.0000000000 0.0000000000 0.0000000000 0 0 0
553312 0 94 0.0211256109 0.0000007425 0.0000000000 0 0 0
557375 3 1578 0.1195399304 0.0000294216 0.0000000072 0 0 0
561156 0 125 0.1040248530 0.0000275125 0.0000000073 0 0 0
562500 0 78 0.1218622375 0.0000906713 0.0000000675 0 0 0
568703 0 94 0.0997058516 0.0000160738 0.0000000026 0 0 0
568797 4 93593 0.0000000000 0.0000000000 0.0000000000 0 0 0
663718 0 94 0.0026779345 0.0000000282 0.0000000000 0 0 0
664062 4 8516 0.0000000000 0.0000000000 0.0000000000 0 0 0
676203 0 94 0.0772431985 0.0000219691 0.0000000062 0 0 0
681672 0 78 0.0707068211 0.0000129287 0.0000000024 0 0 0
684000 0 78 0.0441495466 0.0000189646 0.0000000081 0 0 0
694078 3 1765 0.1172660709 0.0000253548 0.0000000055 0 0 0
697968 0 94 0.0951875243 0.0000244698 0.0000000063 0 0 0
698718 0 94 0.0915513302 0.0001220684 0.0000001628 0 0 0
706484 0 109 0.0883133016 0.0000127879 0.0000000019 0 0 0
715422 0 78 0.0910598281 0.0000193580 0.0000000041 0 0 0
720937 0 110 0.0357757256 0.0000064870 0.0000000012 0 0 0
731468 0 94 0.0876150739 0.0000083197 0.0000000008 0 0 0
733172 0 109 0.3171893979 0.0001861440 0.0000001092 0 0 0
738843 0 110 0.1005505768 0.0000177307 0.0000000031 0 0 0
741312 0 110 0.9855269695 0.0003991604 0.0000001617 0 0 0
743375 3 750 0.9549272870 0.0004628828 0.0000002244 0 0 0
745515 3 250 0.7296143287 0.0003409413 0.0000001593 0 0 0
746453 3 547 0.0234541578 0.0000250044 0.0000000267 0 0 0
749015 0 125 0.0369872459 0.0000415587 0.0000000467 0 0 0
750375 0 93 0.6273175007 0.0004612629 0.0000003392 0 0 0
754125 0 78 0.5603352659 0.0001494227 0.0000000398 0 0 0
764609 0 109 0.7388234281 0.0001861485 0.0000000469 0 0 0
771890 4 7094 0.0000000000 0.0000000000 0.0000000000 0 0 0
780297 0 109 0.0684978694 0.0000081477 0.0000000010 0 0 0
796250 0 109 0.1294079869 0.0000701779 0.0000000381 0 0 0
799125 0 109 0.0745062823 0.0000259152 0.0000000090 0 0 0
803797 0 78 0.0277967432 0.0000059496 0.0000000013 0 0 0
808703 0 78 0.0176861466 0.0000045095 0.0000000011 0 0 0
813062 0 94 0.1159606356 0.0000266026 0.0000000061 0 0 0
816390 0 94 0.0660176611 0.0000198370 0.0000000060 0 0 0
821828 0 94 0.1481925256 0.0000272513 0.0000000050 0 0 0
825750 0 93 0.0762075995 0.0000194308 0.0000000050 0 0 0
830218 0 110 0.1130547570 0.0000253032 0.0000000057 0 0 0
830953 0 109 0.2589444771 0.0003523054 0.0000004793 0 0 0
834140 2 532 0.2441150438 0.0000765971 0.0000000240 78 375 79
844562 0 78 0.0505771159 0.0000056492 0.0000000006 0 0 0
848234 0 94 0.1175992760 0.0000320259 0.0000000087 0 0 0
850640 0 94 0.1291017356 0.0000536582 0.0000000223 0 0 0
852187 0 125 0.2362368036 0.0001527064 0.0000000987 0 0 0
860062 0 94 0.7124624310 0.0002121055 0.0000000631 0 0 0
861734 3 406 0.8219486616 0.0004915961 0.0000002940 0 0 0
863343 3 485 0.3525348321 0.0002191018 0.0000001362 0 0 0
864422 0 93 1.0448943933 0.0009683915 0.0000008975 0 0 0
865906 2 562 0.6106425961 0.0004114842 0.0000002773 47 437 78
867703 2 562 0.2355988983 0.0001311068 0.0000000730 94 390 78
868625 0 93 0.0400811362 0.0000434719 0.0000000471 0 0 0
878843 4 18110 0.0000000000 0.0000000000 0.0000000000 0 0 0
898906 0 78 0.2950791651 0.0000147076 0.0000000007 0 0 0
898984 4 8984 0.0000000000 0.0000000000 0.0000000000 0 0 0
910578 0 125 0.1059633787 0.0000091395 0.0000000008 0 0 0
913593 0 125 0.1728702049 0.0000573367 0.0000000190 0 0 0
915640 0 125 0.0678347289 0.0000331386 0.0000000162 0 0 0
928125 4 427718 0.0000000000 0.0000000000 0.0000000000 0 0 0
1358078 3 687 0.0084425871 0.0000000196 0.0000000000 0 0 0
1361734 0 109 0.1796534437 0.0000491393 0.0000000134 0 0 0
1364187 3 719 0.3498082733 0.0001426043 0.0000000581 0 0 0
1365578 4 73578 0.0000000000 0.0000000000 0.0000000000 0 0 0
1440375 0 78 0.0262443500 0.0000003509 0.0000000000 0 0 0
1443297 0 78 0.1275872565 0.0000436644 0.0000000149 0 0 0
1447703 0 94 0.0170531846 0.0000038704 0.0000000009 0 0 0
1450984 0 125 0.0546715250 0.0000166631 0.0000000051 0 0 0
1454422 0 109 0.0298561283 0.0000086842 0.0000000025 0 0 0
1456078 3 1015 0.0912557772 0.0000551061 0.0000000333 0 0 0
1457093 4 10094 0.0000000000 0.0000000000 0.0000000000 0 0 0
1472562 3 1516 0.0492112335 0.0000031813 0.0000000002 0 0 0
1476562 0 125 0.0697655594 0.0000174414 0.0000000044 0 0 0
1477625 0 78 0.1926445282 0.0001812272 0.0000001705 0 0 0
1477703 4 8750 0.0000000000 0.0000000000 0.0000000000 0 0 0
1487578 0 109 0.0540202493 0.0000054704 0.0000000006 0 0 0
1489156 0 109 0.0697477924 0.0000442001 0.0000000280 0 0 0
1492422 3 890 0.0210200416 0.0000064360 0.0000000020 0 0 0
1494922 0 93 0.0843514737 0.0000337406 0.0000000135 0 0 0
1496765 0 110 0.1151015264 0.0000624534 0.0000000339 0 0 0
1497953 0 94 0.0806786568 0.0000679113 0.0000000572 0 0 0
1501390 0 110 0.2391428367 0.0000695789 0.0000000202 0 0 0
1502484 0 109 0.0591482668 0.0000540661 0.0000000494 0 0 0
1507140 0 110 0.1234805986 0.0000265207 0.0000000057 0 0 0
1510047 0 93 0.0110490867 0.0000038009 0.0000000013 0 0 0
1510515 1 125 0.0376803710 0.0000805136 0.0000001720 0 0 0
1514203 0 94 0.1988455783 0.0000539169 0.0000000146 0 0 0
1516750 1 125 0.2544855957 0.0000999158 0.0000000392 0 0 0
1518437 0 94 0.0174264052 0.0000103298 0.0000000061 0 0 0
1519843 0 125 0.2170145192 0.0001543489 0.0000001098 0 0 0
1520687 0 78 0.0287921364 0.0000341139 0.0000000404 0 0 0
1522625 3 390 0.9875552598 0.0005095744 0.0000002629 0 0 0
1523015 4 8969 0.0000000000 0.0000000000 0.0000000000 0 0 0
1533234 0 109 0.0541128855 0.0000052953 0.0000000005 0 0 0
1544593 0 110 0.1486251736 0.0000130844 0.0000000012 0 0 0
1555218 0 110 0.0186915013 0.0000131538 0.0000000093 0 0 0
1556093 0 110 0.0631745660 0.0000721995 0.0000000825 0 0 0
1563375 0 93 0.1033448003 0.0000141918 0.0000000019 0 0 0
1572547 0 125 0.1007776891 0.0000109875 0.0000000012 0 0 0
1573343 0 110 0.2535111292 0.0003184813 0.0000004001 0 0 0
1574328 3 3203 0.1645271262 0.0001670326 0.0000001696 0 0 0
1577531 4 13078 0.0000000000 0.0000000000 0.0000000000 0 0 0
1591312 0 94 0.0502635952 0.0000036473 0.0000000003 0 0 0
1595125 0 78 0.0000000000 0.0000000000 0.0000000000 0 0 0
1595859 0 78 0.0000000000 0.0000000000 0.0000000000 0 0 0
1597953 0 109 0.2854122839 0.0001363000 0.0000000651 0 0 0
1601906 0 109 0.0710768204 0.0000179805 0.0000000045 0 0 0
1607828 0 78 0.2035141807 0.0002003092 0.0000001972 0 0 0
1607906 4 10781 0.0000000000 0.0000000000 0.0000000000 0 0 0
1630703 0 94 0.0462440333 0.0000087039 0.0000000016 0 0 0
1642515 0 110 0.1682624123 0.0000142450 0.0000000012 0 0 0
1646453 0 94 0.1249240225 0.0000317227 0.0000000081 0 0 0
1655343 3 1985 0.0838074179 0.0000094272 0.0000000011 0 0 0
1657875 0 109 0.0511771398 0.0000202121 0.0000000080 0 0 0
1658797 0 109 0.0810349291 0.0000878904 0.0000000953 0 0 0
1662593 3 579 0.1359236653 0.0000358071 0.0000000094 0 0 0
1678640 0 125 0.0119971163 0.0000015865 0.0000000002 0 0 0
1681078 0 125 0.0682303101 0.0000279862 0.0000000115 0 0 0
1683562 0 94 0.0912307770 0.0000367274 0.0000000148 0 0 0
1687125 0 125 0.8881852323 0.0005572053 0.0000003496 0 0 0
1694218 0 94 0.1899873329 0.0000267852 0.0000000038 0 0 0
1699218 0 94 0.0366079078 0.0000073216 0.0000000015 0 0 0
1712250 0 93 0.4683375114 0.0004538154 0.0000004397 0 0 0
1718281 0 109 0.0917489587 0.0000371604 0.0000000151 0 0 0
1719578 3 2937 0.2006249551 0.0001546839 0.0000001193 0 0 0
1727781 0 125 0.0149884852 0.0000177589 0.0000000210 0 0 0
1733250 0 125 0.1696916100 0.0000609963 0.0000000219 0 0 0
1734297 0 125 0.5617520380 0.0005365349 0.0000005124 0 0 0
1735156 0 109 0.3396757396 0.0003954316 0.0000004603 0 0 0
1735906 3 797 0.2416227206 0.0003221636 0.0000004296 0 0 0
1740015 2 563 0.2063027260 0.0001048286 0.0000000533 110 343 110
1743203 2 578 0.1046432044 0.0000328241 0.0000000103 109 375 94
1746781 0 78 0.1276981293 0.0000517206 0.0000000209 0 0 0
1748609 4 12625 0.0000000000 0.0000000000 0.0000000000 0 0 0
1762203 0 94 0.0249535830 0.0000018356 0.0000000001 0 0 0
1764156 0 125 0.0531720129 0.0000272258 0.0000000139 0 0 0
1765406 0 125 0.1072636008 0.0000858109 0.0000000686 0 0 0
1768937 3 641 0.0468240403 0.0000132608 0.0000000038 0 0 0
1770890 2 578 0.0484693341 0.0000660345 0.0000000900 125 313 140
1771734 2 516 0.0000000000 0.0000000000 0.0000000000 125 281 110
1772500 0 93 0.0275116844 0.0000359160 0.0000000469 0 0 0
1773812 0 125 0.0225126761 0.0000171591 0.0000000131 0 0 0
1779297 4 9828 0.0000000000 0.0000000000 0.0000000000 0 0 0
1790015 0 110 0.1039253345 0.0000096963 0.0000000009 0 0 0
1790859 2 531 0.1156316286 0.0001370043 0.0000001623 78 328 125
1793359 0 125 0.1012081391 0.0000696546 0.0000000479 0 0 0
1794765 0 125 0.1119172707 0.0000795998 0.0000000566 0 0 0
1796968 0 110 0.0165699530 0.0000075215 0.0000000034 0 0 0
1797781 0 78 0.0246876603 0.0000303661 0.0000000374 0 0 0
1802203 3 1625 0.0660258764 0.0000149312 0.0000000034 0 0 0
1804640 0 110 0.0641711642 0.0000263320 0.0000000108 0 0 0
1807187 0 110 0.2675483821 0.0001050445 0.0000000412 0 0 0
1808265 0 94 0.7212663311 0.0006690782 0.0000006207 0 0 0
1809609 0 94 1.0550194148 0.0007849847 0.0000005841 0 0 0
1814953 0 109 0.4145917091 0.0000775808 0.0000000145 0 0 0
1818437 0 110 0.6244492653 0.0001792334 0.0000000514 0 0 0
1819297 0 78 0.3257393078 0.0003787666 0.0000004404 0 0 0
1820890 2 578 0.6755288525 0.0006978604 0.0000007209 63 437 78
1823047 3 2406 0.3569136417 0.0001654676 0.0000000767 0 0 0
1826531 0 109 0.1982250875 0.0000568958 0.0000000163 0 0 0
1827375 3 1078 0.0308056872 0.0000364996 0.0000000432 0 0 0
1830312 0 125 0.1889298093 0.0000643275 0.0000000219 0 0 0
1831593 4 29110 0.0000000000 0.0000000000 0.0000000000 0 0 0
1860734 0 94 0.0004117909 0.0000000141 0.0000000000 0 0 0
1865734 0 125 0.1133890885 0.0000226778 0.0000000045 0 0 0
1868281 0 78 0.1707847123 0.0000670533 0.0000000263 0 0 0
1874281 0 94 0.1846616368 0.0000307769 0.0000000051 0 0 0
1875500 2 531 0.1254208677 0.0001028883 0.0000000844 125 297 109
1876468 0 125 0.0134297521 0.0000138737 0.0000000143 0 0 0
1880859 2 547 0.4225125914 0.0001136092 0.0000000305 94 344 109
1891515 3 485 0.0374910097 0.0000685393 0.0000001253 0 0 0
1892906 3 328 0.2639077110 0.0001897252 0.0000001364 0 0 0
1893375 4 8734 0.0000000000 0.0000000000 0.0000000000 0 0 0
1902984 0 109 0.0851321698 0.0000088596 0.0000000009 0 0 0
1920593 0 125 0.2801172138 0.0001848959 0.0000001220 0 0 0
1921843 0 110 0.2853051093 0.0002282441 0.0000001826 0 0 0
1924031 3 2047 0.1956210767 0.0001406334 0.0000001011 0 0 0
1927187 0 125 0.0712772967 0.0000225847 0.0000000072 0 0 0
1931328 3 562 0.3264228107 0.0000985279 0.0000000297 0 0 0
1933312 0 125 0.1689332581 0.0000851478 0.0000000429 0 0 0
1935031 0 94 0.0352074527 0.0000204814 0.0000000119 0 0 0
1935640 0 110 0.1955145076 0.0003210419 0.0000005272 0 0 0
1936562 0 110 0.2847925887 0.0003088857 0.0000003350 0 0 0
1939031 0 78 0.0469600940 0.0000190199 0.0000000077 0 0 0
1941718 0 110 0.5277849801 0.0001964217 0.0000000731 0 0 0
1942906 0 109 0.4346400295 0.0003658586 0.0000003080 0 0 0
1945047 0 93 0.2370844802 0.0001107354 0.0000000517 0 0 0
1945984 1 109 0.0109313134 0.0000116663 0.0000000125 0 0 0
1948047 3 343 0.1090148009 0.0000982115 0.0000000885 0 0 0
1949359 0 94 0.6585013710 0.0005019065 0.0000003826 0 0 0
1952078 2 547 0.0000000000 0.0000000000 0.0000000000 94 359 94
1953187 0 94 0.0000000000 0.0000000000 0.0000000000 0 0 0
1953922 0 93 0.0746111149 0.0001015117 0.0000001381 0 0 0
1955843 1 125 0.0249278238 0.0000129765 0.0000000068 0 0 0
1957797 0 125 0.1387920561 0.0000710297 0.0000000364 0 0 0
1959437 1 141 0.5757309840 0.0003510555 0.0000002141 0 0 0
1963656 0 109 0.1430442120 0.0000339048 0.0000000080 0 0 0
1966875 3 1875 0.0824019566 0.0000255986 0.0000000080 0 0 0
1969000 2 484 0.0973693481 0.0000458209 0.0000000216 93 282 109
1971593 0 79 0.0572294959 0.0000220708 0.0000000085 0 0 0
1979000 2 515 0.2156873471 0.0000666731 0.0000000206 125 312 78
1987750 0 93 0.0048776699 0.0000043943 0.0000000040 0 0 0
1987922 4 10750 0.0000000000 0.0000000000 0.0000000000 0 0 0
1998672 0 109 0.0000000000 0.0000000000 0.0000000000 0 0 0
1999031 4 5906 0.0000000000 0.0000000000 0.0000000000 0 0 0
2005687 3 1297 0.0066541612 0.0000009997 0.0000000002 0 0 0
2007281 4 10547 0.0000000000 0.0000000000 0.0000000000 0 0 0
2018250 0 93 0.0134209833 0.0000012235 0.0000000001 0 0 0
2019281 0 109 0.3150345249 0.0003055621 0.0000002964 0 0 0
2019890 2 532 0.4857405177 0.0007976035 0.0000013097 94 344 94
2025312 3 563 0.3191318033 0.0000692410 0.0000000150 0 0 0
2030906 0 109 0.3024773875 0.0000540718 0.0000000097 0 0 0
2032047 0 93 0.2120093174 0.0001858101 0.0000001628 0 0 0
2037734 0 94 0.1859831642 0.0000327032 0.0000000058 0 0 0
2039515 0 94 0.9685363686 0.0005438160 0.0000003053 0 0 0
2040484 0 78 0.3921800343 0.0004047266 0.0000004177 0 0 0
2040562 4 6360 0.0000000000 0.0000000000 0.0000000000 0 0 0
2051453 0 94 0.1052039627 0.0000096597 0.0000000009 0 0 0
2058672 3 1000 0.6443797038 0.0002277765 0.0000000805 0 0 0
2059672 4 11500 0.0000000000 0.0000000000 0.0000000000 0 0 0
2085765 0 110 0.4033452793 0.0000352667 0.0000000031 0 0 0
2092156 3 484 0.2181156553 0.0001224681 0.0000000688 0 0 0
2097140 0 125 0.1017615631 0.0000505020 0.0000000251 0 0 0
2099406 0 109 0.1208774163 0.0000533440 0.0000000235 0 0 0
2100015 0 110 0.0935697233 0.0001536449 0.0000002523 0 0 0
2103562 0 125 0.1903997199 0.0000916264 0.0000000441 0 0 0
2108109 0 109 0.6989254904 0.0005262993 0.0000003963 0 0 0
2113359 0 109 0.0364295566 0.0000097145 0.0000000026 0 0 0
2115609 2 406 0.0566258768 0.0000251671 0.0000000112 94 219 93
2117156 0 94 0.2161536044 0.0001397244 0.0000000903 0 0 0
2118984 0 78 1.0428201071 0.0016685122 0.0000026696 0 0 0
2121984 0 94 0.4038711465 0.0002329130 0.0000001343 0 0 0
2123750 0 78 0.5854800263 0.0004995563 0.0000004262 0 0 0
2125937 3 469 0.0257329685 0.0000433215 0.0000000729 0 0 0
2128109 3 1188 0.0066858707 0.0000043670 0.0000000029 0 0 0
2129968 0 94 0.4325135852 0.0002326593 0.0000001252 0 0 0
2130781 0 94 0.3249509862 0.0003996937 0.0000004916 0 0 0
2132187 4 7797 0.0000000000 0.0000000000 0.0000000000 0 0 0
2140484 0 109 0.0071332060 0.0000008597 0.0000000001 0 0 0
2142609 0 94 0.4307723449 0.0002027164 0.0000000954 0 0 0
2144937 0 110 0.3156562626 0.0001355912 0.0000000582 0 0 0
2148156 0 94 0.2619969983 0.0000813908 0.0000000253 0 0 0
2149547 0 93 0.6392595105 0.0004595683 0.0000003304 0 0 0
2150625 0 109 0.9243975547 0.0008575116 0.0000007955 0 0 0
2155515 0 94 0.5007278365 0.0002137123 0.0000000912 0 0 0
2162531 0 94 0.2724930303 0.0000388388 0.0000000055 0 0 0
2163172 3 859 0.4444030336 0.0006932965 0.0000010816 0 0 0
2169578 0 125 0.5135083016 0.0000801605 0.0000000125 0 0 0
2175937 0 78 0.1021715665 0.0000192341 0.0000000036 0 0 0
2176375 4 78047 0.0000000000 0.0000000000 0.0000000000 0 0 0
2256734 0 78 0.0359851840 0.0000004478 0.0000000000 0 0 0
2263234 0 78 0.0000000000 0.0000000000 0.0000000000 0 0 0
2272406 0 78 0.2754157026 0.0001727827 0.0000001084 0 0 0
2273312 3 1203 0.0446751166 0.0000493103 0.0000000544 0 0 0
2275672 0 78 0.2024233220 0.0000857726 0.0000000363 0 0 0
2276468 3 1485 0.0532803525 0.0000669351 0.0000000841 0 0 0
2281578 0 109 0.3406997006 0.0002137388 0.0000001341 0 0 0
2285781 0 78 0.0735151190 0.0000653468 0.0000000581 0 0 0
2287359 0 78 0.2873237962 0.0001820810 0.0000001154 0 0 0
2296640 3 844 0.3610585089 0.0000389030 0.0000000042 0 0 0
2301547 3 3312 0.3610719983 0.0001351317 0.0000000506 0 0 0
2305937 3 360 0.2204828773 0.0000502239 0.0000000114 0 0 0
2307109 0 109 0.9520687910 0.0008123454 0.0000006931 0 0 0
2307218 4 12407 0.0000000000 0.0000000000 0.0000000000 0 0 0
2321718 3 563 0.0381604926 0.0000026318 0.0000000002 0 0 0
2323047 3 281 0.1184661609 0.0000891393 0.0000000671 0 0 0
2324578 3 406 0.1163087027 0.0000759691 0.0000000496 0 0 0
2325031 3 312 0.0664629029 0.0001467172 0.0000003239 0 0 0
2326281 0 125 0.4158527657 0.0003326822 0.0000002661 0 0 0
2329609 0 109 0.4652292908 0.0001397925 0.0000000420 0 0 0
2332078 0 125 0.6119216222 0.0002478419 0.0000001004 0 0 0
2334218 3 829 0.9492961857 0.0007692838 0.0000006234 0 0 0
2344765 0 78 0.9633268810 0.0007172948 0.0000005341 0 0 0
2347968 0 110 0.1143192520 0.0000599786 0.0000000315 0 0 0
2351297 0 78 0.9697072350 0.0002912908 0.0000000875 0 0 0
2355468 0 110 0.1579289889 0.0000470167 0.0000000140 0 0 0
2364859 0 94 0.7646394468 0.0000814226 0.0000000087 0 0 0
2368250 0 78 0.2551727574 0.0001327642 0.0000000691 0 0 0
2371203 0 94 0.3583528683 0.0001213521 0.0000000411 0 0 0
2378172 0 109 0.4047118240 0.0000580732 0.0000000083 0 0 0
2382734 0 94 0.2286012808 0.0000501099 0.0000000110 0 0 0
2385515 3 3860 0.1027571233 0.0000369497 0.0000000133 0 0 0
2393765 4 31110 0.0000000000 0.0000000000 0.0000000000 0 0 0
2427375 0 109 0.2801767135 0.0000083361 0.0000000002 0 0 0
2439234 0 78 1.0397784602 0.0014790590 0.0000021039 0 0 0
2449765 0 94 0.5657855991 0.0000611660 0.0000000066 0 0 0
2452484 0 94 0.7497332123 0.0002757386 0.0000001014 0 0 0
2457437 3 1360 0.1802902016 0.0000663075 0.0000000244 0 0 0
2460750 0 109 0.8237001296 0.0002486267 0.0000000750 0 0 0
2465468 0 94 0.3185735175 0.0003089947 0.0000002997 0 0 0
2468625 0 93 0.1966054809 0.0000622760 0.0000000197 0 0 0
2473453 0 94 0.3106372494 0.0000643408 0.0000000133 0 0 0
2476187 0 78 0.0839781302 0.0000307162 0.0000000112 0 0 0
2476984 0 109 0.5788384559 0.0007262716 0.0000009113 0 0 0
2480843 0 79 0.2081014245 0.0000539263 0.0000000140 0 0 0
2484359 0 125 0.3369071195 0.0000958211 0.0000000273 0 0 0
2485750 0 109 0.3465858561 0.0002491631 0.0000001791 0 0 0
2489172 0 93 0.3219366328 0.0001460693 0.0000000663 0 0 0
2490047 0 109 0.5811951086 0.0006642230 0.0000007591 0 0 0
2491312 3 422 0.5563535200 0.0004398052 0.0000003477 0 0 0
2496172 3 312 0.0443967067 0.0000091351 0.0000000019 0 0 0
2508906 3 469 0.0733006485 0.0000057563 0.0000000005 0 0 0
2514078 0 78 0.4716865100 0.0003111389 0.0000002052 0 0 0
2517968 0 110 0.2317103326 0.0000595656 0.0000000153 0 0 0
2520906 4 8922 0.0000000000 0.0000000000 0.0000000000 0 0 0
2530828 0 109 0.1148248259 0.0000115728 0.0000000012 0 0 0
2536453 0 94 0.2974425025 0.0000528787 0.0000000094 0 0 0
2539515 0 94 0.2825775803 0.0000922853 0.0000000301 0 0 0
2540328 0 109 0.4057309654 0.0004990541 0.0000006138 0 0 0
2542312 0 125 0.3272074342 0.0001649231 0.0000000831 0 0 0
2544093 0 94 0.2794358138 0.0001568983 0.0000000881 0 0 0
2547328 0 125 0.3821436140 0.0001181279 0.0000000365 0 0 0
2549578 0 94 0.3488875720 0.0001550611 0.0000000689 0 0 0
2550406 0 109 0.4442625143 0.0005365489 0.0000006480 0 0 0
2551218 0 125 0.6669274541 0.0008213392 0.0000010115 0 0 0
2554468 0 110 0.6309567479 0.0001941405 0.0000000597 0 0 0
2562078 4 24656 0.0000000000 0.0000000000 0.0000000000 0 0 0
2587625 3 1000 0.0166546937 0.0000006519 0.0000000000 0 0 0
2588750 4 15156 0.0000000000 0.0000000000 0.0000000000 0 0 0
2604656 0 125 0.0684382485 0.0000043027 0.0000000003 0 0 0
2625672 0 109 0.1149022604 0.0000054674 0.0000000003 0 0 0
2627437 0 78 0.9263467870 0.0005248424 0.0000002974 0 0 0
2631015 0 94 0.5242044321 0.0001465077 0.0000000409 0 0 0
2633703 0 109 0.5965448933 0.0002219289 0.0000000826 0 0 0
2635672 0 109 0.0613212846 0.0000311434 0.0000000158 0 0 0
2640359 0 94 0.0761502971 0.0000162471 0.0000000035 0 0 0
2642718 0 94 0.4666311044 0.0001978089 0.0000000839 0 0 0
2644890 0 94 0.1503510181 0.0000692224 0.0000000319 0 0 0
2646859 0 125 0.5092372917 0.0002586274 0.0000001313 0 0 0
2650343 0 110 0.4962986627 0.0001424508 0.0000000409 0 0 0
2657609 0 125 0.1077312228 0.0000148268 0.0000000020 0 0 0
2663500 0 109 0.4592116476 0.0000779514 0.0000000132 0 0 0
2666453 0 125 0.6834584934 0.0002314455 0.0000000784 0 0 0
2666578 4 33250 0.0000000000 0.0000000000 0.0000000000 0 0 0
2700781 0 94 0.0239061246 0.0000006989 0.0000000000 0 0 0
2712734 0 125 0.2169869695 0.0000210728 0.0000000020 0 0 0
2720953 0 78 0.3929304142 0.0000478076 0.0000000058 0 0 0
2739140 0 125 0.8166069452 0.0000479033 0.0000000028 0 0 0
2754390 0 78 0.1966129057 0.0000128926 0.0000000008 0 0 0
2764312 0 110 0.0669683078 0.0000067495 0.0000000007 0 0 0
2767359 0 94 0.9490287862 0.0003114633 0.0000001022 0 0 0
2777843 3 1985 0.2204610573 0.0000238749 0.0000000026 0 0 0
2785390 0 94 0.8656569667 0.0001147021 0.0000000152 0 0 0
2792718 0 94 0.7153293923 0.0006026364 0.0000005077 0 0 0
2796859 0 109 0.4230107316 0.0001021518 0.0000000247 0 0 0
2800734 0 125 0.7390330039 0.0001907182 0.0000000492 0 0 0
2801547 0 125 0.2389887151 0.0002939591 0.0000003616 0 0 0
2803812 0 94 0.1666035209 0.0000735556 0.0000000325 0 0 0
2804593 0 94 0.5363170452 0.0006867056 0.0000008793 0 0 0
2808031 3 531 0.7845788470 0.0002282079 0.0000000664 0 0 0
2809109 0 78 0.5617477745 0.0005211018 0.0000004834 0 0 0
2809828 0 78 0.7804608005 0.0010854809 0.0000015097 0 0 0
2812843 0 125 0.1870944884 0.0000620546 0.0000000206 0 0 0
2818047 0 78 0.3921198833 0.0000753497 0.0000000145 0 0 0
2820968 0 94 0.8014263815 0.0004499867 0.0000002527 0 0 0
2822062 0 78 1.0504146385 0.0009601596 0.0000008777 0 0 0
2824406 4 6469 0.0000000000 0.0000000000 0.0000000000 0 0 0
2836640 0 110 0.1582111227 0.0000129321 0.0000000011 0 0 0
2837765 0 78 0.0044444444 0.0000039506 0.0000000035 0 0 0
2839422 0 93 0.6042967272 0.0003646933 0.0000002201 0 0 0
2842781 0 94 0.4251657865 0.0003056548 0.0000002197 0 0 0
2844781 0 78 1.0456709453 0.0005228355 0.0000002614 0 0 0
2847765 0 94 0.3799264108 0.0001273212 0.0000000427 0 0 0
2855609 0 78 0.2255010761 0.0000287482 0.0000000037 0 0 0
2857187 3 563 0.1471734521 0.0000932658 0.0000000591 0 0 0
2858968 4 6875 0.0000000000 0.0000000000 0.0000000000 0 0 0
2866812 0 125 0.0282637480 0.0000036032 0.0000000005 0 0 0
2869984 0 94 0.1403440815 0.0000442447 0.0000000139 0 0 0
2871265 0 94 0.2930568855 0.0002287720 0.0000001786 0 0 0
2872953 0 94 0.7771990779 0.0004604260 0.0000002728 0 0 0
2877640 0 94 0.0955160133 0.0000203789 0.0000000043 0 0 0
2880797 0 93 0.6943462127 0.0002199386 0.0000000697 0 0 0
2885218 3 2125 0.4613589781 0.0002460581 0.0000001312 0 0 0
2887750 0 109 0.0796805729 0.0000314694 0.0000000124 0 0 0
2888937 3 1235 0.0526746408 0.0000443763 0.0000000374 0 0 0
2892140 0 110 0.6584976988 0.0002055878 0.0000000642 0 0 0
2895047 0 93 0.0230169950 0.0000079178 0.0000000027 0 0 0
2896297 0 93 0.1455436388 0.0001164349 0.0000000931 0 0 0
2896593 4 5610 0.0000000000 0.0000000000 0.0000000000 0 0 0
2910156 0 109 0.3760989806 0.0003296222 0.0000002889 0 0 0
2911875 0 93 0.1688683664 0.0000982364 0.0000000571 0 0 0
2916593 0 125 0.1105565602 0.0000234329 0.0000000050 0 0 0
2917984 0 109 0.0918293380 0.0000660168 0.0000000475 0 0 0
2926125 0 125 0.0801198407 0.0000098415 0.0000000012 0 0 0
2929922 0 109 0.4840260948 0.0004020150 0.0000003339 0 0 0
2930906 0 125 0.9051657680 0.0009198839 0.0000009348 0 0 0
2934109 0 94 0.5101916104 0.0001592855 0.0000000497 0 0 0
2937109 0 109 0.6316995551 0.0002105665 0.0000000702 0 0 0
2960500 0 109 0.3412952591 0.0000145909 0.0000000006 0 0 0
2976859 0 109 0.0207736619 0.0000075541 0.0000000027 0 0 0
2979328 0 125 0.1152836816 0.0000466925 0.0000000189 0 0 0
2991015 0 94 0.4589572619 0.0000392708 0.0000000034 0 0 0
3000672 0 93 0.2558970889 0.0000264986 0.0000000027 0 0 0
3002984 0 94 0.0503681767 0.0000217855 0.0000000094 0 0 0
3007031 0 125 0.1088913722 0.0000269067 0.0000000066 0 0 0
3009937 0 94 0.0372576041 0.0000128209 0.0000000044 0 0 0
3016672 0 109 0.2003118762 0.0001232688 0.0000000759 0 0 0
3019125 0 125 0.0370850636 0.0000151182 0.0000000062 0 0 0
3019875 0 78 0.0712783644 0.0000950378 0.0000001267 0 0 0
3022953 0 94 0.0909362795 0.0000295440 0.0000000096 0 0 0
3023593 0 110 0.0920800631 0.0001438751 0.0000002248 0 0 0
3025797 0 93 0.0243574088 0.0000110515 0.0000000050 0 0 0
3027547 0 109 0.3864041133 0.0002208024 0.0000001262 0 0 0
3029172 0 93 0.5235391457 0.0003221779 0.0000001983 0 0 0
3032250 0 93 0.2798367025 0.0000909151 0.0000000295 0 0 0
3035672 0 109 0.2834140414 0.0000828212 0.0000000242 0 0 0
3043047 3 875 0.0795025256 0.0000262211 0.0000000086 0 0 0
3044172 0 109 0.0068002503 0.0000060447 0.0000000054 0 0 0
3045797 0 93 0.0852329703 0.0000524511 0.0000000323 0 0 0
3047687 0 94 0.2462624409 0.0001302976 0.0000000689 0 0 0
3049172 0 125 0.1855527479 0.0001249513 0.0000000841 0 0 0
3050234 0 109 0.0800660383 0.0000753917 0.0000000710 0 0 0
3051703 0 109 0.1634254860 0.0001112495 0.0000000757 0 0 0
3055625 0 78 0.0750133171 0.0000191263 0.0000000049 0 0 0
3057984 0 78 0.1297278027 0.0000549927 0.0000000233 0 0 0
3060047 0 93 0.2947285284 0.0001428640 0.0000000693 0 0 0
3061000 0 125 0.9245414990 0.0009701380 0.0000010180 0 0 0
3063625 0 125 0.3761063809 0.0001432786 0.0000000546 0 0 0
3064718 0 94 0.5876358594 0.0005376357 0.0000004919 0 0 0
3065812 4 7735 0.0000000000 0.0000000000 0.0000000000 0 0 0
3073797 0 93 0.0225351820 0.0000028222 0.0000000004 0 0 0
3083640 3 1469 0.3257641992 0.0000330960 0.0000000034 0 0 0
3085640 0 94 0.0428720703 0.0000214360 0.0000000107 0 0 0
3086343 3 688 0.2931961046 0.0004170642 0.0000005933 0 0 0
3088109 0 109 0.0206398676 0.0000116874 0.0000000066 0 0 0
3088718 0 94 0.3281434415 0.0005388234 0.0000008848 0 0 0
3090812 0 110 0.0954096140 0.0000455633 0.0000000218 0 0 0
3091812 0 94 0.3295568403 0.0003295568 0.0000003296 0 0 0
3093656 0 94 0.1162516334 0.0000630432 0.0000000342 0 0 0
3097797 3 2859 0.1001215049 0.0000241781 0.0000000058 0 0 0
3102422 0 93 0.7356667351 0.0001590631 0.0000000344 0 0 0
3105515 0 78 1.0309130551 0.0003333052 0.0000001078 0 0 0
3108484 3 1656 0.0563776722 0.0000189888 0.0000000064 0 0 0
3110797 0 109 0.0256316432 0.0000110816 0.0000000048 0 0 0
3112797 0 109 0.0776921676 0.0000388461 0.0000000194 0 0 0
3114109 3 2953 0.1647579473 0.0001255777 0.0000000957 0 0 0
3123047 0 93 0.5060235029 0.0001194861 0.0000000282 0 0 0
3128093 3 344 0.0185029812 0.0000151913 0.0000000125 0 0 0
3130968 3 3657 0.4436927919 0.0001543279 0.0000000537 0 0 0
3136078 0 94 0.1392802749 0.0000272564 0.0000000053 0 0 0
3137562 0 94 0.0969004121 0.0000652968 0.0000000440 0 0 0
3138234 3 594 0.3040653153 0.0004524781 0.0000006733 0 0 0
3142859 0 94 0.0612832366 0.0001031704 0.0000001737 0 0 0
3143859 3 734 0.2798551142 0.0002798551 0.0000002799 0 0 0
3145547 0 93 0.2453363300 0.0001453414 0.0000000861 0 0 0
3146437 3 938 0.4857570037 0.0005457944 0.0000006133 0 0 0
3148453 0 78 0.2122574605 0.0001052864 0.0000000522 0 0 0
3149640 3 563 0.5748234355 0.0004842657 0.0000004080 0 0 0
3150797 0 78 0.5206485873 0.0004499988 0.0000003889 0 0 0
3152015 3 1438 0.6056561847 0.0004972547 0.0000004083 0 0 0
3154390 0 78 0.2974273718 0.0001252326 0.0000000527 0 0 0
3155343 3 532 0.7430794907 0.0007797266 0.0000008182 0 0 0
3156687 0 78 0.5154959617 0.0003835535 0.0000002854 0 0 0
3157906 3 484 0.5193095642 0.0004260128 0.0000003495 0 0 0
3159203 0 78 0.5214833266 0.0004020689 0.0000003100 0 0 0
3160672 3 718 0.4632780706 0.0003153697 0.0000002147 0 0 0
3161906 0 78 0.2956108254 0.0002395550 0.0000001941 0 0 0
3162750 3 797 0.4619637943 0.0005473505 0.0000006485 0 0 0
3164297 0 93 0.2695969938 0.0001742708 0.0000001127 0 0 0
3165437 3 750 0.4205808485 0.0003689306 0.0000003236 0 0 0
3167812 3 1188 0.5494697541 0.0005959542 0.0000006464 0 0 0
3169562 0 94 0.1904522323 0.0001088298 0.0000000622 0 0 0
3170531 3 1484 0.6505896132 0.0006714031 0.0000006929 0 0 0
3172781 0 109 0.1604153083 0.0000712957 0.0000000317 0 0 0
3174031 3 1078 0.5171907220 0.0004137526 0.0000003310 0 0 0
3177343 3 719 0.0514245058 0.0000233429 0.0000000106 0 0 0
3178890 0 78 0.2774514674 0.0001793481 0.0000001159 0 0 0
3180343 3 985 0.4932610605 0.0003394777 0.0000002336 0 0 0
3181609 0 94 0.0198444752 0.0000156749 0.0000000124 0 0 0
3182093 3 1422 0.0237027602 0.0000489726 0.0000001012 0 0 0
3184343 0 94 0.2595417995 0.0001153519 0.0000000513 0 0 0
3185656 3 906 0.3457649399 0.0002633396 0.0000002006 0 0 0
3187375 0 93 0.3771456169 0.0002193983 0.0000001276 0 0 0
3188500 3 1375 0.4258683205 0.0003785496 0.0000003365 0 0 0
3190953 0 94 0.2633535869 0.0001073598 0.0000000438 0 0 0
3192109 3 1094 0.4632764068 0.0004007581 0.0000003467 0 0 0
3193953 0 78 0.3559601249 0.0001930369 0.0000001047 0 0 0
3195297 3 656 0.4673420672 0.0003477248 0.0000002587 0 0 0
3196656 0 94 0.4064518611 0.0002990816 0.0000002201 0 0 0
3198234 3 922 0.4459978724 0.0002826349 0.0000001791 0 0 0
3200250 0 93 0.3822614068 0.0001896138 0.0000000941 0 0 0
3201609 3 797 0.6311294135 0.0004644072 0.0000003417 0 0 0
3204843 3 844 0.5564875474 0.0003790787 0.0000002582 0 0 0
3206625 0 109 0.4539420402 0.0002547374 0.0000001430 0 0 0
3208265 3 1157 0.5341357076 0.0003256925 0.0000001986 0 0 0
3210609 0 109 0.4310961832 0.0001839148 0.0000000785 0 0 0
3212234 3 922 0.4777065956 0.0002939733 0.0000001809 0 0 0
3216062 3 922 0.3779011860 0.0002121848 0.0000001191 0 0 0
3217718 0 94 0.3610539040 0.0002180277 0.0000001317 0 0 0
3218172 4 72687 0.0000000000 0.0000000000 0.0000000000 0 0 0
3291343 0 79 0.0229472268 0.0000003136 0.0000000000 0 0 0
3293390 0 78 0.3766256441 0.0011482489 0.0000035008 0 0 0
3294859 0 78 0.4918068232 0.0003347902 0.0000002279 0 0 0
3295531 0 78 0.1008893531 0.0001501330 0.0000002234 0 0 0
3296250 0 93 0.0148126308 0.0000206017 0.0000000287 0 0 0
3297203 0 78 0.2021113086 0.0002120790 0.0000002225 0 0 0
3297828 0 94 0.3475819552 0.0005561311 0.0000008898 0 0 0
3305468 4 5313 0.0000000000 0.0000000000 0.0000000000 0 0 0
3311828 0 109 0.6053730384 0.0000951844 0.0000000150 0 0 0
3315281 0 78 0.9226999249 0.0002672169 0.0000000774 0 0 0
3317359 0 109 0.1658933960 0.0000798332 0.0000000384 0 0 0
3323203 0 78 0.4410854411 0.0000754766 0.0000000129 0 0 0
3324515 0 94 0.4103748082 0.0003127857 0.0000002384 0 0 0
3328125 0 125 0.1927110486 0.0000533826 0.0000000148 0 0 0
3336297 0 109 0.3606894874 0.0000441372 0.0000000054 0 0 0
3337422 0 93 0.4027296408 0.0003579819 0.0000003182 0 0 0
3338578 3 219 0.1785500774 0.0001544551 0.0000001336 0 0 0
3339234 0 109 0.6181046670 0.0009422327 0.0000014363 0 0 0
3346687 0 110 0.6166116467 0.0000827333 0.0000000111 0 0 0
3356203 0 94 0.0705590201 0.0000820454 0.0000000954 0 0 0
3357797 2 609 0.2845678888 0.0001785244 0.0000001120 78 468 63
3360265 0 125 0.1273841923 0.0002547684 0.0000005095 0 0 0
3369156 0 109 0.0904124324 0.0000628737 0.0000000437 0 0 0
3376953 0 94 0.0910183538 0.0000344636 0.0000000130 0 0 0
3377968 0 125 0.9626405635 0.0009484143 0.0000009344 0 0 0
3381140 0 94 0.2158261533 0.0000680410 0.0000000215 0 0 0
3385922 0 93 0.2210526666 0.0000462260 0.0000000097 0 0 0
3387078 0 94 0.2779334115 0.0002404268 0.0000002080 0 0 0
3388125 0 125 0.5529825748 0.0005281591 0.0000005044 0 0 0
3390609 0 94 0.4414096826 0.0001777012 0.0000000715 0 0 0
3391718 3 813 0.9482620283 0.0008550604 0.0000007710 0 0 0
3397640 0 78 0.0556723469 0.0000094009 0.0000000016 0 0 0
3401922 0 93 0.2768437041 0.0000903832 0.0000000295 0 0 0
3403500 0 109 0.1709429451 0.0001083289 0.0000000686 0 0 0
3405890 0 110 0.4564581515 0.0001909867 0.0000000799 0 0 0
3406687 2 547 0.0180855879 0.0000226921 0.0000000285 141 312 94
3408797 0 109 0.6779025010 0.0003212808 0.0000001523 0 0 0
3410375 0 109 0.3121566734 0.0001978179 0.0000001254 0 0 0
3411468 0 94 0.1322475603 0.0001209950 0.0000001107 0 0 0
3414281 2 703 0.0797675859 0.0000283568 0.0000000101 125 484 94
3415422 0 78 0.0999758013 0.0000876212 0.0000000768 0 0 0
3421500 0 78 0.0577758183 0.0000095057 0.0000000016 0 0 0
3424703 0 94 0.0621780667 0.0000194124 0.0000000061 0 0 0
3430375 2 468 0.5011469986 0.0000883545 0.0000000156 78 281 109
3431531 0 109 0.1384192022 0.0001197398 0.0000001036 0 0 0
3432422 0 125 0.6219649833 0.0006980527 0.0000007834 0 0 0
3443250 0 93 0.1838525655 0.0000229816 0.0000000029 0 0 0
3446093 0 125 0.1285730783 0.0000452244 0.0000000159 0 0 0
3450328 0 125 0.4032617202 0.0000952212 0.0000000225 0 0 0
3451797 0 109 1.0682112679 0.0007271690 0.0000004950 0 0 0
3456984 2 531 0.4356380116 0.0000839865 0.0000000162 94 344 93
3457734 4 5938 0.0000000000 0.0000000000 0.0000000000 0 0 0
3464203 0 109 0.0070907295 0.0000010961 0.0000000002 0 0 0
3475000 4 5797 0.0000000000 0.0000000000 0.0000000000 0 0 0
3488312 0 110 0.4471554637 0.0000335904 0.0000000025 0 0 0
3494140 4 30813 0.0000000000 0.0000000000 0.0000000000 0 0 0
3525828 0 78 0.0104527629 0.0000003299 0.0000000000 0 0 0
3530453 4 8140 0.0000000000 0.0000000000 0.0000000000 0 0 0
3539656 0 78 0.0481161591 0.0000052283 0.0000000006 0 0 0
3543406 0 125 0.1350496571 0.0000360132 0.0000000096 0 0 0
3550265 0 78 0.7239015681 0.0002106202 0.0000000613 0 0 0
