95.3908045977 13.5717389952
nan nan
253.7692307692 63.5393928038
96.1538461538 36.9882437744
70.9230769231 46.1243495488
86.6923076923 17.9202704967
0.2360556136 0.2539450550
0.0001579535 0.0002102882
0.0000001406 0.0000002361

1171 0 79 0.4762639276 0.0004067156 0.0000003473 0 0 0
6843 4 161469 0.0000000000 0.0000000000 0.0000000000 0 0 0
169781 0 78 0.0136660997 0.0000000839 0.0000000000 0 0 0
186843 4 8485 0.0000000000 0.0000000000 0.0000000000 0 0 0
200421 4 95688 0.0000000000 0.0000000000 0.0000000000 0 0 0
299046 0 79 0.0383709672 0.0000003891 0.0000000000 0 0 0
313671 0 79 0.3242808403 0.0002035661 0.0000001278 0 0 0
314250 3 453 0.0852460136 0.0001472297 0.0000002543 0 0 0
315593 3 688 0.0361400617 0.0000269099 0.0000000200 0 0 0
317093 3 1157 0.2283402047 0.0001522268 0.0000001015 0 0 0
319296 3 797 0.0251441747 0.0000114136 0.0000000052 0 0 0
320453 3 593 0.0700351219 0.0000605317 0.0000000523 0 0 0
321750 3 1000 0.4228314315 0.0003260073 0.0000002514 0 0 0
323531 3 812 0.0189302508 0.0000106290 0.0000000060 0 0 0
324656 3 703 0.0603341925 0.0000536304 0.0000000477 0 0 0
325859 3 1094 0.3290639465 0.0002735361 0.0000002274 0 0 0
327609 3 656 0.0189443725 0.0000108254 0.0000000062 0 0 0
328562 3 547 0.0405632911 0.0000425638 0.0000000447 0 0 0
329656 0 109 0.6699475147 0.0006123835 0.0000005598 0 0 0
331359 0 78 0.0000000000 0.0000000000 0.0000000000 0 0 0
332859 0 78 0.3919743979 0.0002613163 0.0000001742 0 0 0
334125 0 78 0.0000000000 0.0000000000 0.0000000000 0 0 0
335187 0 78 0.9847543087 0.0009272639 0.0000008731 0 0 0
339359 0 78 0.6961541714 0.0008734682 0.0000010959 0 0 0
344703 0 78 0.8630073274 0.0007459009 0.0000006447 0 0 0
345515 3 891 0.0664588056 0.0000818458 0.0000001008 0 0 0
349125 3 812 0.7695942595 0.0005861342 0.0000004464 0 0 0
350515 4 63672 0.0000000000 0.0000000000 0.0000000000 0 0 0
417468 0 94 0.0660462984 0.0000009865 0.0000000000 0 0 0
424015 4 66078 0.0000000000 0.0000000000 0.0000000000 0 0 0
498015 0 94 0.1563263807 0.0000827124 0.0000000438 0 0 0
500156 0 109 0.1321433811 0.0000617204 0.0000000288 0 0 0
502937 0 94 0.0000000000 0.0000000000 0.0000000000 0 0 0
503328 4 24297 0.0000000000 0.0000000000 0.0000000000 0 0 0
529640 0 110 0.1646638902 0.0000062581 0.0000000002 0 0 0
530812 4 25141 0.0000000000 0.0000000000 0.0000000000 0 0 0
562250 0 109 0.2829301002 0.0001183313 0.0000000495 0 0 0
564156 0 78 0.2802865287 0.0003987006 0.0000005671 0 0 0
565515 0 94 0.1949643319 0.0001434616 0.0000001056 0 0 0
569000 4 19296 0.0000000000 0.0000000000 0.0000000000 0 0 0
588296 0 94 0.0000000000 0.0000000000 0.0000000000 0 0 0
589859 3 500 0.1909621321 0.0002601664 0.0000003545 0 0 0
600515 4 81750 0.0000000000 0.0000000000 0.0000000000 0 0 0
683859 0 94 0.0292730165 0.0000003512 0.0000000000 0 0 0
684796 3 1407 0.3024436244 0.0003227787 0.0000003445 0 0 0
687109 3 375 0.2356810910 0.0001018941 0.0000000441 0 0 0
691671 4 23407 0.0000000000 0.0000000000 0.0000000000 0 0 0
715546 0 94 0.0048538593 0.0000002033 0.0000000000 0 0 0
718390 3 1578 0.6762063875 0.0002377660 0.0000000836 0 0 0
729296 4 17938 0.0000000000 0.0000000000 0.0000000000 0 0 0
750656 3 2656 0.1752373637 0.0000082040 0.0000000004 0 0 0
754125 3 906 0.0073401098 0.0000021159 0.0000000006 0 0 0
755359 3 672 0.0472953611 0.0000383269 0.0000000311 0 0 0
756031 4 101750 0.0000000000 0.0000000000 0.0000000000 0 0 0
857984 4 6500 0.0000000000 0.0000000000 0.0000000000 0 0 0
867281 0 78 0.9387480672 0.0001009732 0.0000000109 0 0 0
870859 3 297 0.2706289867 0.0001139490 0.0000000480 0 0 0
873781 0 109 0.9786725837 0.0003349324 0.0000001146 0 0 0
881968 0 94 0.0997737082 0.0000121868 0.0000000015 0 0 0
882921 0 94 0.1995812574 0.0002094242 0.0000002198 0 0 0
889046 0 110 0.6165567239 0.0001006623 0.0000000164 0 0 0
892562 0 94 0.0105348491 0.0000072504 0.0000000050 0 0 0
895234 0 109 0.2393327018 0.0001664344 0.0000001157 0 0 0
896921 0 110 0.2358670215 0.0001398145 0.0000000829 0 0 0
897546 0 79 0.1800497445 0.0002880796 0.0000004609 0 0 0
898890 3 344 0.2007469594 0.0001493653 0.0000001111 0 0 0
900078 0 93 0.0000000000 0.0000000000 0.0000000000 0 0 0
900171 4 28625 0.0000000000 0.0000000000 0.0000000000 0 0 0
929218 0 78 0.0075200133 0.0000002589 0.0000000000 0 0 0
929937 3 484 0.3147520974 0.0004377637 0.0000006089 0 0 0
934078 0 93 0.0560764299 0.0000244129 0.0000000106 0 0 0
935375 3 343 0.1212434928 0.0000934799 0.0000000721 0 0 0
936687 3 500 0.2496908067 0.0001903131 0.0000001451 0 0 0
938468 3 1063 0.1175263139 0.0000659889 0.0000000371 0 0 0
940265 3 672 0.1295180078 0.0000720746 0.0000000401 0 0 0
948703 3 812 0.1187990296 0.0001900784 0.0000003041 0 0 0
950203 2 375 0.0393606416 0.0000262404 0.0000000175 218 63 94
950578 4 15672 0.0000000000 0.0000000000 0.0000000000 0 0 0
969171 0 110 0.0169745031 0.0000132510 0.0000000103 0 0 0
970140 0 110 0.1482446849 0.0001529873 0.0000001579 0 0 0
973812 4 40125 0.0000000000 0.0000000000 0.0000000000 0 0 0
1015218 0 110 0.0483451053 0.0000011676 0.0000000000 0 0 0
1016640 0 94 0.0257372740 0.0000180993 0.0000000127 0 0 0
1019718 0 110 0.0460216714 0.0000149518 0.0000000049 0 0 0
1021953 0 78 0.1042256688 0.0000673728 0.0000000436 0 0 0
1026859 0 109 0.0231223152 0.0000047131 0.0000000010 0 0 0
1030218 4 11485 0.0000000000 0.0000000000 0.0000000000 0 0 0
1041968 0 78 0.0263642246 0.0000022438 0.0000000002 0 0 0
1042703 3 1109 0.4063108262 0.0005528038 0.0000007521 0 0 0
1044515 3 672 0.2705103041 0.0001492882 0.0000000824 0 0 0
1045828 0 109 0.4758374984 0.0003624048 0.0000002760 0 0 0
1049156 4 35609 0.0000000000 0.0000000000 0.0000000000 0 0 0
1113921 2 282 0.0074515648 0.0000111052 0.0000000166 79 109 94
1114734 0 94 0.0000000000 0.0000000000 0.0000000000 0 0 0
1130687 0 94 0.0000000000 0.0000000000 0.0000000000 0 0 0
1136031 2 250 0.1205445605 0.0000225570 0.0000000042 94 46 110
1136281 4 105906 0.0000000000 0.0000000000 0.0000000000 0 0 0
1243453 0 109 0.0298889868 0.0000002789 0.0000000000 0 0 0
1245078 0 93 0.2352053382 0.0001447417 0.0000000891 0 0 0
1248453 3 1281 0.1995986460 0.0000591403 0.0000000175 0 0 0
1276140 0 94 0.2383977571 0.0000086105 0.0000000003 0 0 0
1277046 4 11844 0.0000000000 0.0000000000 0.0000000000 0 0 0
1290203 3 797 0.0538469547 0.0000040926 0.0000000003 0 0 0
1297468 3 719 0.1010106212 0.0000609968 0.0000000368 0 0 0
1299171 4 76297 0.0000000000 0.0000000000 0.0000000000 0 0 0
1378125 3 3625 0.0478213690 0.0000387218 0.0000000314 0 0 0
1382093 3 1703 0.0205458914 0.0000051779 0.0000000013 0 0 0
1384734 0 109 0.0634171290 0.0000240125 0.0000000091 0 0 0
1390687 3 1953 0.2967000658 0.0001376160 0.0000000638 0 0 0
1394968 3 453 0.0607347632 0.0000547653 0.0000000494 0 0 0
1395796 3 500 0.3506673431 0.0004235113 0.0000005115 0 0 0
1397281 0 94 0.1941861591 0.0001307651 0.0000000881 0 0 0
1397734 4 273000 0.0000000000 0.0000000000 0.0000000000 0 0 0
1673000 0 93 0.0168034775 0.0000000610 0.0000000000 0 0 0
1676953 4 5703 0.0000000000 0.0000000000 0.0000000000 0 0 0
1686734 0 109 0.5660793136 0.0002094263 0.0000000775 0 0 0
1686843 4 7500 0.0000000000 0.0000000000 0.0000000000 0 0 0
1697296 0 94 0.4625229134 0.0002793013 0.0000001687 0 0 0
1697875 4 422265 0.0000000000 0.0000000000 0.0000000000 0 0 0
2123718 4 19391 0.0000000000 0.0000000000 0.0000000000 0 0 0
2145859 0 109 0.2337120454 0.0000105556 0.0000000005 0 0 0
2148250 4 357515 0.0000000000 0.0000000000 0.0000000000 0 0 0
2506953 0 93 0.0033460945 0.0000000093 0.0000000000 0 0 0
2510250 0 125 0.6894148091 0.0002091037 0.0000000634 0 0 0
2518046 3 625 0.0051216389 0.0000065578 0.0000000084 0 0 0
2522671 4 113860 0.0000000000 0.0000000000 0.0000000000 0 0 0
2638921 0 79 0.0706717266 0.0000006079 0.0000000000 0 0 0
2640625 0 109 0.9889414217 0.0005803647 0.0000003406 0 0 0
2642281 4 13844 0.0000000000 0.0000000000 0.0000000000 0 0 0
2658046 0 94 0.0188815829 0.0000011977 0.0000000001 0 0 0
2690109 4 8937 0.0000000000 0.0000000000 0.0000000000 0 0 0
2710828 4 10390 0.0000000000 0.0000000000 0.0000000000 0 0 0
2721359 4 20047 0.0000000000 0.0000000000 0.0000000000 0 0 0
2745187 4 23156 0.0000000000 0.0000000000 0.0000000000 0 0 0
2778453 0 78 0.0511424519 0.0000015374 0.0000000000 0 0 0
2791125 4 5875 0.0000000000 0.0000000000 0.0000000000 0 0 0
2797015 4 22281 0.0000000000 0.0000000000 0.0000000000 0 0 0
2819312 4 27828 0.0000000000 0.0000000000 0.0000000000 0 0 0
2856015 0 78 0.2882356687 0.0000078532 0.0000000002 0 0 0
2857890 0 78 0.7521182369 0.0004011297 0.0000002139 0 0 0
2866656 0 125 0.3194493468 0.0000413848 0.0000000054 0 0 0
2890390 4 14078 0.0000000000 0.0000000000 0.0000000000 0 0 0
2904500 4 10500 0.0000000000 0.0000000000 0.0000000000 0 0 0
2918218 4 6750 0.0000000000 0.0000000000 0.0000000000 0 0 0
2928390 4 55703 0.0000000000 0.0000000000 0.0000000000 0 0 0
3001265 0 125 0.0380169774 0.0000073963 0.0000000014 0 0 0
3013359 4 16922 0.0000000000 0.0000000000 0.0000000000 0 0 0
3030406 4 9031 0.0000000000 0.0000000000 0.0000000000 0 0 0
3058343 0 94 0.0535909028 0.0000019183 0.0000000001 0 0 0
3072015 4 11156 0.0000000000 0.0000000000 0.0000000000 0 0 0
3101218 0 94 0.1525130548 0.0001205637 0.0000000953 0 0 0
3102296 2 204 0.7843925202 0.0007276368 0.0000006750 79 62 63
3107843 0 78 0.4025793338 0.0006788859 0.0000011448 0 0 0
3108500 2 234 0.4981187555 0.0007581716 0.0000011540 78 62 94
3109250 4 58000 0.0000000000 0.0000000000 0.0000000000 0 0 0
3167406 0 94 0.0047395446 0.0000000815 0.0000000000 0 0 0
3168203 2 250 0.4075650116 0.0005113739 0.0000006416 93 63 94
3168890 4 10297 0.0000000000 0.0000000000 0.0000000000 0 0 0
3180359 0 78 0.0791211402 0.0000068987 0.0000000006 0 0 0
3183125 0 93 0.0448692727 0.0000652170 0.0000000948 0 0 0
3191968 0 78 0.1442219953 0.0000163092 0.0000000018 0 0 0
3193515 0 110 0.2047558084 0.0001323567 0.0000000856 0 0 0
3201250 0 125 0.1632354367 0.0001160167 0.0000000825 0 0 0
3202609 0 109 0.6401441446 0.0004710406 0.0000003466 0 0 0
3207031 0 109 0.5157915349 0.0003402319 0.0000002244 0 0 0
3209187 0 94 0.3789022573 0.0001757432 0.0000000815 0 0 0
3211609 0 109 0.3835548275 0.0001583629 0.0000000654 0 0 0
3212921 0 94 0.2055494507 0.0001566688 0.0000001194 0 0 0
3214531 0 94 0.5108360487 0.0003172895 0.0000001971 0 0 0
3217343 2 188 0.4983707405 0.0001772300 0.0000000630 78 47 63
3218328 2 218 0.3005612841 0.0003051384 0.0000003098 62 63 93
3219359 2 219 0.0537745586 0.0000521577 0.0000000506 94 47 78
3220250 2 250 0.0905071484 0.0001015793 0.0000001140 93 32 125
3221546 2 407 0.3956559703 0.0003052901 0.0000002356 110 219 78
3224781 4 11703 0.0000000000 0.0000000000 0.0000000000 0 0 0
3237078 0 78 0.0454154814 0.0000036932 0.0000000003 0 0 0
3241171 2 219 0.4103075064 0.0001002462 0.0000000245 79 62 78
3246703 2 203 0.1746901730 0.0000315781 0.0000000057 93 47 63
3249531 4 67156 0.0000000000 0.0000000000 0.0000000000 0 0 0
3317640 0 94 0.0118595831 0.0000001741 0.0000000000 0 0 0
3318453 0 109 0.0212799054 0.0000261745 0.0000000322 0 0 0
3323468 3 453 0.8956817179 0.0005309317 0.0000003147 0 0 0
3324515 3 688 0.9830824591 0.0009389517 0.0000008968 0 0 0
3326156 0 94 0.4585183095 0.0002794140 0.0000001703 0 0 0
3326250 4 10656 0.0000000000 0.0000000000 0.0000000000 0 0 0
3338328 0 109 0.0541244018 0.0000044812 0.0000000004 0 0 0
3340234 0 94 0.4422921043 0.0002320525 0.0000001217 0 0 0
3344359 3 766 0.0269680808 0.0000164339 0.0000000100 0 0 0
3349625 4 8593 0.0000000000 0.0000000000 0.0000000000 0 0 0
3359640 0 78 0.2497359299 0.0000249362 0.0000000025 0 0 0
3359906 4 205797 0.0000000000 0.0000000000 0.0000000000 0 0 0
3567812 0 109 0.0147428274 0.0000000709 0.0000000000 0 0 0
