84.6740740741 15.3766680539
94.0000000000 0.0000000000
333.3333333333 58.3771264186
96.5000000000 18.8922382651
140.5000000000 61.7731063382
96.3333333333 14.0554457615
0.2242851928 0.2027430570
0.0000857639 0.0001171970
0.0000000494 0.0000001011

3182 0 94 0.0937737661 0.0000294701 0.0000000093 0 0 0
11419 0 109 0.1354129380 0.0000164396 0.0000000020 0 0 0
12823 4 11139 0.0000000000 0.0000000000 0.0000000000 0 0 0
24008 4 5445 0.0000000000 0.0000000000 0.0000000000 0 0 0
32510 0 78 0.1075990164 0.0000126557 0.0000000015 0 0 0
34866 0 78 0.0427362024 0.0000181393 0.0000000077 0 0 0
39328 0 62 0.1834178242 0.0000411066 0.0000000092 0 0 0
40872 4 21575 0.0000000000 0.0000000000 0.0000000000 0 0 0
63430 0 78 0.0081808271 0.0000003627 0.0000000000 0 0 0
64537 0 78 0.1196207870 0.0001080585 0.0000000976 0 0 0
64615 4 22012 0.0000000000 0.0000000000 0.0000000000 0 0 0
93008 4 19937 0.0000000000 0.0000000000 0.0000000000 0 0 0
116252 4 9079 0.0000000000 0.0000000000 0.0000000000 0 0 0
127297 4 39796 0.0000000000 0.0000000000 0.0000000000 0 0 0
180009 3 4415 0.0394300850 0.0000007480 0.0000000000 0 0 0
187076 3 13760 0.0000000000 0.0000000000 0.0000000000 0 0 0
206701 3 1170 0.3245333048 0.0001260813 0.0000000490 0 0 0
207871 4 7551 0.0000000000 0.0000000000 0.0000000000 0 0 0
215780 3 6287 0.0012643823 0.0000001599 0.0000000000 0 0 0
222067 4 18455 0.0000000000 0.0000000000 0.0000000000 0 0 0
246372 4 17098 0.0000000000 0.0000000000 0.0000000000 0 0 0
263470 3 1217 0.0000000000 0.0000000000 0.0000000000 0 0 0
264687 4 22058 0.0000000000 0.0000000000 0.0000000000 0 0 0
288805 0 93 0.0437271226 0.0000018130 0.0000000001 0 0 0
290692 4 5413 0.0000000000 0.0000000000 0.0000000000 0 0 0
298664 4 21762 0.0000000000 0.0000000000 0.0000000000 0 0 0
321924 0 93 0.0439443284 0.0000018893 0.0000000001 0 0 0
323920 3 1576 0.3446970592 0.0001726939 0.0000000865 0 0 0
325496 4 5444 0.0000000000 0.0000000000 0.0000000000 0 0 0
332625 4 15288 0.0000000000 0.0000000000 0.0000000000 0 0 0
348459 0 78 0.0194869538 0.0000012307 0.0000000001 0 0 0
349224 0 62 0.0685020690 0.0000895452 0.0000001171 0 0 0
349286 4 9641 0.0000000000 0.0000000000 0.0000000000 0 0 0
364808 3 2184 0.0807618753 0.0000052031 0.0000000003 0 0 0
368256 0 78 0.0975998108 0.0000283062 0.0000000082 0 0 0
371485 0 94 0.0000000000 0.0000000000 0.0000000000 0 0 0
371579 4 7129 0.0000000000 0.0000000000 0.0000000000 0 0 0
383778 3 9344 0.3834837904 0.0001373509 0.0000000492 0 0 0
394760 0 94 0.1001051551 0.0000091154 0.0000000008 0 0 0
398083 0 94 0.3725359472 0.0001121083 0.0000000337 0 0 0
401640 3 624 0.3564331912 0.0001002061 0.0000000282 0 0 0
405400 0 93 0.2492588468 0.0000662922 0.0000000176 0 0 0
412591 4 8487 0.0000000000 0.0000000000 0.0000000000 0 0 0
422451 0 109 0.0630065385 0.0000063901 0.0000000006 0 0 0
423293 0 62 0.0000000000 0.0000000000 0.0000000000 0 0 0
424323 0 78 0.0000000000 0.0000000000 0.0000000000 0 0 0
438815 0 94 0.0481496018 0.0000039267 0.0000000003 0 0 0
442325 3 2434 0.1858868480 0.0000529592 0.0000000151 0 0 0
447754 0 78 0.1583016105 0.0000291585 0.0000000054 0 0 0
451186 3 37440 0.2703719759 0.0000787797 0.0000000230 0 0 0
490327 0 93 0.0275586427 0.0000007041 0.0000000000 0 0 0
490420 4 10171 0.0000000000 0.0000000000 0.0000000000 0 0 0
502417 4 10483 0.0000000000 0.0000000000 0.0000000000 0 0 0
514975 0 109 0.0204176848 0.0000016259 0.0000000001 0 0 0
517268 3 42885 0.4975604062 0.0002169910 0.0000000946 0 0 0
560964 3 25054 0.0010545550 0.0000000241 0.0000000000 0 0 0
587094 0 78 0.0332998254 0.0000012744 0.0000000000 0 0 0
590994 0 62 0.2220243659 0.0000569293 0.0000000146 0 0 0
594317 3 889 0.2376464055 0.0000715156 0.0000000215 0 0 0
595206 4 14009 0.0000000000 0.0000000000 0.0000000000 0 0 0
610260 0 78 0.0788290594 0.0000052364 0.0000000003 0 0 0
612241 3 9438 0.6225925122 0.0003142819 0.0000001586 0 0 0
621679 4 5164 0.0000000000 0.0000000000 0.0000000000 0 0 0
634269 3 561 0.4670494574 0.0002064763 0.0000000913 0 0 0
642864 3 1592 0.1206607417 0.0000418090 0.0000000145 0 0 0
647357 0 94 0.5110901673 0.0001137525 0.0000000253 0 0 0
651023 3 2683 0.1662095629 0.0000453381 0.0000000124 0 0 0
653706 4 13510 0.0000000000 0.0000000000 0.0000000000 0 0 0
667216 3 390 0.0000000000 0.0000000000 0.0000000000 0 0 0
669385 0 62 0.6637218012 0.0003060036 0.0000001411 0 0 0
670305 0 78 0.0000000000 0.0000000000 0.0000000000 0 0 0
677887 0 93 0.3099872288 0.0000408846 0.0000000054 0 0 0
682816 0 109 0.5458344122 0.0001891318 0.0000000655 0 0 0
686903 3 13339 0.4400646477 0.0001076742 0.0000000263 0 0 0
703611 3 1045 0.0000000000 0.0000000000 0.0000000000 0 0 0
706887 0 63 0.5407600047 0.0003365028 0.0000002094 0 0 0
715717 0 78 0.2272331586 0.0000257342 0.0000000029 0 0 0
722472 0 78 0.3430159981 0.0001144913 0.0000000382 0 0 0
724344 4 20467 0.0000000000 0.0000000000 0.0000000000 0 0 0
756745 0 63 0.0486384126 0.0000015011 0.0000000000 0 0 0
757354 0 62 0.2764581317 0.0004539542 0.0000007454 0 0 0
761519 0 109 0.5589155582 0.0001341934 0.0000000322 0 0 0
764764 3 858 0.4177856665 0.0001287475 0.0000000397 0 0 0
765622 4 55676 0.0000000000 0.0000000000 0.0000000000 0 0 0
823139 0 78 0.0250687208 0.0000004358 0.0000000000 0 0 0
826244 3 2168 0.5220947414 0.0001681465 0.0000000542 0 0 0
831454 4 5117 0.0000000000 0.0000000000 0.0000000000 0 0 0
836571 0 78 0.0000000000 0.0000000000 0.0000000000 0 0 0
839270 3 35100 0.4524188550 0.0001676246 0.0000000621 0 0 0
874370 4 12854 0.0000000000 0.0000000000 0.0000000000 0 0 0
887474 3 24913 0.0001526252 0.0000000116 0.0000000000 0 0 0
912387 4 30249 0.0000000000 0.0000000000 0.0000000000 0 0 0
944024 0 94 0.0495688661 0.0000015668 0.0000000000 0 0 0
944851 4 122274 0.0000000000 0.0000000000 0.0000000000 0 0 0
1067640 4 13041 0.0000000000 0.0000000000 0.0000000000 0 0 0
1084113 4 26271 0.0000000000 0.0000000000 0.0000000000 0 0 0
1113769 0 94 0.3291074816 0.0001989767 0.0000001203 0 0 0
1116483 0 63 0.7625421728 0.0004841538 0.0000003074 0 0 0
1127700 0 94 0.2831084178 0.0000252392 0.0000000023 0 0 0
1136842 0 78 0.5128730502 0.0000561007 0.0000000061 0 0 0
1139587 0 63 0.3538837260 0.0001289194 0.0000000470 0 0 0
1145952 0 78 0.0141454632 0.0000022224 0.0000000003 0 0 0
1148245 0 78 0.0335695968 0.0000146400 0.0000000064 0 0 0
1172831 0 62 0.1996225974 0.0000081194 0.0000000003 0 0 0
1186793 3 936 0.3118302091 0.0000223342 0.0000000016 0 0 0
1188977 2 265 0.1454101149 0.0000665797 0.0000000305 78 94 93
1189429 2 391 0.0000000000 0.0000000000 0.0000000000 79 218 94
1190100 2 266 0.0000000000 0.0000000000 0.0000000000 110 62 94
1192191 3 2480 0.0949016973 0.0000543227 0.0000000311 0 0 0
1202627 3 749 0.2679984848 0.0000256802 0.0000000025 0 0 0
1204952 0 62 0.8857449951 0.0003809656 0.0000001639 0 0 0
1212596 0 78 0.8881278846 0.0004185334 0.0000001972 0 0 0
1224077 0 63 0.3896741574 0.0000339408 0.0000000030 0 0 0
1226511 0 62 0.1040542999 0.0000427503 0.0000000176 0 0 0
1230754 4 25116 0.0000000000 0.0000000000 0.0000000000 0 0 0
1260457 0 109 0.8782522879 0.0002480238 0.0000000700 0 0 0
1280737 0 93 0.2230307905 0.0000109976 0.0000000005 0 0 0
1282203 0 63 0.4346453758 0.0002964839 0.0000002022 0 0 0
1283093 0 62 0.0908722625 0.0001021037 0.0000001147 0 0 0
1290768 0 62 0.2089091036 0.0000272194 0.0000000035 0 0 0
1302234 0 78 0.1963743778 0.0000181643 0.0000000017 0 0 0
1305447 2 328 0.7043767818 0.0002192271 0.0000000682 78 156 94
1307382 3 4617 0.1232233869 0.0000839969 0.0000000573 0 0 0
1313325 0 94 0.2159289008 0.0000363333 0.0000000061 0 0 0
1314496 0 78 0.3430371710 0.0002929438 0.0000002502 0 0 0
1315931 0 93 0.6576928119 0.0004583225 0.0000003194 0 0 0
1318864 0 93 0.2842806662 0.0000969249 0.0000000330 0 0 0
1320923 0 62 0.2891374715 0.0001404262 0.0000000682 0 0 0
1321937 0 78 0.3241134615 0.0003196385 0.0000003152 0 0 0
1323341 0 93 0.3132505549 0.0002231129 0.0000001589 0 0 0
1328894 0 94 0.2075686650 0.0000373796 0.0000000067 0 0 0
1330392 0 62 0.0249893047 0.0000166818 0.0000000111 0 0 0
1332155 0 109 0.1794042240 0.0001017608 0.0000000577 0 0 0
1337428 0 109 0.1179722255 0.0000223729 0.0000000042 0 0 0
1341218 3 11030 0.4742184831 0.0001251236 0.0000000330 0 0 0
1354245 0 109 0.1201616530 0.0000092240 0.0000000007 0 0 0
1355025 0 109 0.2898994739 0.0003716660 0.0000004765 0 0 0
1359127 0 94 0.0903926026 0.0000220362 0.0000000054 0 0 0
1359970 0 78 0.3011956032 0.0003572902 0.0000004238 0 0 0
1362871 0 110 0.2113348948 0.0000728490 0.0000000251 0 0 0
1363932 0 78 0.2530893577 0.0002385385 0.0000002248 0 0 0
1368893 0 78 0.5015551162 0.0002453792 0.0000001200 0 0 0
1380063 0 93 0.3689813757 0.0000330332 0.0000000030 0 0 0
1384431 0 93 0.1707288571 0.0000390863 0.0000000089 0 0 0
1386693 0 109 0.2532918243 0.0001119769 0.0000000495 0 0 0
1393370 0 93 0.2747556705 0.0000411496 0.0000000062 0 0 0
1419671 0 94 0.2456243737 0.0000093390 0.0000000004 0 0 0
1427830 0 94 0.2719928036 0.0000333365 0.0000000041 0 0 0
1430623 0 109 0.0430878695 0.0000154271 0.0000000055 0 0 0
1431902 0 93 0.3305165728 0.0002584180 0.0000002020 0 0 0
1436051 0 63 0.1024749536 0.0000246987 0.0000000060 0 0 0
1437175 0 78 0.0325117471 0.0000289250 0.0000000257 0 0 0
1440404 0 94 0.7888626662 0.0006482027 0.0000005326 0 0 0
1443399 0 63 0.2036519119 0.0000679973 0.0000000227 0 0 0
1444632 0 62 0.2592575943 0.0002102657 0.0000001705 0 0 0
1451652 0 78 0.1343110405 0.0000191326 0.0000000027 0 0 0
1459732 4 244657 0.0000000000 0.0000000000 0.0000000000 0 0 0
1706339 0 78 0.0033588064 0.0000000136 0.0000000000 0 0 0
1709287 0 78 0.2402027227 0.0000814799 0.0000000276 0 0 0
1711674 0 62 0.3261149152 0.0001366212 0.0000000572 0 0 0
1716666 4 7941 0.0000000000 0.0000000000 0.0000000000 0 0 0
1724919 4 57720 0.0000000000 0.0000000000 0.0000000000 0 0 0
1785213 0 78 0.0361726825 0.0000005999 0.0000000000 0 0 0
1788239 0 78 0.3173853766 0.0001048861 0.0000000347 0 0 0
1788629 4 161009 0.0000000000 0.0000000000 0.0000000000 0 0 0
1955628 4 40280 0.0000000000 0.0000000000 0.0000000000 0 0 0
2001633 0 78 0.0360772681 0.0000007842 0.0000000000 0 0 0
2003583 0 109 0.1129940665 0.0000579457 0.0000000297 0 0 0
2004816 0 78 0.0024330900 0.0000019733 0.0000000016 0 0 0
2007967 4 6443 0.0000000000 0.0000000000 0.0000000000 0 0 0
2015767 0 93 0.0547851541 0.0000070237 0.0000000009 0 0 0
2015860 4 18206 0.0000000000 0.0000000000 0.0000000000 0 0 0
2034066 0 78 0.0000000000 0.0000000000 0.0000000000 0 0 0
2037467 0 109 0.1520425876 0.0000447053 0.0000000131 0 0 0
2045906 0 78 0.1004986329 0.0000119088 0.0000000014 0 0 0
2045984 4 22152 0.0000000000 0.0000000000 0.0000000000 0 0 0
2072286 3 265 0.0626854792 0.0000023833 0.0000000001 0 0 0
2074174 0 93 0.5782763181 0.0003062904 0.0000001622 0 0 0
2080866 3 7036 0.1912531650 0.0000285794 0.0000000043 0 0 0
2091115 3 13666 0.1654135435 0.0000161395 0.0000000016 0 0 0
2108041 2 422 0.0586594441 0.0000034656 0.0000000002 125 219 78
2108603 2 328 0.0000000000 0.0000000000 0.0000000000 109 94 125
2111505 3 30779 0.2134630465 0.0000735572 0.0000000253 0 0 0
2151191 0 94 0.0688358869 0.0000017345 0.0000000000 0 0 0
2155434 0 94 0.4052683392 0.0000955146 0.0000000225 0 0 0
2170691 0 110 0.2983077823 0.0000195522 0.0000000013 0 0 0
2185215 0 109 0.1596472600 0.0000109920 0.0000000008 0 0 0
2204434 4 7956 0.0000000000 0.0000000000 0.0000000000 0 0 0
2228771 0 93 0.1301930193 0.0000053496 0.0000000002 0 0 0
2238786 0 78 0.3111141641 0.0000310648 0.0000000031 0 0 0
2245010 0 78 0.0809468290 0.0000130056 0.0000000021 0 0 0
2246835 4 8284 0.0000000000 0.0000000000 0.0000000000 0 0 0
2257459 0 94 0.2377272662 0.0000223764 0.0000000021 0 0 0
2291421 4 6942 0.0000000000 0.0000000000 0.0000000000 0 0 0
2316334 0 94 0.1131814422 0.0000045431 0.0000000002 0 0 0
2320546 0 78 0.2256457768 0.0000535721 0.0000000127 0 0 0
2328658 0 109 0.2289318696 0.0000282214 0.0000000035 0 0 0
2329563 0 93 0.0000000000 0.0000000000 0.0000000000 0 0 0
2332121 0 109 0.0032893720 0.0000012859 0.0000000005 0 0 0
2333151 4 48501 0.0000000000 0.0000000000 0.0000000000 0 0 0
2382291 0 109 0.0010187911 0.0000000207 0.0000000000 0 0 0
2389654 0 110 0.3378951590 0.0000458910 0.0000000062 0 0 0
2391620 0 94 0.0017366295 0.0000008833 0.0000000004 0 0 0
2398858 0 94 0.2202071551 0.0000304238 0.0000000042 0 0 0
2410122 0 109 0.0698383250 0.0000062001 0.0000000006 0 0 0
2429450 0 94 0.0420788107 0.0000021771 0.0000000001 0 0 0
2436439 0 78 0.3402606114 0.0000486852 0.0000000070 0 0 0
2440370 0 78 0.2884911776 0.0000733888 0.0000000187 0 0 0
2448498 3 203 0.1581182664 0.0000194535 0.0000000024 0 0 0
2450152 3 514 0.4035003977 0.0002439543 0.0000001475 0 0 0
2451197 4 13275 0.0000000000 0.0000000000 0.0000000000 0 0 0
2467436 0 78 0.0506343838 0.0000031181 0.0000000002 0 0 0
2487233 0 94 0.1588079417 0.0000080218 0.0000000004 0 0 0
2508106 4 13588 0.0000000000 0.0000000000 0.0000000000 0 0 0
2525188 0 94 0.0049158130 0.0000002878 0.0000000000 0 0 0
2534345 0 63 0.1777002295 0.0000194059 0.0000000021 0 0 0
2548401 1 94 0.2406010054 0.0000171173 0.0000000012 0 0 0
2549197 0 78 0.0946957619 0.0001189645 0.0000001495 0 0 0
2552941 0 62 0.3829726147 0.0001022897 0.0000000273 0 0 0
2554719 0 78 0.4392469720 0.0002470455 0.0000001389 0 0 0
2576934 0 78 0.6713736080 0.0003387354 0.0000001709 0 0 0
2580397 0 62 0.7145876673 0.0002063493 0.0000000596 0 0 0
2582066 0 62 0.4542428757 0.0002721647 0.0000001631 0 0 0
2584921 0 78 0.2694501213 0.0000943783 0.0000000331 0 0 0
