107.5084745763 13.8311523612
156.0000000000 0.0000000000
507.5000000000 86.5000000000
125.0000000000 16.0000000000
304.5000000000 54.5000000000
78.0000000000 16.0000000000
0.1452686378 0.1799415553
0.0000825982 0.0001875020
0.0000000846 0.0000002434

4891 0 125 0.1339417316 0.0000273853 0.0000000056 0 0 0
5578 0 110 0.5083387814 0.0007399400 0.0000010771 0 0 0
7297 0 109 0.5007629177 0.0002913106 0.0000001695 0 0 0
11781 4 8282 0.0000000000 0.0000000000 0.0000000000 0 0 0
20078 4 5860 0.0000000000 0.0000000000 0.0000000000 0 0 0
28188 3 562 0.0417854463 0.0000051523 0.0000000006 0 0 0
29219 4 15750 0.0000000000 0.0000000000 0.0000000000 0 0 0
54797 4 5141 0.0000000000 0.0000000000 0.0000000000 0 0 0
68281 0 110 0.0803876962 0.0000386851 0.0000000186 0 0 0
69047 4 12016 0.0000000000 0.0000000000 0.0000000000 0 0 0
98891 4 5953 0.0000000000 0.0000000000 0.0000000000 0 0 0
106047 0 125 0.0609624139 0.0000085191 0.0000000012 0 0 0
107516 4 14500 0.0000000000 0.0000000000 0.0000000000 0 0 0
122969 0 94 0.0781597920 0.0000050579 0.0000000003 0 0 0
123828 0 110 0.4105747673 0.0004779683 0.0000005564 0 0 0
123938 4 11062 0.0000000000 0.0000000000 0.0000000000 0 0 0
136531 3 9438 0.0337949418 0.0000026836 0.0000000002 0 0 0
160172 0 125 0.0151470267 0.0000006407 0.0000000000 0 0 0
161266 4 5859 0.0000000000 0.0000000000 0.0000000000 0 0 0
168234 3 938 0.0505704599 0.0000072575 0.0000000010 0 0 0
170594 0 125 0.5316003828 0.0002252544 0.0000000954 0 0 0
178797 4 59625 0.0000000000 0.0000000000 0.0000000000 0 0 0
243984 0 110 0.0171898543 0.0000002637 0.0000000000 0 0 0
245422 0 109 0.0222395037 0.0000154656 0.0000000108 0 0 0
247094 0 109 0.1445050215 0.0000864264 0.0000000517 0 0 0
255703 4 5813 0.0000000000 0.0000000000 0.0000000000 0 0 0
262125 0 94 0.0917431788 0.0000142858 0.0000000022 0 0 0
263797 4 23047 0.0000000000 0.0000000000 0.0000000000 0 0 0
292938 0 93 0.0205220557 0.0000007042 0.0000000000 0 0 0
293500 4 34641 0.0000000000 0.0000000000 0.0000000000 0 0 0
332750 0 109 0.0168216043 0.0000004286 0.0000000000 0 0 0
333391 4 34343 0.0000000000 0.0000000000 0.0000000000 0 0 0
378328 0 125 0.0261945983 0.0000005829 0.0000000000 0 0 0
378484 4 5579 0.0000000000 0.0000000000 0.0000000000 0 0 0
401922 4 6484 0.0000000000 0.0000000000 0.0000000000 0 0 0
420828 4 6594 0.0000000000 0.0000000000 0.0000000000 0 0 0
428578 4 7453 0.0000000000 0.0000000000 0.0000000000 0 0 0
437578 0 110 0.0331851618 0.0000036872 0.0000000004 0 0 0
446297 4 7078 0.0000000000 0.0000000000 0.0000000000 0 0 0
459047 4 6391 0.0000000000 0.0000000000 0.0000000000 0 0 0
476203 4 32703 0.0000000000 0.0000000000 0.0000000000 0 0 0
512359 4 44657 0.0000000000 0.0000000000 0.0000000000 0 0 0
559609 4 120313 0.0000000000 0.0000000000 0.0000000000 0 0 0
681344 4 67344 0.0000000000 0.0000000000 0.0000000000 0 0 0
749250 4 38531 0.0000000000 0.0000000000 0.0000000000 0 0 0
789219 0 94 0.0190155194 0.0000004758 0.0000000000 0 0 0
796703 0 110 0.0305485545 0.0000048513 0.0000000008 0 0 0
798438 4 57203 0.0000000000 0.0000000000 0.0000000000 0 0 0
855750 0 94 0.0005869382 0.0000000102 0.0000000000 0 0 0
856609 4 194532 0.0000000000 0.0000000000 0.0000000000 0 0 0
1051203 4 120000 0.0000000000 0.0000000000 0.0000000000 0 0 0
1174031 4 118797 0.0000000000 0.0000000000 0.0000000000 0 0 0
1314031 4 40766 0.0000000000 0.0000000000 0.0000000000 0 0 0
1358813 4 317375 0.0000000000 0.0000000000 0.0000000000 0 0 0
1677672 4 28656 0.0000000000 0.0000000000 0.0000000000 0 0 0
1707328 4 13828 0.0000000000 0.0000000000 0.0000000000 0 0 0
1721766 0 125 0.0234026638 0.0000016209 0.0000000001 0 0 0
1722594 0 109 0.9059677033 0.0010941639 0.0000013215 0 0 0
1743703 3 235 0.1233114621 0.0003161832 0.0000008107 0 0 0
1747750 0 109 0.2787141610 0.0000688693 0.0000000170 0 0 0
1750719 0 125 0.0006736275 0.0000002269 0.0000000001 0 0 0
1751266 1 156 0.1720590596 0.0003145504 0.0000005750 0 0 0
1757953 3 4250 0.2602313509 0.0000797033 0.0000000244 0 0 0
1764219 3 5859 0.0009301671 0.0000001484 0.0000000000 0 0 0
1770922 0 125 0.0461327919 0.0000068824 0.0000000010 0 0 0
1771766 0 109 0.4288480727 0.0005081138 0.0000006020 0 0 0
1774531 0 94 0.3342469543 0.0001208850 0.0000000437 0 0 0
1775156 4 6313 0.0000000000 0.0000000000 0.0000000000 0 0 0
1781844 0 94 0.0130155749 0.0000019461 0.0000000003 0 0 0
1786672 0 109 0.1159481883 0.0000240158 0.0000000050 0 0 0
1792438 0 109 0.2478769599 0.0000801154 0.0000000259 0 0 0
1794594 0 125 0.3040298124 0.0001410157 0.0000000654 0 0 0
1798703 3 4250 0.4138734927 0.0001007237 0.0000000245 0 0 0
1806297 4 24187 0.0000000000 0.0000000000 0.0000000000 0 0 0
1841234 4 251875 0.0000000000 0.0000000000 0.0000000000 0 0 0
2096563 4 174609 0.0000000000 0.0000000000 0.0000000000 0 0 0
2274313 0 109 0.0181666030 0.0000001022 0.0000000000 0 0 0
2295547 4 10516 0.0000000000 0.0000000000 0.0000000000 0 0 0
2310875 3 18813 0.0946561208 0.0000061754 0.0000000004 0 0 0
2351984 0 110 0.1070874921 0.0000063580 0.0000000004 0 0 0
2358594 0 109 0.3846608602 0.0001588195 0.0000000656 0 0 0
2359016 4 7172 0.0000000000 0.0000000000 0.0000000000 0 0 0
2380234 3 1219 0.0672251047 0.0000031683 0.0000000001 0 0 0
2385359 0 125 0.0995452781 0.0000194235 0.0000000038 0 0 0
2388031 0 125 0.1611243569 0.0000603010 0.0000000226 0 0 0
2397063 4 10109 0.0000000000 0.0000000000 0.0000000000 0 0 0
2423563 0 125 0.0563759187 0.0000021274 0.0000000001 0 0 0
2431141 4 9750 0.0000000000 0.0000000000 0.0000000000 0 0 0
2444906 4 6016 0.0000000000 0.0000000000 0.0000000000 0 0 0
2450938 4 22171 0.0000000000 0.0000000000 0.0000000000 0 0 0
2481047 4 13312 0.0000000000 0.0000000000 0.0000000000 0 0 0
2495516 4 5250 0.0000000000 0.0000000000 0.0000000000 0 0 0
2507000 0 125 0.3210941454 0.0000678272 0.0000000143 0 0 0
2507953 4 19735 0.0000000000 0.0000000000 0.0000000000 0 0 0
2528844 4 98203 0.0000000000 0.0000000000 0.0000000000 0 0 0
2628453 4 7610 0.0000000000 0.0000000000 0.0000000000 0 0 0
2636141 4 14343 0.0000000000 0.0000000000 0.0000000000 0 0 0
2671828 3 797 0.0305562915 0.0000029767 0.0000000003 0 0 0
2673906 4 10078 0.0000000000 0.0000000000 0.0000000000 0 0 0
2690125 2 594 0.1871570160 0.0000115394 0.0000000007 141 359 94
2691766 0 93 0.0173558214 0.0000105764 0.0000000064 0 0 0
2706375 0 109 0.1036199103 0.0000070929 0.0000000005 0 0 0
2712172 0 94 0.1926743301 0.0000332369 0.0000000057 0 0 0
2721375 0 94 0.2796245322 0.0000303841 0.0000000033 0 0 0
2726844 4 8062 0.0000000000 0.0000000000 0.0000000000 0 0 0
2735250 4 32297 0.0000000000 0.0000000000 0.0000000000 0 0 0
2775125 0 94 0.0148390533 0.0000003721 0.0000000000 0 0 0
2779938 2 421 0.2154094817 0.0000447558 0.0000000093 109 250 62
2786750 0 94 0.0011223345 0.0000012596 0.0000000014 0 0 0
2791484 4 8391 0.0000000000 0.0000000000 0.0000000000 0 0 0
2808953 4 7125 0.0000000000 0.0000000000 0.0000000000 0 0 0
2830063 0 93 0.0875148401 0.0000041457 0.0000000002 0 0 0
2836859 4 6547 0.0000000000 0.0000000000 0.0000000000 0 0 0
2859656 0 110 0.0146331356 0.0000006419 0.0000000000 0 0 0
2865938 4 5015 0.0000000000 0.0000000000 0.0000000000 0 0 0
2885469 4 12031 0.0000000000 0.0000000000 0.0000000000 0 0 0
2912922 0 125 0.0576608434 0.0000069757 0.0000000008 0 0 0
2913859 4 17047 0.0000000000 0.0000000000 0.0000000000 0 0 0
2931875 4 7563 0.0000000000 0.0000000000 0.0000000000 0 0 0
2953734 4 21563 0.0000000000 0.0000000000 0.0000000000 0 0 0
2977453 3 1422 0.0328775239 0.0000013861 0.0000000001 0 0 0
2986969 4 10750 0.0000000000 0.0000000000 0.0000000000 0 0 0
3000938 0 93 0.0303983229 0.0000318641 0.0000000334 0 0 0
3007453 0 125 0.0000000000 0.0000000000 0.0000000000 0 0 0
3010375 4 28000 0.0000000000 0.0000000000 0.0000000000 0 0 0
3041109 0 125 0.0068184257 0.0000002219 0.0000000000 0 0 0
3048391 0 93 0.1511215498 0.0000207528 0.0000000028 0 0 0
3048750 4 13984 0.0000000000 0.0000000000 0.0000000000 0 0 0
3071875 4 7719 0.0000000000 0.0000000000 0.0000000000 0 0 0
3081969 4 15328 0.0000000000 0.0000000000 0.0000000000 0 0 0
3111641 4 10547 0.0000000000 0.0000000000 0.0000000000 0 0 0
3125750 0 109 0.0359699753 0.0000025494 0.0000000002 0 0 0
3140203 4 17375 0.0000000000 0.0000000000 0.0000000000 0 0 0
3168109 4 9047 0.0000000000 0.0000000000 0.0000000000 0 0 0
3177172 4 34109 0.0000000000 0.0000000000 0.0000000000 0 0 0
3211891 4 18265 0.0000000000 0.0000000000 0.0000000000 0 0 0
3236813 0 93 0.0729570274 0.0000029274 0.0000000001 0 0 0
3243484 4 5891 0.0000000000 0.0000000000 0.0000000000 0 0 0
3256359 4 14047 0.0000000000 0.0000000000 0.0000000000 0 0 0
3277859 4 30969 0.0000000000 0.0000000000 0.0000000000 0 0 0
3310359 4 21610 0.0000000000 0.0000000000 0.0000000000 0 0 0
3346000 4 122625 0.0000000000 0.0000000000 0.0000000000 0 0 0
3471125 4 7266 0.0000000000 0.0000000000 0.0000000000 0 0 0
3484344 0 78 0.1199170796 0.0000090716 0.0000000007 0 0 0
3485672 0 94 0.0512048193 0.0000385578 0.0000000290 0 0 0
3486906 4 17563 0.0000000000 0.0000000000 0.0000000000 0 0 0
3521484 4 7000 0.0000000000 0.0000000000 0.0000000000 0 0 0
3535141 4 9437 0.0000000000 0.0000000000 0.0000000000 0 0 0
3546047 0 94 0.0867337980 0.0000079529 0.0000000007 0 0 0
3547797 4 46203 0.0000000000 0.0000000000 0.0000000000 0 0 0
3595188 0 125 0.0212401558 0.0000004482 0.0000000000 0 0 0
3611188 4 6015 0.0000000000 0.0000000000 0.0000000000 0 0 0
3619734 4 6329 0.0000000000 0.0000000000 0.0000000000 0 0 0
3632172 4 5516 0.0000000000 0.0000000000 0.0000000000 0 0 0
3638141 4 11703 0.0000000000 0.0000000000 0.0000000000 0 0 0
3653797 4 7922 0.0000000000 0.0000000000 0.0000000000 0 0 0
3663609 4 7844 0.0000000000 0.0000000000 0.0000000000 0 0 0
3673109 4 7766 0.0000000000 0.0000000000 0.0000000000 0 0 0
3695813 3 312 0.0464688736 0.0000020467 0.0000000001 0 0 0
3702781 0 78 0.2612578481 0.0000491826 0.0000000093 0 0 0
3703984 0 79 0.7829699379 0.0006508478 0.0000005410 0 0 0
