100.6800000000 14.7333273001
101.5000000000 17.6705970471
577.0000000000 77.3175271203
67.6666666667 14.6135401445
405.6666666667 77.1160741278
103.6666666667 26.4112770527
0.1861745668 0.2095851344
0.0000770566 0.0001321142
0.0000000504 0.0000001106

3651 0 78 0.3991941901 0.0002507501 0.0000001575 0 0 0
4758 0 125 0.6784773304 0.0006128973 0.0000005537 0 0 0
7785 4 11762 0.0000000000 0.0000000000 0.0000000000 0 0 0
22574 3 1138 0.0784920535 0.0000053075 0.0000000004 0 0 0
23744 4 17456 0.0000000000 0.0000000000 0.0000000000 0 0 0
49889 4 219478 0.0000000000 0.0000000000 0.0000000000 0 0 0
270646 0 94 0.0030706504 0.0000000139 0.0000000000 0 0 0
275748 0 93 0.2793124871 0.0000547457 0.0000000107 0 0 0
277526 0 78 0.6264842395 0.0003523533 0.0000001982 0 0 0
280178 4 28611 0.0000000000 0.0000000000 0.0000000000 0 0 0
309662 0 78 0.0086762348 0.0000002943 0.0000000000 0 0 0
309740 4 40264 0.0000000000 0.0000000000 0.0000000000 0 0 0
350987 0 109 0.0184902617 0.0000004483 0.0000000000 0 0 0
353093 0 94 0.0009496676 0.0000004509 0.0000000002 0 0 0
353795 4 9329 0.0000000000 0.0000000000 0.0000000000 0 0 0
372297 4 39795 0.0000000000 0.0000000000 0.0000000000 0 0 0
413325 1 93 0.0111440917 0.0000002716 0.0000000000 0 0 0
414698 0 78 0.4749039855 0.0003458878 0.0000002519 0 0 0
415961 1 110 0.5630922871 0.0004458371 0.0000003530 0 0 0
417568 0 94 0.2962004065 0.0001843189 0.0000001147 0 0 0
418567 0 78 0.4155717981 0.0004159878 0.0000004164 0 0 0
435758 4 27596 0.0000000000 0.0000000000 0.0000000000 0 0 0
464088 0 109 0.0404805429 0.0000014289 0.0000000001 0 0 0
466381 0 109 0.0010528624 0.0000004592 0.0000000002 0 0 0
466974 4 10483 0.0000000000 0.0000000000 0.0000000000 0 0 0
488954 4 203940 0.0000000000 0.0000000000 0.0000000000 0 0 0
694548 0 109 0.0028039411 0.0000000136 0.0000000000 0 0 0
694844 4 16739 0.0000000000 0.0000000000 0.0000000000 0 0 0
712238 0 110 0.0132413170 0.0000007613 0.0000000000 0 0 0
714937 0 109 0.3150799511 0.0001167395 0.0000000433 0 0 0
715951 0 109 0.0000000000 0.0000000000 0.0000000000 0 0 0
718291 0 125 0.3494583149 0.0001493412 0.0000000638 0 0 0
729586 3 1107 0.1978869341 0.0000175199 0.0000000016 0 0 0
735155 3 4836 0.1813136982 0.0000325577 0.0000000058 0 0 0
751005 3 639 0.2224658585 0.0000140357 0.0000000009 0 0 0
754031 0 125 0.6006962831 0.0001985117 0.0000000656 0 0 0
755825 0 109 0.2257043877 0.0001258107 0.0000000701 0 0 0
758571 4 5039 0.0000000000 0.0000000000 0.0000000000 0 0 0
768570 4 7816 0.0000000000 0.0000000000 0.0000000000 0 0 0
778664 4 10077 0.0000000000 0.0000000000 0.0000000000 0 0 0
791191 0 109 0.0560268309 0.0000044725 0.0000000004 0 0 0
794591 3 2356 0.5428552053 0.0001596633 0.0000000470 0 0 0
799396 0 94 0.4314277252 0.0000897872 0.0000000187 0 0 0
800488 3 265 0.7526881760 0.0006892749 0.0000006312 0 0 0
800800 4 5538 0.0000000000 0.0000000000 0.0000000000 0 0 0
808366 0 109 0.0998774439 0.0000132008 0.0000000017 0 0 0
808787 4 15913 0.0000000000 0.0000000000 0.0000000000 0 0 0
831408 4 7956 0.0000000000 0.0000000000 0.0000000000 0 0 0
839925 4 25132 0.0000000000 0.0000000000 0.0000000000 0 0 0
865291 4 5273 0.0000000000 0.0000000000 0.0000000000 0 0 0
872685 3 2918 0.1020037456 0.0000137955 0.0000000019 0 0 0
882935 0 93 0.1059620657 0.0000103378 0.0000000010 0 0 0
886757 0 109 0.0523151412 0.0000136879 0.0000000036 0 0 0
890532 0 94 0.2280751323 0.0000604173 0.0000000160 0 0 0
891484 0 109 0.0021008403 0.0000022068 0.0000000023 0 0 0
892544 4 78204 0.0000000000 0.0000000000 0.0000000000 0 0 0
971106 4 5507 0.0000000000 0.0000000000 0.0000000000 0 0 0
976691 4 5304 0.0000000000 0.0000000000 0.0000000000 0 0 0
982027 4 77002 0.0000000000 0.0000000000 0.0000000000 0 0 0
1060464 0 93 0.0188672730 0.0000002405 0.0000000000 0 0 0
1064613 0 78 0.2264865844 0.0000545882 0.0000000132 0 0 0
1075939 3 2839 0.2125808488 0.0000270390 0.0000000034 0 0 0
1080292 3 1060 0.3319806943 0.0000762648 0.0000000175 0 0 0
1092959 3 780 0.2110851774 0.0000166642 0.0000000013 0 0 0
1095377 4 10000 0.0000000000 0.0000000000 0.0000000000 0 0 0
1118808 3 297 0.6863134344 0.0000872950 0.0000000111 0 0 0
1120711 0 94 0.0708137378 0.0000372116 0.0000000196 0 0 0
1122786 2 624 0.1897376038 0.0000914398 0.0000000441 78 468 78
1134627 4 9625 0.0000000000 0.0000000000 0.0000000000 0 0 0
1148792 4 13447 0.0000000000 0.0000000000 0.0000000000 0 0 0
1169275 0 93 0.0922080225 0.0000045017 0.0000000002 0 0 0
1170897 0 109 0.4221823079 0.0002602850 0.0000001605 0 0 0
1172707 0 109 0.7926940967 0.0004379525 0.0000002420 0 0 0
1173221 4 75318 0.0000000000 0.0000000000 0.0000000000 0 0 0
1250972 0 94 0.0358962649 0.0000004617 0.0000000000 0 0 0
1257056 0 125 0.0904190547 0.0000176187 0.0000000034 0 0 0
1257961 0 125 0.0592759477 0.0000654983 0.0000000724 0 0 0
1262080 4 117141 0.0000000000 0.0000000000 0.0000000000 0 0 0
1379299 4 48890 0.0000000000 0.0000000000 0.0000000000 0 0 0
1430233 0 94 0.0263789692 0.0000005179 0.0000000000 0 0 0
1431575 4 45178 0.0000000000 0.0000000000 0.0000000000 0 0 0
1476877 4 13557 0.0000000000 0.0000000000 0.0000000000 0 0 0
1491713 0 94 0.0490821233 0.0000033083 0.0000000002 0 0 0
1492930 4 7269 0.0000000000 0.0000000000 0.0000000000 0 0 0
1500589 0 110 0.0019848293 0.0000002591 0.0000000000 0 0 0
1501822 4 23338 0.0000000000 0.0000000000 0.0000000000 0 0 0
1528779 4 49281 0.0000000000 0.0000000000 0.0000000000 0 0 0
1579323 0 78 0.0152263719 0.0000003012 0.0000000000 0 0 0
1585641 0 94 0.0644099961 0.0000516106 0.0000000414 0 0 0
1589151 0 109 0.2466750515 0.0000702778 0.0000000200 0 0 0
1590883 4 26988 0.0000000000 0.0000000000 0.0000000000 0 0 0
1622395 4 20233 0.0000000000 0.0000000000 0.0000000000 0 0 0
1643393 2 639 0.0470602283 0.0000022412 0.0000000001 47 452 140
1644032 4 7114 0.0000000000 0.0000000000 0.0000000000 0 0 0
1670818 0 93 0.1070956447 0.0000039982 0.0000000001 0 0 0
1676746 4 5023 0.0000000000 0.0000000000 0.0000000000 0 0 0
1691628 4 6740 0.0000000000 0.0000000000 0.0000000000 0 0 0
1698446 0 109 0.0003540941 0.0000000519 0.0000000000 0 0 0
1706277 4 11232 0.0000000000 0.0000000000 0.0000000000 0 0 0
1721658 4 7083 0.0000000000 0.0000000000 0.0000000000 0 0 0
1735418 0 109 0.1592744342 0.0000115752 0.0000000008 0 0 0
1742485 0 78 0.1383206662 0.0000195728 0.0000000028 0 0 0
1749442 0 94 0.2961260903 0.0000425652 0.0000000061 0 0 0
1756369 0 125 0.2459589159 0.0000355073 0.0000000051 0 0 0
1756728 3 280 0.0250696379 0.0000698319 0.0000001945 0 0 0
1764216 4 7628 0.0000000000 0.0000000000 0.0000000000 0 0 0
1777632 0 109 0.4223497646 0.0001095874 0.0000000284 0 0 0
1786960 0 125 0.2504132878 0.0000268453 0.0000000029 0 0 0
1793263 0 125 0.0709097569 0.0000112502 0.0000000018 0 0 0
1810751 4 5928 0.0000000000 0.0000000000 0.0000000000 0 0 0
1819970 0 125 0.0428672157 0.0000046499 0.0000000005 0 0 0
1826897 0 109 0.2658623851 0.0000383806 0.0000000055 0 0 0
1827536 2 468 0.0469483568 0.0000734716 0.0000001150 78 297 93
1828379 4 30248 0.0000000000 0.0000000000 0.0000000000 0 0 0
1860562 4 107984 0.0000000000 0.0000000000 0.0000000000 0 0 0
1968624 4 16317 0.0000000000 0.0000000000 0.0000000000 0 0 0
1987749 4 14586 0.0000000000 0.0000000000 0.0000000000 0 0 0
2005736 4 64554 0.0000000000 0.0000000000 0.0000000000 0 0 0
2070321 4 88343 0.0000000000 0.0000000000 0.0000000000 0 0 0
2160474 0 93 0.1288372237 0.0001231713 0.0000001178 0 0 0
2161456 0 110 0.1135745893 0.0001156564 0.0000001178 0 0 0
2161769 4 51651 0.0000000000 0.0000000000 0.0000000000 0 0 0
2213561 1 125 0.0000193080 0.0000000004 0.0000000000 0 0 0
2215729 1 78 0.1876995204 0.0001851080 0.0000001826 0 0 0
2216821 0 94 0.2282998459 0.0002090658 0.0000001915 0 0 0
2217835 4 78937 0.0000000000 0.0000000000 0.0000000000 0 0 0
2297645 0 78 0.0119226962 0.0000001494 0.0000000000 0 0 0
2299923 0 94 0.2113956409 0.0000927988 0.0000000407 0 0 0
2304275 4 19095 0.0000000000 0.0000000000 0.0000000000 0 0 0
2324181 0 78 0.0261055788 0.0000013114 0.0000000001 0 0 0
2345460 0 93 0.2052641376 0.0000096463 0.0000000005 0 0 0
2355615 4 7457 0.0000000000 0.0000000000 0.0000000000 0 0 0
2364320 0 109 0.0501353575 0.0000057594 0.0000000007 0 0 0
2368907 0 93 0.0762348201 0.0000166198 0.0000000036 0 0 0
2374039 4 5647 0.0000000000 0.0000000000 0.0000000000 0 0 0
2398952 0 125 0.0353512112 0.0000014190 0.0000000001 0 0 0
2407735 4 17363 0.0000000000 0.0000000000 0.0000000000 0 0 0
2455784 4 5912 0.0000000000 0.0000000000 0.0000000000 0 0 0
2461992 4 7551 0.0000000000 0.0000000000 0.0000000000 0 0 0
2474909 0 78 0.2060137508 0.0000159490 0.0000000012 0 0 0
2475658 4 7644 0.0000000000 0.0000000000 0.0000000000 0 0 0
2488918 4 19454 0.0000000000 0.0000000000 0.0000000000 0 0 0
2510478 4 41808 0.0000000000 0.0000000000 0.0000000000 0 0 0
2553503 3 624 0.0132181911 0.0000003072 0.0000000000 0 0 0
2559243 0 94 0.0272138400 0.0000047411 0.0000000008 0 0 0
2567824 0 109 0.0643778302 0.0000075024 0.0000000009 0 0 0
2577761 0 109 0.1240627461 0.0000124849 0.0000000013 0 0 0
2578073 4 118935 0.0000000000 0.0000000000 0.0000000000 0 0 0
2698474 0 78 0.0135690096 0.0000001127 0.0000000000 0 0 0
2698693 4 9235 0.0000000000 0.0000000000 0.0000000000 0 0 0
2709847 0 125 0.0399829861 0.0000035846 0.0000000003 0 0 0
2709972 4 51199 0.0000000000 0.0000000000 0.0000000000 0 0 0
2766865 0 94 0.0172375122 0.0000003030 0.0000000000 0 0 0
2767302 4 129356 0.0000000000 0.0000000000 0.0000000000 0 0 0
2897204 0 94 0.0003896428 0.0000000030 0.0000000000 0 0 0
2905363 0 109 0.0637216328 0.0000078100 0.0000000010 0 0 0
2928201 3 702 0.1594120261 0.0000069801 0.0000000003 0 0 0
2930588 4 31403 0.0000000000 0.0000000000 0.0000000000 0 0 0
2962132 4 1190287 0.0000000000 0.0000000000 0.0000000000 0 0 0
4153932 0 78 0.0012917202 0.0000000011 0.0000000000 0 0 0
4157349 0 93 0.9741919902 0.0002851015 0.0000000834 0 0 0
4160906 0 93 0.5527506595 0.0001553980 0.0000000437 0 0 0
