101.2412060302 15.9342906540
98.3000000000 15.7356283637
552.4285714286 71.1936135636
93.5714285714 18.4069640770
349.5714285714 67.7534546148
109.2857142857 18.7671010450
0.1657895979 0.2020954251
0.0000746008 0.0001232944
0.0000000464 0.0000000955

2543 0 78 0.6544102443 0.0004995498 0.0000003813 0 0 0
4665 2 483 0.6538435799 0.0003081261 0.0000001452 78 296 109
20655 2 561 0.3694852718 0.0000231073 0.0000000014 78 358 125
21216 4 83617 0.0000000000 0.0000000000 0.0000000000 0 0 0
105410 4 19719 0.0000000000 0.0000000000 0.0000000000 0 0 0
128982 0 125 0.9841311001 0.0006008126 0.0000003668 0 0 0
132195 4 6006 0.0000000000 0.0000000000 0.0000000000 0 0 0
140931 0 94 0.0662415266 0.0000075826 0.0000000009 0 0 0
141431 4 753921 0.0000000000 0.0000000000 0.0000000000 0 0 0
901389 0 110 0.0054384509 0.0000000072 0.0000000000 0 0 0
902887 0 125 0.0000000000 0.0000000000 0.0000000000 0 0 0
909486 0 125 0.2924618779 0.0000443191 0.0000000067 0 0 0
914431 0 125 0.2176548059 0.0000440151 0.0000000089 0 0 0
956598 4 10031 0.0000000000 0.0000000000 0.0000000000 0 0 0
991449 4 6770 0.0000000000 0.0000000000 0.0000000000 0 0 0
1003898 0 125 0.9709892166 0.0003175243 0.0000001038 0 0 0
1011401 4 36910 0.0000000000 0.0000000000 0.0000000000 0 0 0
1050760 4 33151 0.0000000000 0.0000000000 0.0000000000 0 0 0
1083989 4 41200 0.0000000000 0.0000000000 0.0000000000 0 0 0
1127295 0 93 0.0618019136 0.0000014271 0.0000000000 0 0 0
1137216 0 94 0.5093329235 0.0000513389 0.0000000052 0 0 0
1138573 0 94 0.0883519490 0.0000651083 0.0000000480 0 0 0
1138667 4 8596 0.0000000000 0.0000000000 0.0000000000 0 0 0
1167340 4 10109 0.0000000000 0.0000000000 0.0000000000 0 0 0
1178790 0 94 0.0370312651 0.0000032342 0.0000000003 0 0 0
1180584 4 11467 0.0000000000 0.0000000000 0.0000000000 0 0 0
1192316 4 5741 0.0000000000 0.0000000000 0.0000000000 0 0 0
1203891 0 94 0.0812740868 0.0000070215 0.0000000006 0 0 0
1205311 2 530 0.6263045878 0.0004410596 0.0000003106 109 343 78
1206278 0 109 0.0000000000 0.0000000000 0.0000000000 0 0 0
1206949 0 93 0.0000000000 0.0000000000 0.0000000000 0 0 0
1207042 4 11498 0.0000000000 0.0000000000 0.0000000000 0 0 0
1221706 0 94 0.1210965305 0.0000082581 0.0000000006 0 0 0
1227322 0 78 0.0929754759 0.0000165555 0.0000000029 0 0 0
1238976 0 78 0.1264872458 0.0000108535 0.0000000009 0 0 0
1250114 0 109 0.1371083783 0.0000123100 0.0000000011 0 0 0
1257977 0 78 0.2840671325 0.0000361271 0.0000000046 0 0 0
1276307 0 78 0.1744845463 0.0000095191 0.0000000005 0 0 0
1279786 0 109 0.2018041911 0.0000580064 0.0000000167 0 0 0
1280472 0 125 0.0000000000 0.0000000000 0.0000000000 0 0 0
1281330 0 109 0.0000000000 0.0000000000 0.0000000000 0 0 0
1282640 0 110 0.0000000000 0.0000000000 0.0000000000 0 0 0
1284575 0 125 0.0131221683 0.0000067815 0.0000000035 0 0 0
1285558 0 109 0.0010172940 0.0000010349 0.0000000011 0 0 0
1286930 0 110 0.0000000000 0.0000000000 0.0000000000 0 0 0
1288958 0 110 0.4088712784 0.0002016131 0.0000000994 0 0 0
1290690 0 94 0.8189065315 0.0004728098 0.0000002730 0 0 0
1296930 4 7114 0.0000000000 0.0000000000 0.0000000000 0 0 0
1312671 0 109 0.0747107165 0.0000047462 0.0000000003 0 0 0
1317990 0 109 0.1824354586 0.0000342988 0.0000000064 0 0 0
1321079 0 109 0.2495877083 0.0000807989 0.0000000262 0 0 0
1322265 0 109 0.0000000000 0.0000000000 0.0000000000 0 0 0
1323216 0 78 0.0000000000 0.0000000000 0.0000000000 0 0 0
1325166 0 94 0.4532503670 0.0002324361 0.0000001192 0 0 0
1327506 0 109 0.5553384491 0.0002373241 0.0000001014 0 0 0
1330377 0 93 0.2333200357 0.0000812679 0.0000000283 0 0 0
1338333 4 5210 0.0000000000 0.0000000000 0.0000000000 0 0 0
1361764 0 78 0.0050933331 0.0000002974 0.0000000000 0 0 0
1362809 4 5382 0.0000000000 0.0000000000 0.0000000000 0 0 0
1376023 0 109 0.0095223571 0.0000007206 0.0000000001 0 0 0
1379845 0 124 0.0984165879 0.0000257500 0.0000000067 0 0 0
1383479 0 110 0.0215421963 0.0000130322 0.0000000079 0 0 0
1384961 0 125 0.0080908939 0.0000054594 0.0000000037 0 0 0
1386022 0 125 0.0009425071 0.0000008883 0.0000000008 0 0 0
1391264 0 93 0.0057016949 0.0000041527 0.0000000030 0 0 0
1392637 0 124 0.0000000000 0.0000000000 0.0000000000 0 0 0
1395242 0 93 0.0000000000 0.0000000000 0.0000000000 0 0 0
1396240 0 94 0.0180066227 0.0000180427 0.0000000181 0 0 0
1397223 0 94 0.0135305830 0.0000137646 0.0000000140 0 0 0
1398767 0 110 0.3578876039 0.0002317925 0.0000001501 0 0 0
1400733 3 265 0.5120275603 0.0002604413 0.0000001325 0 0 0
1401061 4 10374 0.0000000000 0.0000000000 0.0000000000 0 0 0
1412511 0 109 0.0538527735 0.0000047033 0.0000000004 0 0 0
1422074 0 125 0.1110882337 0.0000116165 0.0000000012 0 0 0
1426972 0 110 0.2186790982 0.0000446466 0.0000000091 0 0 0
1435085 3 483 0.2220694737 0.0000273721 0.0000000034 0 0 0
1440607 0 94 0.0753993622 0.0000136544 0.0000000025 0 0 0
1441247 0 109 0.0203125000 0.0000317383 0.0000000496 0 0 0
1457283 4 7473 0.0000000000 0.0000000000 0.0000000000 0 0 0
1479436 0 78 0.0712490356 0.0000032162 0.0000000001 0 0 0
1496299 0 125 0.2338782195 0.0000138693 0.0000000008 0 0 0
1500371 0 94 0.2346296985 0.0000576203 0.0000000142 0 0 0
1505254 0 109 0.1373745356 0.0000281332 0.0000000058 0 0 0
1508452 0 125 0.3119300773 0.0000975391 0.0000000305 0 0 0
1512055 0 110 0.5860057455 0.0001626438 0.0000000451 0 0 0
1514364 0 125 0.0285196566 0.0000123515 0.0000000053 0 0 0
1518670 0 93 0.0170610466 0.0000039622 0.0000000009 0 0 0
1520417 0 125 0.0266327051 0.0000152448 0.0000000087 0 0 0
1521259 0 110 0.0000000000 0.0000000000 0.0000000000 0 0 0
1523053 0 94 0.4051832364 0.0002258546 0.0000001259 0 0 0
1527905 0 109 0.2173977956 0.0000448058 0.0000000092 0 0 0
1528685 0 94 0.0025641026 0.0000032873 0.0000000042 0 0 0
1530339 0 93 0.0084643289 0.0000051175 0.0000000031 0 0 0
1531899 0 93 0.0000000000 0.0000000000 0.0000000000 0 0 0
1535144 0 78 0.0000000000 0.0000000000 0.0000000000 0 0 0
1539434 0 124 0.0000000000 0.0000000000 0.0000000000 0 0 0
1542070 0 78 0.0000000000 0.0000000000 0.0000000000 0 0 0
1543770 0 125 0.0000000000 0.0000000000 0.0000000000 0 0 0
1546641 0 109 0.0000000000 0.0000000000 0.0000000000 0 0 0
1550369 0 94 0.0000000000 0.0000000000 0.0000000000 0 0 0
1560041 0 110 0.1704577038 0.0000176238 0.0000000018 0 0 0
1561539 0 78 0.0080106809 0.0000053476 0.0000000036 0 0 0
1562709 0 94 0.0000000000 0.0000000000 0.0000000000 0 0 0
1564472 0 93 0.0000000000 0.0000000000 0.0000000000 0 0 0
1566250 0 125 0.0011248594 0.0000006327 0.0000000004 0 0 0
1567483 0 78 0.0000000000 0.0000000000 0.0000000000 0 0 0
1568372 0 109 0.0000000000 0.0000000000 0.0000000000 0 0 0
1569089 0 94 0.0000000000 0.0000000000 0.0000000000 0 0 0
1571071 0 93 0.3472053697 0.0001751793 0.0000000884 0 0 0
1572490 3 328 0.7519090909 0.0005298866 0.0000003734 0 0 0
1573192 4 5211 0.0000000000 0.0000000000 0.0000000000 0 0 0
1588433 0 125 0.1652204067 0.0000108405 0.0000000007 0 0 0
1604455 3 374 0.2113855021 0.0000131935 0.0000000008 0 0 0
1605063 4 21575 0.0000000000 0.0000000000 0.0000000000 0 0 0
1628183 0 109 0.0980775159 0.0000042421 0.0000000002 0 0 0
1632239 0 124 0.0377259952 0.0000093013 0.0000000023 0 0 0
1633112 0 78 0.1607220680 0.0001841032 0.0000002109 0 0 0
1633939 4 7145 0.0000000000 0.0000000000 0.0000000000 0 0 0
1645124 0 94 0.0411990113 0.0000036834 0.0000000003 0 0 0
1648385 0 93 0.1359325222 0.0000416843 0.0000000128 0 0 0
1648962 4 5366 0.0000000000 0.0000000000 0.0000000000 0 0 0
1657199 0 109 0.1382027181 0.0000167783 0.0000000020 0 0 0
1670412 0 94 0.0507939174 0.0000038442 0.0000000003 0 0 0
1672612 0 93 0.1137902878 0.0000517229 0.0000000235 0 0 0
1676699 0 125 0.2017326246 0.0000493596 0.0000000121 0 0 0
1678711 0 109 0.0125536682 0.0000062394 0.0000000031 0 0 0
1681457 0 93 0.0000000000 0.0000000000 0.0000000000 0 0 0
1683875 0 109 0.0037220844 0.0000015393 0.0000000006 0 0 0
1684764 0 94 0.0000000000 0.0000000000 0.0000000000 0 0 0
1685544 0 78 0.0000000000 0.0000000000 0.0000000000 0 0 0
1686215 0 94 0.0000000000 0.0000000000 0.0000000000 0 0 0
1687869 0 93 0.0000000000 0.0000000000 0.0000000000 0 0 0
1690630 0 109 0.0000000000 0.0000000000 0.0000000000 0 0 0
1692127 0 125 0.0000000000 0.0000000000 0.0000000000 0 0 0
1693344 0 109 0.3993324519 0.0003281286 0.0000002696 0 0 0
1703968 0 109 0.1860409970 0.0000175114 0.0000000016 0 0 0
1704810 4 10452 0.0000000000 0.0000000000 0.0000000000 0 0 0
1716464 0 124 0.0387074447 0.0000033214 0.0000000003 0 0 0
1728678 0 110 0.1813490971 0.0000492663 0.0000000134 0 0 0
1730379 0 125 0.3600717162 0.0002116824 0.0000001244 0 0 0
1733280 0 110 0.0216371717 0.0000074585 0.0000000026 0 0 0
1734528 0 78 0.0038689320 0.0000031001 0.0000000025 0 0 0
1736993 0 125 0.0004056795 0.0000001646 0.0000000001 0 0 0
1744778 0 109 0.3115094060 0.0000494224 0.0000000078 0 0 0
1745651 0 125 0.0283629771 0.0000324891 0.0000000372 0 0 0
1746572 0 125 0.0154571856 0.0000167830 0.0000000182 0 0 0
1747477 0 93 0.0000000000 0.0000000000 0.0000000000 0 0 0
1749083 0 110 0.3487988188 0.0002171848 0.0000001352 0 0 0
1751236 4 10327 0.0000000000 0.0000000000 0.0000000000 0 0 0
1774870 0 78 0.0261870363 0.0000011080 0.0000000000 0 0 0
1777897 0 78 0.0632534436 0.0000208964 0.0000000069 0 0 0
1779519 0 125 0.3480813162 0.0002146001 0.0000001323 0 0 0
1780736 0 125 0.0095729511 0.0000078660 0.0000000065 0 0 0
1781516 0 94 0.0000000000 0.0000000000 0.0000000000 0 0 0
1782468 0 109 0.0507692910 0.0000533291 0.0000000560 0 0 0
1788255 0 109 0.0000000000 0.0000000000 0.0000000000 0 0 0
1789940 0 94 0.0000000000 0.0000000000 0.0000000000 0 0 0
1791781 0 109 0.0000000000 0.0000000000 0.0000000000 0 0 0
1792530 0 93 0.0000000000 0.0000000000 0.0000000000 0 0 0
1793325 0 94 0.0000000000 0.0000000000 0.0000000000 0 0 0
1794448 0 78 0.0000000000 0.0000000000 0.0000000000 0 0 0
1796164 0 110 0.4877565728 0.0002842404 0.0000001656 0 0 0
1797896 2 671 0.3578770832 0.0002066265 0.0000001193 109 468 94
1798894 0 94 0.0000000000 0.0000000000 0.0000000000 0 0 0
1800158 0 109 0.4350740937 0.0003442042 0.0000002723 0 0 0
1802592 2 639 0.4278797692 0.0001757928 0.0000000722 109 421 109
1818317 4 7519 0.0000000000 0.0000000000 0.0000000000 0 0 0
1827708 0 109 0.0706467407 0.0000075228 0.0000000008 0 0 0
1836101 4 9594 0.0000000000 0.0000000000 0.0000000000 0 0 0
1846459 0 78 0.0265575387 0.0000025640 0.0000000002 0 0 0
1851560 4 7816 0.0000000000 0.0000000000 0.0000000000 0 0 0
1860265 0 94 0.0620316614 0.0000071260 0.0000000008 0 0 0
1864649 0 125 0.0623645751 0.0000142255 0.0000000032 0 0 0
1867379 0 93 0.2052116843 0.0000751691 0.0000000275 0 0 0
1869906 0 94 0.0048421322 0.0000019162 0.0000000008 0 0 0
1871825 0 94 0.0000000000 0.0000000000 0.0000000000 0 0 0
1874352 0 78 0.1870257643 0.0000740110 0.0000000293 0 0 0
1877503 0 94 0.0041256744 0.0000013093 0.0000000004 0 0 0
1879188 0 109 0.0630746861 0.0000374330 0.0000000222 0 0 0
1880795 0 109 0.0049782203 0.0000030978 0.0000000019 0 0 0
1883603 0 94 0.0103124706 0.0000036725 0.0000000013 0 0 0
1886302 0 109 0.1929440727 0.0000714872 0.0000000265 0 0 0
1928625 0 78 0.2944912499 0.0000069582 0.0000000002 0 0 0
1930512 0 125 0.5326259946 0.0002822607 0.0000001496 0 0 0
1939810 0 78 0.1095637974 0.0000117836 0.0000000013 0 0 0
1943679 4 6443 0.0000000000 0.0000000000 0.0000000000 0 0 0
1950387 4 9204 0.0000000000 0.0000000000 0.0000000000 0 0 0
1968140 4 19906 0.0000000000 0.0000000000 0.0000000000 0 0 0
1994379 4 5039 0.0000000000 0.0000000000 0.0000000000 0 0 0
2002694 0 78 0.4034829741 0.0001390841 0.0000000479 0 0 0
2003864 0 109 0.1362150691 0.0001164231 0.0000000995 0 0 0
2004785 0 124 0.5347255865 0.0005805924 0.0000006304 0 0 0
2006735 0 124 0.4772193112 0.0002447279 0.0000001255 0 0 0
2028918 0 125 0.1812772169 0.0000334892 0.0000000062 0 0 0
2030837 2 515 0.2443200709 0.0001273163 0.0000000663 109 265 141
2031757 0 78 0.0092088434 0.0000100096 0.0000000109 0 0 0
2036266 4 7160 0.0000000000 0.0000000000 0.0000000000 0 0 0
2055048 4 7114 0.0000000000 0.0000000000 0.0000000000 0 0 0
2062396 0 109 0.0145500935 0.0000019801 0.0000000003 0 0 0
2073144 0 125 0.1945206012 0.0000203750 0.0000000021 0 0 0
2079103 0 94 0.5730209134 0.0000961606 0.0000000161 0 0 0
2080117 4 32183 0.0000000000 0.0000000000 0.0000000000 0 0 0
2117776 0 94 0.5425739690 0.0001573590 0.0000000456 0 0 0
2120069 0 110 0.5859043134 0.0002555187 0.0000001114 0 0 0
2122269 3 499 0.8347243276 0.0003794201 0.0000001725 0 0 0
2127089 3 1451 0.3524575738 0.0000731240 0.0000000152 0 0 0
2130989 3 1311 0.0099161421 0.0000090807 0.0000000083 0 0 0
2133922 2 468 0.1848724014 0.0000630318 0.0000000215 63 296 109
2138961 0 78 0.0000000000 0.0000000000 0.0000000000 0 0 0
2140037 0 78 0.2012881591 0.0001870708 0.0000001739 0 0 0
2147915 0 94 0.1513383901 0.0000240143 0.0000000038 0 0 0
2152268 0 78 0.0220627722 0.0000050684 0.0000000012 0 0 0
2160380 4 12449 0.0000000000 0.0000000000 0.0000000000 0 0 0
2177322 4 31403 0.0000000000 0.0000000000 0.0000000000 0 0 0
2210035 4 10203 0.0000000000 0.0000000000 0.0000000000 0 0 0
2221080 3 1685 0.0308800124 0.0000027958 0.0000000003 0 0 0
2222983 4 420142 0.0000000000 0.0000000000 0.0000000000 0 0 0
2644311 4 505115 0.0000000000 0.0000000000 0.0000000000 0 0 0
3150643 0 78 0.0028993183 0.0000000057 0.0000000000 0 0 0
3153685 0 94 0.1501182293 0.0000992189 0.0000000656 0 0 0
3173185 4 9204 0.0000000000 0.0000000000 0.0000000000 0 0 0
3205103 0 109 0.0232214666 0.0000007275 0.0000000000 0 0 0
3207661 4 13011 0.0000000000 0.0000000000 0.0000000000 0 0 0
3234369 4 20576 0.0000000000 0.0000000000 0.0000000000 0 0 0
3254945 0 125 0.0000000000 0.0000000000 0.0000000000 0 0 0
3264789 0 94 0.0976955750 0.0000099244 0.0000000010 0 0 0
3270748 4 11825 0.0000000000 0.0000000000 0.0000000000 0 0 0
3285350 0 78 0.0869658958 0.0000059558 0.0000000004 0 0 0
3294804 0 93 0.1791522347 0.0000189499 0.0000000020 0 0 0
3297783 1 78 0.3554428660 0.0001193162 0.0000000401 0 0 0
3298485 0 94 0.0351273205 0.0000500389 0.0000000713 0 0 0
3304600 3 1139 0.2452555944 0.0000401072 0.0000000066 0 0 0
3314382 0 78 0.3114946420 0.0000318437 0.0000000033 0 0 0
3320325 0 94 0.0425520714 0.0000071600 0.0000000012 0 0 0
3323305 0 94 0.1355472713 0.0000454857 0.0000000153 0 0 0
3332883 0 94 0.0735523235 0.0000076793 0.0000000008 0 0 0
3337501 0 94 0.1366306476 0.0000295865 0.0000000064 0 0 0
3340574 0 94 0.2096986482 0.0000682391 0.0000000222 0 0 0
3343304 0 94 0.0010989011 0.0000004025 0.0000000001 0 0 0
3352555 4 5055 0.0000000000 0.0000000000 0.0000000000 0 0 0
3359560 0 124 0.2602612226 0.0000371536 0.0000000053 0 0 0
3364645 0 78 0.2162403139 0.0000425251 0.0000000084 0 0 0
3365971 1 94 0.5034390990 0.0003796675 0.0000002863 0 0 0
3368093 0 78 0.1309015852 0.0000616878 0.0000000291 0 0 0
3369310 3 2277 0.2771151305 0.0002277035 0.0000001871 0 0 0
3371665 4 39328 0.0000000000 0.0000000000 0.0000000000 0 0 0
3411851 1 109 0.0025376742 0.0000000631 0.0000000000 0 0 0
3412928 0 109 0.2589196771 0.0002404082 0.0000002232 0 0 0
3413739 0 78 0.3302214543 0.0004071781 0.0000005021 0 0 0
3414051 4 28033 0.0000000000 0.0000000000 0.0000000000 0 0 0
3442724 1 78 0.0043398191 0.0000001514 0.0000000000 0 0 0
3443972 0 93 0.4027690586 0.0003227316 0.0000002586 0 0 0
3444955 4 68578 0.0000000000 0.0000000000 0.0000000000 0 0 0
3514625 1 78 0.0046461885 0.0000000667 0.0000000000 0 0 0
3515841 0 94 0.3998148325 0.0003287951 0.0000002704 0 0 0
3516387 4 74600 0.0000000000 0.0000000000 0.0000000000 0 0 0
3591845 1 109 0.0044121247 0.0000000585 0.0000000000 0 0 0
3593000 0 78 0.5812642666 0.0005032591 0.0000004357 0 0 0
3597227 0 109 0.2370328436 0.0000560759 0.0000000133 0 0 0
3602391 0 109 0.2242607758 0.0000434277 0.0000000084 0 0 0
3603545 0 78 0.0043327556 0.0000037546 0.0000000033 0 0 0
3604871 0 109 0.1602520445 0.0001208537 0.0000000911 0 0 0
3609177 1 93 0.1804867317 0.0000419152 0.0000000097 0 0 0
3611408 0 124 0.3874319999 0.0002507650 0.0000001623 0 0 0
3612624 3 188 0.4409711086 0.0003626407 0.0000002982 0 0 0
3614091 0 78 0.1554513023 0.0001059654 0.0000000722 0 0 0
3615557 1 109 0.4792614877 0.0003269178 0.0000002230 0 0 0
3616041 1 125 0.0482884936 0.0000997696 0.0000002061 0 0 0
3617367 0 125 0.0766177489 0.0000577811 0.0000000436 0 0 0
3623233 0 78 0.0729821255 0.0000410242 0.0000000231 0 0 0
3624215 1 110 0.0000000000 0.0000000000 0.0000000000 0 0 0
3629145 0 109 0.1244456470 0.0000252425 0.0000000051 0 0 0
3636961 0 93 0.2390537520 0.0000305852 0.0000000039 0 0 0
3639223 0 93 0.5763199178 0.0002547833 0.0000001126 0 0 0
3642811 0 78 0.3859829391 0.0001075761 0.0000000300 0 0 0
3645541 0 78 0.3302272631 0.0001209624 0.0000000443 0 0 0
