103.0793103448 15.4293915519
94.0000000000 0.0000000000
259.0000000000 48.7113949708
87.4000000000 37.3930474821
59.2000000000 6.6151341634
112.4000000000 15.0279739153
0.1859236772 0.1935963765
0.0000734755 0.0001214177
0.0000000434 0.0000001024

14664 0 94 0.3774327696 0.0000257387 0.0000000018 0 0 0
16833 0 93 0.9331833834 0.0004302367 0.0000001984 0 0 0
18315 0 93 0.6337145637 0.0004276077 0.0000002885 0 0 0
23151 0 93 0.0563301923 0.0000116481 0.0000000024 0 0 0
24477 0 109 0.8323187166 0.0006276913 0.0000004734 0 0 0
25771 0 94 0.4936724686 0.0003815089 0.0000002948 0 0 0
27425 0 78 0.5900520504 0.0003567425 0.0000002157 0 0 0
30389 0 109 0.4219555336 0.0001423602 0.0000000480 0 0 0
35724 3 203 0.3698717539 0.0001570581 0.0000000667 0 0 0
36317 3 406 0.0390742743 0.0000658925 0.0000001111 0 0 0
36816 2 250 0.0000000000 0.0000000000 0.0000000000 94 62 94
39328 1 94 0.2674713613 0.0001064775 0.0000000424 0 0 0
41450 0 93 0.1367424691 0.0000644404 0.0000000304 0 0 0
45287 0 109 0.2917943641 0.0000760475 0.0000000198 0 0 0
64179 0 109 0.2080481177 0.0000110125 0.0000000006 0 0 0
67159 0 78 0.3473356244 0.0002682128 0.0000002071 0 0 0
79935 0 125 0.0726327484 0.0000056851 0.0000000004 0 0 0
82665 0 125 0.4775003650 0.0001749086 0.0000000641 0 0 0
85021 0 78 0.1426177689 0.0001087855 0.0000000830 0 0 0
85941 0 125 0.0000000000 0.0000000000 0.0000000000 0 0 0
87345 0 94 0.3304056874 0.0002353317 0.0000001676 0 0 0
88234 0 94 0.2344985198 0.0002637779 0.0000002967 0 0 0
101276 0 94 0.1135706386 0.0000087081 0.0000000007 0 0 0
103850 0 94 0.7970239841 0.0006636336 0.0000005526 0 0 0
105098 0 109 0.5628280283 0.0004509840 0.0000003614 0 0 0
106518 0 124 0.3894606912 0.0002742681 0.0000001931 0 0 0
111510 2 312 0.4229495223 0.0000847255 0.0000000170 124 63 125
113257 0 125 0.3471060091 0.0001986869 0.0000001137 0 0 0
113912 0 109 0.1107538117 0.0001690898 0.0000002582 0 0 0
114302 4 44070 0.0000000000 0.0000000000 0.0000000000 0 0 0
159355 0 109 0.0124146078 0.0000002756 0.0000000000 0 0 0
160291 0 94 0.3295572087 0.0003520910 0.0000003762 0 0 0
162990 0 94 0.3752976969 0.0001390506 0.0000000515 0 0 0
165704 0 110 0.0250162134 0.0000167109 0.0000000112 0 0 0
166874 0 110 0.6364402703 0.0005439660 0.0000004649 0 0 0
169043 0 93 0.2867535834 0.0001322054 0.0000000610 0 0 0
175938 2 265 0.4564270754 0.0002840243 0.0000001767 94 46 125
177810 2 296 0.3515409675 0.0001877890 0.0000001003 109 63 124
186312 3 687 0.1912556296 0.0000224954 0.0000000026 0 0 0
187591 0 110 0.0190873923 0.0000149237 0.0000000117 0 0 0
188215 3 624 0.1874809184 0.0003004502 0.0000004815 0 0 0
190431 0 78 0.0179823182 0.0000081148 0.0000000037 0 0 0
192739 3 546 0.0884407257 0.0000383192 0.0000000166 0 0 0
205360 0 93 0.2275686307 0.0000701290 0.0000000216 0 0 0
205687 4 23182 0.0000000000 0.0000000000 0.0000000000 0 0 0
232052 0 78 0.0403646273 0.0000015310 0.0000000001 0 0 0
233705 0 94 0.8276579731 0.0005007005 0.0000003029 0 0 0
238167 0 93 1.0062152271 0.0004922775 0.0000002408 0 0 0
238869 0 109 0.0000000000 0.0000000000 0.0000000000 0 0 0
240850 0 94 0.3293259722 0.0001662423 0.0000000839 0 0 0
241568 0 109 0.2796666920 0.0003895079 0.0000005425 0 0 0
243830 0 109 0.6288586171 0.0002780100 0.0000001229 0 0 0
245124 0 78 0.6626925583 0.0005121272 0.0000003958 0 0 0
247230 0 125 0.1766591335 0.0000838837 0.0000000398 0 0 0
249867 0 125 0.3660849256 0.0001388263 0.0000000526 0 0 0
259773 2 172 0.0370183174 0.0000037370 0.0000000004 16 62 94
264656 0 78 0.1821655322 0.0000373061 0.0000000076 0 0 0
282456 4 6146 0.0000000000 0.0000000000 0.0000000000 0 0 0
292658 0 109 0.0402167956 0.0000039421 0.0000000004 0 0 0
302595 4 5757 0.0000000000 0.0000000000 0.0000000000 0 0 0
324139 0 109 0.0591001857 0.0000027432 0.0000000001 0 0 0
332111 0 109 0.0743831271 0.0000093305 0.0000000012 0 0 0
342922 4 16021 0.0000000000 0.0000000000 0.0000000000 0 0 0
360752 0 94 0.0499465998 0.0000028013 0.0000000002 0 0 0
364933 0 94 0.3526736563 0.0000843515 0.0000000202 0 0 0
371516 0 78 0.0330100206 0.0000050144 0.0000000008 0 0 0
377101 0 94 0.0309364640 0.0000055392 0.0000000010 0 0 0
382983 4 6380 0.0000000000 0.0000000000 0.0000000000 0 0 0
395977 0 94 0.0232386067 0.0000017884 0.0000000001 0 0 0
396991 4 15632 0.0000000000 0.0000000000 0.0000000000 0 0 0
415244 0 124 0.0079920501 0.0000004378 0.0000000000 0 0 0
416289 0 93 0.0095693780 0.0000091573 0.0000000088 0 0 0
424697 4 8331 0.0000000000 0.0000000000 0.0000000000 0 0 0
435118 0 78 0.0127422452 0.0000012227 0.0000000001 0 0 0
441920 0 93 0.0650749277 0.0000095670 0.0000000014 0 0 0
450172 0 94 0.0379496783 0.0000045988 0.0000000006 0 0 0
458378 0 93 0.0504445582 0.0000061473 0.0000000007 0 0 0
496348 0 110 0.0826358577 0.0000021763 0.0000000001 0 0 0
498985 4 7535 0.0000000000 0.0000000000 0.0000000000 0 0 0
517518 0 109 0.0537724697 0.0000029014 0.0000000002 0 0 0
528719 0 93 0.2163094632 0.0000346650 0.0000000056 0 0 0
542556 0 94 0.0745766346 0.0000053897 0.0000000004 0 0 0
551916 0 94 0.0425617135 0.0000045472 0.0000000005 0 0 0
554755 0 94 0.1073231524 0.0000378032 0.0000000133 0 0 0
567641 4 12761 0.0000000000 0.0000000000 0.0000000000 0 0 0
595659 0 109 0.0186680909 0.0000006663 0.0000000000 0 0 0
601290 4 6084 0.0000000000 0.0000000000 0.0000000000 0 0 0
623723 0 94 0.0420145780 0.0000018729 0.0000000001 0 0 0
630899 4 5882 0.0000000000 0.0000000000 0.0000000000 0 0 0
638309 0 125 0.0388171178 0.0000052385 0.0000000007 0 0 0
655204 0 78 0.0316730169 0.0000018747 0.0000000001 0 0 0
658964 0 125 0.0887834629 0.0000236126 0.0000000063 0 0 0
664174 0 110 0.0700853915 0.0000134521 0.0000000026 0 0 0
664627 4 8673 0.0000000000 0.0000000000 0.0000000000 0 0 0
674190 0 109 0.0128194528 0.0000013405 0.0000000001 0 0 0
679026 0 93 0.0420141014 0.0000086878 0.0000000018 0 0 0
682130 4 8128 0.0000000000 0.0000000000 0.0000000000 0 0 0
693955 0 109 0.0482170337 0.0000040776 0.0000000003 0 0 0
701381 0 124 0.0636390741 0.0000085698 0.0000000012 0 0 0
715670 4 7598 0.0000000000 0.0000000000 0.0000000000 0 0 0
726341 0 109 0.2222554531 0.0000208280 0.0000000020 0 0 0
728150 0 125 0.0000000000 0.0000000000 0.0000000000 0 0 0
730007 0 78 0.6552226156 0.0003528393 0.0000001900 0 0 0
734406 4 10858 0.0000000000 0.0000000000 0.0000000000 0 0 0
776043 0 109 0.0192809956 0.0000004631 0.0000000000 0 0 0
792251 0 78 0.0173547765 0.0000010708 0.0000000001 0 0 0
801564 4 9688 0.0000000000 0.0000000000 0.0000000000 0 0 0
819083 0 78 0.0255177931 0.0000014566 0.0000000001 0 0 0
828521 0 94 0.0266334781 0.0000028219 0.0000000003 0 0 0
851048 0 78 0.0358673527 0.0000015922 0.0000000001 0 0 0
865930 0 94 0.0635844343 0.0000042726 0.0000000003 0 0 0
866523 4 12059 0.0000000000 0.0000000000 0.0000000000 0 0 0
952963 0 125 0.0778746748 0.0000009009 0.0000000000 0 0 0
963150 0 78 0.1041198559 0.0000153796 0.0000000023 0 0 0
975225 0 125 0.0270655362 0.0000022415 0.0000000002 0 0 0
985068 0 110 0.0302149888 0.0000030697 0.0000000003 0 0 0
995474 0 124 0.0489079147 0.0000047000 0.0000000005 0 0 0
1004288 4 9890 0.0000000000 0.0000000000 0.0000000000 0 0 0
1015645 0 109 0.0229168471 0.0000020179 0.0000000002 0 0 0
1028702 0 94 0.0394481320 0.0000030212 0.0000000002 0 0 0
1033585 0 93 0.0935447561 0.0000191572 0.0000000039 0 0 0
1036159 4 7566 0.0000000000 0.0000000000 0.0000000000 0 0 0
1046127 0 109 0.0351552842 0.0000035268 0.0000000004 0 0 0
1059496 0 125 0.0987148975 0.0000073839 0.0000000006 0 0 0
1096344 0 94 0.0914362059 0.0000085566 0.0000000008 0 0 0
1098419 4 24398 0.0000000000 0.0000000000 0.0000000000 0 0 0
1124159 0 109 0.0232611105 0.0000009037 0.0000000000 0 0 0
1131709 4 6147 0.0000000000 0.0000000000 0.0000000000 0 0 0
1157481 0 109 0.0423415940 0.0000025824 0.0000000002 0 0 0
1169181 4 8798 0.0000000000 0.0000000000 0.0000000000 0 0 0
1185608 4 7129 0.0000000000 0.0000000000 0.0000000000 0 0 0
1196809 0 93 0.0621370205 0.0000055475 0.0000000005 0 0 0
1217370 4 8408 0.0000000000 0.0000000000 0.0000000000 0 0 0
1228898 0 109 0.0418686540 0.0000036319 0.0000000003 0 0 0
1232548 4 22324 0.0000000000 0.0000000000 0.0000000000 0 0 0
1284029 0 109 0.0013891645 0.0000002757 0.0000000001 0 0 0
1289754 0 78 0.6635140636 0.0001158977 0.0000000202 0 0 0
1295167 4 5070 0.0000000000 0.0000000000 0.0000000000 0 0 0
1303357 4 12293 0.0000000000 0.0000000000 0.0000000000 0 0 0
1316274 0 109 0.0544462799 0.0000042151 0.0000000003 0 0 0
1319769 0 109 0.2606578388 0.0000745802 0.0000000213 0 0 0
1327943 0 94 0.1501913396 0.0000183743 0.0000000022 0 0 0
1337147 0 78 0.1748412598 0.0000189962 0.0000000021 0 0 0
1343746 0 109 0.1715971190 0.0000260035 0.0000000039 0 0 0
1351530 0 78 0.2114426581 0.0000271638 0.0000000035 0 0 0
1354026 0 78 0.4058006675 0.0001625804 0.0000000651 0 0 0
1359408 0 110 0.0661574432 0.0000122924 0.0000000023 0 0 0
1375040 0 93 0.1923859909 0.0000153003 0.0000000012 0 0 0
1378097 0 125 0.5425323957 0.0001774722 0.0000000581 0 0 0
1379954 0 93 0.4194927683 0.0002258981 0.0000001216 0 0 0
1380999 0 109 0.5232026565 0.0005006724 0.0000004791 0 0 0
1387036 0 78 0.5953615104 0.0000986188 0.0000000163 0 0 0
1389049 0 78 0.1253562208 0.0001543796 0.0000001901 0 0 0
1397613 0 94 0.1847114629 0.0000215684 0.0000000025 0 0 0
1432042 4 18643 0.0000000000 0.0000000000 0.0000000000 0 0 0
1456425 0 125 0.0216587438 0.0000008883 0.0000000000 0 0 0
1459031 4 32229 0.0000000000 0.0000000000 0.0000000000 0 0 0
1495519 4 60747 0.0000000000 0.0000000000 0.0000000000 0 0 0
1573379 0 110 0.0116165774 0.0000001492 0.0000000000 0 0 0
1581772 0 109 0.0464655311 0.0000055362 0.0000000007 0 0 0
1587045 4 5694 0.0000000000 0.0000000000 0.0000000000 0 0 0
1608948 0 93 0.0561386803 0.0000025631 0.0000000001 0 0 0
1619072 4 13026 0.0000000000 0.0000000000 0.0000000000 0 0 0
1632114 4 22027 0.0000000000 0.0000000000 0.0000000000 0 0 0
1661114 4 8955 0.0000000000 0.0000000000 0.0000000000 0 0 0
1672487 4 6677 0.0000000000 0.0000000000 0.0000000000 0 0 0
1679164 0 124 0.0000000000 0.0000000000 0.0000000000 0 0 0
1699225 4 10624 0.0000000000 0.0000000000 0.0000000000 0 0 0
1726432 0 109 0.0553903206 0.0000020359 0.0000000001 0 0 0
1732064 0 93 0.2693575221 0.0000478263 0.0000000085 0 0 0
1748631 4 7706 0.0000000000 0.0000000000 0.0000000000 0 0 0
1765058 0 125 0.0514357232 0.0000031312 0.0000000002 0 0 0
1767772 0 94 0.4398442093 0.0001620649 0.0000000597 0 0 0
1771719 0 109 0.1086039666 0.0000497271 0.0000000228 0 0 0
1795884 4 5335 0.0000000000 0.0000000000 0.0000000000 0 0 0
1803200 0 109 0.0141218050 0.0000019303 0.0000000003 0 0 0
1816866 0 78 0.0249946422 0.0000018290 0.0000000001 0 0 0
1823574 0 93 0.0204005142 0.0000030412 0.0000000005 0 0 0
1831686 0 109 0.1204647498 0.0000148502 0.0000000018 0 0 0
1834338 0 125 0.0003770739 0.0000001422 0.0000000001 0 0 0
1842544 0 124 0.0292053333 0.0000044787 0.0000000007 0 0 0
1851186 0 94 0.0355068763 0.0000041086 0.0000000005 0 0 0
1861186 0 124 0.1188503139 0.0000118850 0.0000000012 0 0 0
1869266 0 125 0.0876767112 0.0000108511 0.0000000013 0 0 0
1876224 0 94 0.0651965138 0.0000093700 0.0000000013 0 0 0
1884492 0 125 0.0260106153 0.0000031459 0.0000000004 0 0 0
1892027 0 125 0.0010617120 0.0000001409 0.0000000000 0 0 0
1906629 0 125 0.0681699139 0.0000134034 0.0000000026 0 0 0
1921090 0 125 0.0629412935 0.0000043525 0.0000000003 0 0 0
1927314 0 94 0.1055832829 0.0000169639 0.0000000027 0 0 0
1932946 0 125 0.0668518058 0.0000118700 0.0000000021 0 0 0
1938422 0 125 0.0229591366 0.0000041927 0.0000000008 0 0 0
1940060 0 109 0.0000000000 0.0000000000 0.0000000000 0 0 0
1945426 0 109 0.0133533004 0.0000024885 0.0000000005 0 0 0
1949950 0 109 0.1066794739 0.0000235808 0.0000000052 0 0 0
1956019 0 124 0.0680909564 0.0000112195 0.0000000018 0 0 0
1963975 0 109 0.0220505561 0.0000027716 0.0000000003 0 0 0
1966861 0 93 0.0000000000 0.0000000000 0.0000000000 0 0 0
1969014 4 8377 0.0000000000 0.0000000000 0.0000000000 0 0 0
1978857 0 94 0.0344839498 0.0000035034 0.0000000004 0 0 0
1982508 0 109 0.1187614206 0.0000325285 0.0000000089 0 0 0
1986579 0 78 0.0716117458 0.0000175907 0.0000000043 0 0 0
1990386 0 109 0.0000000000 0.0000000000 0.0000000000 0 0 0
2000261 0 93 0.0225267258 0.0000022812 0.0000000002 0 0 0
2005409 0 109 0.0624254064 0.0000121261 0.0000000024 0 0 0
2007015 0 110 0.0006226650 0.0000003877 0.0000000002 0 0 0
2014020 0 125 0.0493767349 0.0000070488 0.0000000010 0 0 0
2022397 0 78 0.0496281805 0.0000158253 0.0000000050 0 0 0
2023395 4 7067 0.0000000000 0.0000000000 0.0000000000 0 0 0
2040056 0 125 0.0000000000 0.0000000000 0.0000000000 0 0 0
2043254 0 110 0.1430154791 0.0000447203 0.0000000140 0 0 0
2048090 0 94 0.2380066185 0.0000492156 0.0000000102 0 0 0
2052380 0 125 0.0050082241 0.0000011674 0.0000000003 0 0 0
2054471 0 93 0.0030675340 0.0000014670 0.0000000007 0 0 0
2058589 0 110 0.0003434224 0.0000000834 0.0000000000 0 0 0
2064143 0 109 0.0131048370 0.0000023595 0.0000000004 0 0 0
2065126 0 125 0.0010172940 0.0000010349 0.0000000011 0 0 0
2073784 0 109 0.1222641821 0.0000141215 0.0000000016 0 0 0
2077465 0 110 0.1920332130 0.0000521688 0.0000000142 0 0 0
2101864 4 5164 0.0000000000 0.0000000000 0.0000000000 0 0 0
2151145 4 5226 0.0000000000 0.0000000000 0.0000000000 0 0 0
2171862 0 93 0.1101614955 0.0000053174 0.0000000003 0 0 0
2176292 0 125 0.1462671921 0.0000330174 0.0000000075 0 0 0
2182329 4 9376 0.0000000000 0.0000000000 0.0000000000 0 0 0
2191721 4 8190 0.0000000000 0.0000000000 0.0000000000 0 0 0
2204575 0 94 0.1615571977 0.0000125686 0.0000000010 0 0 0
2217820 0 109 0.1171778935 0.0000088470 0.0000000007 0 0 0
2225651 0 93 0.5042501393 0.0000643915 0.0000000082 0 0 0
2238131 0 125 0.1298487082 0.0000104045 0.0000000008 0 0 0
2240408 0 110 0.3555795993 0.0001561614 0.0000000686 0 0 0
2240611 4 20280 0.0000000000 0.0000000000 0.0000000000 0 0 0
2263840 0 125 0.0304753920 0.0000013120 0.0000000001 0 0 0
2270423 0 94 0.1447341853 0.0000219861 0.0000000033 0 0 0
2284931 0 109 0.1448399896 0.0000099835 0.0000000007 0 0 0
2287786 0 94 0.5073317006 0.0001776994 0.0000000622 0 0 0
2294837 0 94 0.3319716765 0.0000470815 0.0000000067 0 0 0
2302450 4 5694 0.0000000000 0.0000000000 0.0000000000 0 0 0
2322371 0 94 0.0634367000 0.0000031844 0.0000000002 0 0 0
2333557 0 93 0.1365623397 0.0000122083 0.0000000011 0 0 0
2335975 0 78 0.3818923602 0.0001579373 0.0000000653 0 0 0
2346536 0 109 0.0892589096 0.0000084517 0.0000000008 0 0 0
2359312 0 94 0.1074975429 0.0000105369 0.0000000010 0 0 0
2361200 0 125 0.6691449798 0.0003544200 0.0000001877 0 0 0
2365958 0 125 0.2433006822 0.0000511351 0.0000000107 0 0 0
2369749 0 125 0.3526869973 0.0000930327 0.0000000245 0 0 0
2391371 0 124 0.0807064731 0.0000037326 0.0000000002 0 0 0
2394163 0 125 0.4419923137 0.0001583067 0.0000000567 0 0 0
2409701 0 109 0.0984344507 0.0000098741 0.0000000010 0 0 0
2420824 0 124 0.1316607500 0.0000118368 0.0000000011 0 0 0
2440105 0 125 0.2537613861 0.0000300701 0.0000000036 0 0 0
2458342 0 109 0.1581279685 0.0000086707 0.0000000005 0 0 0
2479418 0 109 0.0487905763 0.0000032750 0.0000000002 0 0 0
2483349 0 93 0.1995901341 0.0000507734 0.0000000129 0 0 0
2486406 0 110 0.7036508367 0.0002301769 0.0000000753 0 0 0
2504768 0 109 0.1505024067 0.0000081964 0.0000000004 0 0 0
2531226 0 124 0.2015174379 0.0000076165 0.0000000003 0 0 0
2542411 0 109 0.1083554710 0.0000096876 0.0000000009 0 0 0
2562863 3 3166 0.1461880893 0.0000084268 0.0000000005 0 0 0
2568728 0 125 0.0579015146 0.0000098724 0.0000000017 0 0 0
2578509 0 110 0.1566950282 0.0000160203 0.0000000016 0 0 0
2583517 0 125 0.3159260857 0.0000630843 0.0000000126 0 0 0
2585405 0 109 0.3834253964 0.0002030855 0.0000001076 0 0 0
2585514 4 12012 0.0000000000 0.0000000000 0.0000000000 0 0 0
2614015 0 109 0.1122619095 0.0000039389 0.0000000001 0 0 0
2628679 0 110 0.2088819733 0.0000142445 0.0000000010 0 0 0
2628789 4 7519 0.0000000000 0.0000000000 0.0000000000 0 0 0
2636791 4 8908 0.0000000000 0.0000000000 0.0000000000 0 0 0
2647493 0 125 0.0879720602 0.0000082202 0.0000000008 0 0 0
2656557 0 93 0.2604733713 0.0000287371 0.0000000032 0 0 0
2678756 0 78 0.1518241323 0.0000068392 0.0000000003 0 0 0
2689769 0 78 0.0865172202 0.0000078559 0.0000000007 0 0 0
2706352 0 109 0.0783371750 0.0000047239 0.0000000003 0 0 0
2719924 0 125 0.1921699020 0.0000141593 0.0000000010 0 0 0
2742451 0 125 0.5114649548 0.0002215093 0.0000000959 0 0 0
2745165 0 110 0.5524131626 0.0002035421 0.0000000750 0 0 0
2745961 4 9188 0.0000000000 0.0000000000 0.0000000000 0 0 0
2757801 0 125 0.5810171749 0.0002679969 0.0000001236 0 0 0
2762840 0 94 0.3309518553 0.0000656781 0.0000000130 0 0 0
2762934 4 15818 0.0000000000 0.0000000000 0.0000000000 0 0 0
2782200 0 109 0.0037837638 0.0000001964 0.0000000000 0 0 0
2783916 0 125 0.5624522931 0.0003277694 0.0000001910 0 0 0
2833727 0 94 0.5995967347 0.0002089187 0.0000000728 0 0 0
2843072 0 78 0.2670212131 0.0000285737 0.0000000031 0 0 0
2854085 4 7005 0.0000000000 0.0000000000 0.0000000000 0 0 0
2867454 0 110 0.0596250002 0.0000044599 0.0000000003 0 0 0
2873585 0 94 0.1522195636 0.0000248279 0.0000000040 0 0 0
2877251 0 110 0.2048668718 0.0000558829 0.0000000152 0 0 0
2889263 0 94 0.1664624441 0.0000658735 0.0000000261 0 0 0
2890012 3 234 0.4468242896 0.0005965611 0.0000007965 0 0 0
2893834 0 78 0.2469683143 0.0001048698 0.0000000445 0 0 0
2901291 0 78 0.0713891404 0.0000095734 0.0000000013 0 0 0
2906486 0 125 0.0986138533 0.0000189825 0.0000000037 0 0 0
2909325 0 94 0.1590946525 0.0000560390 0.0000000197 0 0 0
2910979 0 93 0.2162488230 0.0001307429 0.0000000790 0 0 0
2913116 3 203 0.2021425487 0.0000945917 0.0000000443 0 0 0
2914442 0 78 0.2025782104 0.0001527739 0.0000001152 0 0 0
2916298 0 78 0.3574604773 0.0001925972 0.0000001038 0 0 0
2917983 0 78 0.3476361608 0.0002063123 0.0000001224 0 0 0
2923818 0 109 0.3044864458 0.0000521828 0.0000000089 0 0 0
2932086 0 109 0.1103333495 0.0000133446 0.0000000016 0 0 0
2934036 0 78 0.4981877849 0.0002554809 0.0000001310 0 0 0
2936828 0 109 0.0657051646 0.0000235334 0.0000000084 0 0 0
2938607 0 78 0.2687561133 0.0001510715 0.0000000849 0 0 0
2940588 0 93 0.2585499377 0.0001305149 0.0000000659 0 0 0
2943053 0 78 0.2749363142 0.0001115360 0.0000000452 0 0 0
2949121 0 78 0.1575823529 0.0000259694 0.0000000043 0 0 0
2953910 0 94 0.0862458993 0.0000180092 0.0000000038 0 0 0
2955829 0 94 0.1668896046 0.0000869670 0.0000000453 0 0 0
2965408 0 109 0.1628237471 0.0000304287 0.0000000057 0 0 0
2968278 0 94 0.2082017946 0.0000725442 0.0000000253 0 0 0
2971211 0 109 0.1774735327 0.0000605092 0.0000000206 0 0 0
2982240 0 109 0.0788671310 0.0000105100 0.0000000014 0 0 0
2986358 0 110 0.0889142734 0.0000215916 0.0000000052 0 0 0
2988480 0 125 0.2036323286 0.0000959625 0.0000000452 0 0 0
2997419 0 94 0.1552503275 0.0000274925 0.0000000049 0 0 0
3001413 0 109 0.2044686376 0.0000511940 0.0000000128 0 0 0
3006810 0 78 0.1640774869 0.0000304016 0.0000000056 0 0 0
3008152 0 78 0.2784857976 0.0002075155 0.0000001546 0 0 0
3015749 0 78 0.1737372676 0.0000228692 0.0000000030 0 0 0
3021724 0 93 0.0827042379 0.0000138417 0.0000000023 0 0 0
3029914 0 78 0.0755263381 0.0000115537 0.0000000018 0 0 0
3047370 0 78 0.2070912990 0.0000626221 0.0000000189 0 0 0
3050490 0 110 0.4761979225 0.0001526275 0.0000000489 0 0 0
3056528 4 5101 0.0000000000 0.0000000000 0.0000000000 0 0 0
3062503 0 93 0.0339138153 0.0000056760 0.0000000009 0 0 0
3066293 0 125 0.3346484584 0.0000882977 0.0000000233 0 0 0
3072767 0 110 0.1107266535 0.0000171033 0.0000000026 0 0 0
3074452 0 78 0.3282461800 0.0001948049 0.0000001156 0 0 0
3079117 0 93 0.2040843826 0.0000437480 0.0000000094 0 0 0
3081847 0 93 0.0075642057 0.0000027708 0.0000000010 0 0 0
3088820 0 109 0.3135953800 0.0000449728 0.0000000064 0 0 0
3090708 0 124 0.3543330154 0.0001876764 0.0000000994 0 0 0
3090973 4 11466 0.0000000000 0.0000000000 0.0000000000 0 0 0
3104748 0 93 0.0221812061 0.0000016103 0.0000000001 0 0 0
3107758 4 9828 0.0000000000 0.0000000000 0.0000000000 0 0 0
3118569 0 109 0.0430534462 0.0000039824 0.0000000004 0 0 0
3121565 0 109 0.8618851485 0.0002876786 0.0000000960 0 0 0
3124357 0 94 0.2704373145 0.0000968615 0.0000000347 0 0 0
3136229 0 109 0.0617537833 0.0000052016 0.0000000004 0 0 0
3142999 4 35069 0.0000000000 0.0000000000 0.0000000000 0 0 0
3178926 0 94 0.0204331663 0.0000005687 0.0000000000 0 0 0
3188863 4 15834 0.0000000000 0.0000000000 0.0000000000 0 0 0
3206679 0 124 0.0265590818 0.0000014907 0.0000000001 0 0 0
3209752 0 109 0.2129438140 0.0000692951 0.0000000225 0 0 0
3211171 4 5211 0.0000000000 0.0000000000 0.0000000000 0 0 0
3217349 0 94 0.1368358284 0.0000221489 0.0000000036 0 0 0
3220922 0 93 0.3694688927 0.0001034058 0.0000000289 0 0 0
3227052 0 94 0.3813545169 0.0000622112 0.0000000101 0 0 0
3233620 0 125 0.2353744379 0.0000358365 0.0000000055 0 0 0
3236225 0 125 0.1990263474 0.0000764017 0.0000000293 0 0 0
3240624 0 110 0.1484165783 0.0000337387 0.0000000077 0 0 0
3255803 0 110 0.1454707907 0.0000095837 0.0000000006 0 0 0
3272121 0 125 0.0993084271 0.0000060858 0.0000000004 0 0 0
3272246 4 8174 0.0000000000 0.0000000000 0.0000000000 0 0 0
3284227 0 93 0.0909058256 0.0000075875 0.0000000006 0 0 0
3296722 0 94 0.1458850297 0.0000239195 0.0000000039 0 0 0
3298579 0 125 0.1795566227 0.0000966918 0.0000000521 0 0 0
3312666 0 78 0.1261389573 0.0000089543 0.0000000006 0 0 0
3312744 4 17955 0.0000000000 0.0000000000 0.0000000000 0 0 0
3331854 0 125 0.0130261086 0.0000006816 0.0000000000 0 0 0
3332291 4 30576 0.0000000000 0.0000000000 0.0000000000 0 0 0
3363756 0 109 0.0108024334 0.0000003433 0.0000000000 0 0 0
3366112 4 84147 0.0000000000 0.0000000000 0.0000000000 0 0 0
3451881 0 109 0.0093869630 0.0000001094 0.0000000000 0 0 0
3455001 4 45833 0.0000000000 0.0000000000 0.0000000000 0 0 0
3501505 4 45880 0.0000000000 0.0000000000 0.0000000000 0 0 0
3548368 0 93 0.0135189945 0.0000002885 0.0000000000 0 0 0
3550084 4 43805 0.0000000000 0.0000000000 0.0000000000 0 0 0
3594450 4 217606 0.0000000000 0.0000000000 0.0000000000 0 0 0
3812072 4 195641 0.0000000000 0.0000000000 0.0000000000 0 0 0
4010661 0 109 0.0090373574 0.0000000455 0.0000000000 0 0 0
4013391 0 94 0.6476605446 0.0002372383 0.0000000869 0 0 0
