213.0000000000 11.9087439228
1078.0000000000 0.0000000000
718.0000000000 0.0000000000
109.0000000000 0.0000000000
391.0000000000 0.0000000000
218.0000000000 0.0000000000
0.1941624069 0.2110145628
0.0000761319 0.0001386859
0.0000000446 0.0000001115

19188 4 39343 0.0000000000 0.0000000000 0.0000000000 0 0 0
59203 4 8344 0.0000000000 0.0000000000 0.0000000000 0 0 0
71391 4 5265 0.0000000000 0.0000000000 0.0000000000 0 0 0
80281 4 27063 0.0000000000 0.0000000000 0.0000000000 0 0 0
143484 4 27016 0.0000000000 0.0000000000 0.0000000000 0 0 0
173766 4 12484 0.0000000000 0.0000000000 0.0000000000 0 0 0
188781 4 41782 0.0000000000 0.0000000000 0.0000000000 0 0 0
234438 4 12265 0.0000000000 0.0000000000 0.0000000000 0 0 0
278750 4 12344 0.0000000000 0.0000000000 0.0000000000 0 0 0
330297 4 16516 0.0000000000 0.0000000000 0.0000000000 0 0 0
370734 4 5797 0.0000000000 0.0000000000 0.0000000000 0 0 0
414688 4 11984 0.0000000000 0.0000000000 0.0000000000 0 0 0
472734 4 42094 0.0000000000 0.0000000000 0.0000000000 0 0 0
515063 4 56437 0.0000000000 0.0000000000 0.0000000000 0 0 0
572109 4 19641 0.0000000000 0.0000000000 0.0000000000 0 0 0
592594 4 11781 0.0000000000 0.0000000000 0.0000000000 0 0 0
605078 4 9844 0.0000000000 0.0000000000 0.0000000000 0 0 0
629484 4 9235 0.0000000000 0.0000000000 0.0000000000 0 0 0
638766 4 10031 0.0000000000 0.0000000000 0.0000000000 0 0 0
648953 4 10985 0.0000000000 0.0000000000 0.0000000000 0 0 0
660328 4 41953 0.0000000000 0.0000000000 0.0000000000 0 0 0
704172 4 30531 0.0000000000 0.0000000000 0.0000000000 0 0 0
735438 4 5187 0.0000000000 0.0000000000 0.0000000000 0 0 0
740891 4 25109 0.0000000000 0.0000000000 0.0000000000 0 0 0
766500 4 108000 0.0000000000 0.0000000000 0.0000000000 0 0 0
874969 4 132750 0.0000000000 0.0000000000 0.0000000000 0 0 0
1008297 4 89094 0.0000000000 0.0000000000 0.0000000000 0 0 0
1101797 4 10687 0.0000000000 0.0000000000 0.0000000000 0 0 0
1113406 4 14578 0.0000000000 0.0000000000 0.0000000000 0 0 0
1128547 4 34703 0.0000000000 0.0000000000 0.0000000000 0 0 0
1167469 4 45828 0.0000000000 0.0000000000 0.0000000000 0 0 0
1224656 4 40922 0.0000000000 0.0000000000 0.0000000000 0 0 0
1266047 4 27547 0.0000000000 0.0000000000 0.0000000000 0 0 0
1293734 4 65047 0.0000000000 0.0000000000 0.0000000000 0 0 0
1359188 4 23531 0.0000000000 0.0000000000 0.0000000000 0 0 0
1382938 4 15187 0.0000000000 0.0000000000 0.0000000000 0 0 0
1398563 4 33468 0.0000000000 0.0000000000 0.0000000000 0 0 0
1434359 4 9204 0.0000000000 0.0000000000 0.0000000000 0 0 0
1443781 4 75328 0.0000000000 0.0000000000 0.0000000000 0 0 0
1519125 4 14875 0.0000000000 0.0000000000 0.0000000000 0 0 0
1552984 4 16250 0.0000000000 0.0000000000 0.0000000000 0 0 0
1572781 4 151297 0.0000000000 0.0000000000 0.0000000000 0 0 0
1735797 0 203 0.3699180290 0.0000578811 0.0000000091 0 0 0
1740672 4 5344 0.0000000000 0.0000000000 0.0000000000 0 0 0
1757297 4 8094 0.0000000000 0.0000000000 0.0000000000 0 0 0
1769938 4 6031 0.0000000000 0.0000000000 0.0000000000 0 0 0
1779969 4 30015 0.0000000000 0.0000000000 0.0000000000 0 0 0
1810781 4 5219 0.0000000000 0.0000000000 0.0000000000 0 0 0
1817203 3 453 0.2441196368 0.0000380130 0.0000000059 0 0 0
1817656 4 73422 0.0000000000 0.0000000000 0.0000000000 0 0 0
1920625 0 188 0.1570834039 0.0000058723 0.0000000002 0 0 0
1922688 4 23281 0.0000000000 0.0000000000 0.0000000000 0 0 0
1952000 4 16672 0.0000000000 0.0000000000 0.0000000000 0 0 0
1969609 4 5891 0.0000000000 0.0000000000 0.0000000000 0 0 0
1980625 4 7281 0.0000000000 0.0000000000 0.0000000000 0 0 0
1988625 3 766 0.0633960044 0.0000079245 0.0000000010 0 0 0
1990781 3 1422 0.1815647248 0.0000842137 0.0000000391 0 0 0
1993328 3 1594 0.2169601303 0.0000851826 0.0000000334 0 0 0
1996625 4 10344 0.0000000000 0.0000000000 0.0000000000 0 0 0
2008016 4 6297 0.0000000000 0.0000000000 0.0000000000 0 0 0
2016703 4 25000 0.0000000000 0.0000000000 0.0000000000 0 0 0
2053500 4 56078 0.0000000000 0.0000000000 0.0000000000 0 0 0
2120125 3 1172 0.0000000000 0.0000000000 0.0000000000 0 0 0
2122328 4 78750 0.0000000000 0.0000000000 0.0000000000 0 0 0
2204641 4 18093 0.0000000000 0.0000000000 0.0000000000 0 0 0
2235422 4 19562 0.0000000000 0.0000000000 0.0000000000 0 0 0
2257609 4 6047 0.0000000000 0.0000000000 0.0000000000 0 0 0
2265078 4 21547 0.0000000000 0.0000000000 0.0000000000 0 0 0
2287031 4 118250 0.0000000000 0.0000000000 0.0000000000 0 0 0
2407703 4 70750 0.0000000000 0.0000000000 0.0000000000 0 0 0
2484328 4 48953 0.0000000000 0.0000000000 0.0000000000 0 0 0
2533625 4 16219 0.0000000000 0.0000000000 0.0000000000 0 0 0
2554875 4 19234 0.0000000000 0.0000000000 0.0000000000 0 0 0
2585828 4 8672 0.0000000000 0.0000000000 0.0000000000 0 0 0
2601766 4 33922 0.0000000000 0.0000000000 0.0000000000 0 0 0
2635891 4 25953 0.0000000000 0.0000000000 0.0000000000 0 0 0
2670281 4 23641 0.0000000000 0.0000000000 0.0000000000 0 0 0
2694375 4 63188 0.0000000000 0.0000000000 0.0000000000 0 0 0
2768844 3 797 0.3527102765 0.0000960540 0.0000000262 0 0 0
2769656 4 31282 0.0000000000 0.0000000000 0.0000000000 0 0 0
2806844 4 5437 0.0000000000 0.0000000000 0.0000000000 0 0 0
2820594 4 5734 0.0000000000 0.0000000000 0.0000000000 0 0 0
2826484 4 9422 0.0000000000 0.0000000000 0.0000000000 0 0 0
2853609 4 12172 0.0000000000 0.0000000000 0.0000000000 0 0 0
2866219 4 6250 0.0000000000 0.0000000000 0.0000000000 0 0 0
2890672 4 16156 0.0000000000 0.0000000000 0.0000000000 0 0 0
2914063 4 190468 0.0000000000 0.0000000000 0.0000000000 0 0 0
3137344 3 2125 0.3659876675 0.0000703417 0.0000000135 0 0 0
3189188 4 65515 0.0000000000 0.0000000000 0.0000000000 0 0 0
3254703 3 1422 0.0000000000 0.0000000000 0.0000000000 0 0 0
3256844 3 3437 0.0000000000 0.0000000000 0.0000000000 0 0 0
3262563 3 656 0.0585573624 0.0000102391 0.0000000018 0 0 0
3268313 3 6250 0.1280269200 0.0000222656 0.0000000039 0 0 0
3275688 3 906 0.0431886508 0.0000058561 0.0000000008 0 0 0
3278547 3 1734 0.3899595450 0.0001363972 0.0000000477 0 0 0
3281813 3 484 0.0573345622 0.0000175550 0.0000000054 0 0 0
3283672 3 1266 0.6727552562 0.0003618909 0.0000001947 0 0 0
3293063 4 8515 0.0000000000 0.0000000000 0.0000000000 0 0 0
3310172 0 203 0.1092563547 0.0000258963 0.0000000061 0 0 0
3311438 0 203 0.0797788310 0.0000630165 0.0000000498 0 0 0
3323703 4 5125 0.0000000000 0.0000000000 0.0000000000 0 0 0
3332859 4 223875 0.0000000000 0.0000000000 0.0000000000 0 0 0
3562328 4 10281 0.0000000000 0.0000000000 0.0000000000 0 0 0
3578813 2 718 0.1417849839 0.0001710313 0.0000002063 109 391 218
3582953 1 1078 0.0509025120 0.0000122953 0.0000000030 0 0 0
3599781 4 16547 0.0000000000 0.0000000000 0.0000000000 0 0 0
3619047 3 14500 0.1045805313 0.0000054282 0.0000000003 0 0 0
3640906 3 9172 0.1453749869 0.0000066506 0.0000000003 0 0 0
3654578 4 55110 0.0000000000 0.0000000000 0.0000000000 0 0 0
3712547 3 1859 0.0533027931 0.0000009195 0.0000000000 0 0 0
3722313 4 22437 0.0000000000 0.0000000000 0.0000000000 0 0 0
3745969 0 219 0.0299034510 0.0000012641 0.0000000001 0 0 0
3747875 0 219 0.3458017218 0.0001814280 0.0000000952 0 0 0
3749078 0 219 0.8537763213 0.0007097060 0.0000005899 0 0 0
3750531 0 219 0.0000000000 0.0000000000 0.0000000000 0 0 0
3755031 4 46953 0.0000000000 0.0000000000 0.0000000000 0 0 0
3805516 0 218 0.0713002008 0.0000014123 0.0000000000 0 0 0
3807563 0 234 0.0850024426 0.0000415254 0.0000000203 0 0 0
3812188 0 218 0.6467073152 0.0001398286 0.0000000302 0 0 0
