122.5987261146 6.6656834576
0.0000000000 0.0000000000
344.3265306122 62.3248198848
133.1428571429 20.3018044840
89.6734693878 66.0378332365
121.5102040816 8.4590790471
0.1267233882 0.1229602036
0.0000741102 0.0000857228
0.0000000503 0.0000000689

4204 0 125 0.0858328667 0.0000204170 0.0000000049 0 0 0
6016 0 125 0.2446041856 0.0001349913 0.0000000745 0 0 0
8532 0 125 0.3943475888 0.0001567359 0.0000000623 0 0 0
10375 0 125 0.3361978540 0.0001824188 0.0000000990 0 0 0
14969 0 125 0.0952883098 0.0000207419 0.0000000045 0 0 0
19235 0 125 0.0976257584 0.0000228846 0.0000000054 0 0 0
22813 0 109 0.0139927206 0.0000039108 0.0000000011 0 0 0
22922 4 6063 0.0000000000 0.0000000000 0.0000000000 0 0 0
29891 0 141 0.0695867157 0.0000099852 0.0000000014 0 0 0
32563 0 125 0.0762296743 0.0000285291 0.0000000107 0 0 0
38844 0 125 0.3009804500 0.0000479192 0.0000000076 0 0 0
42829 0 109 0.0631586386 0.0000354426 0.0000000199 0 0 0
43829 0 125 0.0620551999 0.0000620552 0.0000000621 0 0 0
43954 4 11453 0.0000000000 0.0000000000 0.0000000000 0 0 0
56407 0 156 0.0155579434 0.0000012493 0.0000000001 0 0 0
57313 4 56234 0.0000000000 0.0000000000 0.0000000000 0 0 0
114282 0 125 0.0000000000 0.0000000000 0.0000000000 0 0 0
119797 0 125 0.1345060604 0.0000243891 0.0000000044 0 0 0
123454 0 125 0.2978549835 0.0000814479 0.0000000223 0 0 0
124532 0 125 0.2941089293 0.0002728283 0.0000002531 0 0 0
130266 0 125 0.1127806498 0.0000196688 0.0000000034 0 0 0
133188 0 125 0.0455929043 0.0000327771 0.0000000236 0 0 0
133313 4 25250 0.0000000000 0.0000000000 0.0000000000 0 0 0
159407 2 328 0.0041962041 0.0000001608 0.0000000000 172 46 110
160313 4 10656 0.0000000000 0.0000000000 0.0000000000 0 0 0
171954 0 125 0.0414965772 0.0000035647 0.0000000003 0 0 0
178469 0 125 0.0868391956 0.0000133291 0.0000000020 0 0 0
181938 0 125 0.0567557475 0.0000403668 0.0000000287 0 0 0
183469 0 125 0.3591938717 0.0002346139 0.0000001532 0 0 0
184297 4 13938 0.0000000000 0.0000000000 0.0000000000 0 0 0
199375 0 110 0.0384527989 0.0000025503 0.0000000002 0 0 0
200954 2 312 0.4430001061 0.0002805574 0.0000001777 140 47 125
202610 0 125 0.3772461713 0.0002278057 0.0000001376 0 0 0
204172 0 125 0.3755076801 0.0002404018 0.0000001539 0 0 0
205766 0 125 0.3278065490 0.0002056503 0.0000001290 0 0 0
207547 4 67797 0.0000000000 0.0000000000 0.0000000000 0 0 0
275954 2 296 0.0014960199 0.0000000219 0.0000000000 125 46 125
277344 0 125 0.4463384940 0.0003211068 0.0000002310 0 0 0
278782 0 125 0.3550291732 0.0002468909 0.0000001717 0 0 0
279563 4 25156 0.0000000000 0.0000000000 0.0000000000 0 0 0
305657 2 281 0.0069670114 0.0000002670 0.0000000000 109 47 125
309329 0 125 0.3289373060 0.0000895799 0.0000000244 0 0 0
311079 0 125 0.2420334440 0.0001383048 0.0000000790 0 0 0
312000 0 125 0.0524436081 0.0000569420 0.0000000618 0 0 0
312125 4 5704 0.0000000000 0.0000000000 0.0000000000 0 0 0
323157 2 312 0.0877871052 0.0000079575 0.0000000007 140 47 125
324407 4 17187 0.0000000000 0.0000000000 0.0000000000 0 0 0
342250 0 125 0.0006164883 0.0000000346 0.0000000000 0 0 0
346704 0 109 0.1216094524 0.0000273034 0.0000000061 0 0 0
349188 4 18359 0.0000000000 0.0000000000 0.0000000000 0 0 0
368125 2 313 0.0043396813 0.0000002292 0.0000000000 141 63 109
369547 0 110 0.0921962659 0.0000648356 0.0000000456 0 0 0
371297 4 23360 0.0000000000 0.0000000000 0.0000000000 0 0 0
395641 2 406 0.0109863025 0.0000004513 0.0000000000 125 156 125
398188 0 125 0.1210763810 0.0000475369 0.0000000187 0 0 0
399219 0 110 0.1106400302 0.0001073133 0.0000001041 0 0 0
399329 4 12484 0.0000000000 0.0000000000 0.0000000000 0 0 0
412516 2 359 0.0134980855 0.0000010236 0.0000000001 125 109 125
415891 0 109 0.2653001998 0.0001029093 0.0000000399 0 0 0
422438 2 328 0.0884726842 0.0000135135 0.0000000021 156 63 109
424610 0 125 0.1518576714 0.0000699161 0.0000000322 0 0 0
427672 0 125 0.1810084954 0.0000591145 0.0000000193 0 0 0
427797 4 28375 0.0000000000 0.0000000000 0.0000000000 0 0 0
458219 0 110 0.0178048449 0.0000005853 0.0000000000 0 0 0
459125 4 245329 0.0000000000 0.0000000000 0.0000000000 0 0 0
705157 0 125 0.0007173822 0.0000000029 0.0000000000 0 0 0
706110 2 281 0.0895118567 0.0000939264 0.0000000986 109 47 125
708079 0 125 0.2872819125 0.0001459024 0.0000000741 0 0 0
709079 0 109 0.0238313096 0.0000238313 0.0000000238 0 0 0
712016 0 125 0.0337220939 0.0000220262 0.0000000144 0 0 0
712141 4 31906 0.0000000000 0.0000000000 0.0000000000 0 0 0
747485 4 18062 0.0000000000 0.0000000000 0.0000000000 0 0 0
766422 0 125 0.0064661190 0.0000003415 0.0000000000 0 0 0
768688 4 16766 0.0000000000 0.0000000000 0.0000000000 0 0 0
786157 2 281 0.0047409690 0.0000002714 0.0000000000 109 47 125
788063 0 125 0.2669660908 0.0001400662 0.0000000735 0 0 0
789782 0 125 0.2661831341 0.0001548477 0.0000000901 0 0 0
792157 0 109 0.2212357284 0.0000931519 0.0000000392 0 0 0
794204 0 125 0.2867242917 0.0001400705 0.0000000684 0 0 0
798063 2 344 0.0258013093 0.0000066860 0.0000000017 109 110 125
799094 4 72219 0.0000000000 0.0000000000 0.0000000000 0 0 0
872125 2 313 0.0022712262 0.0000000311 0.0000000000 141 47 125
873500 0 125 0.2913048826 0.0002118581 0.0000001541 0 0 0
874313 0 125 0.0000000000 0.0000000000 0.0000000000 0 0 0
875969 0 125 0.2237525849 0.0001351163 0.0000000816 0 0 0
877579 0 125 0.2539425398 0.0001577283 0.0000000980 0 0 0
877704 4 12796 0.0000000000 0.0000000000 0.0000000000 0 0 0
891750 2 500 0.0200636936 0.0000014284 0.0000000001 125 250 125
892688 4 19422 0.0000000000 0.0000000000 0.0000000000 0 0 0
913032 0 125 0.0093064065 0.0000004575 0.0000000000 0 0 0
914375 0 125 0.2290358157 0.0001705404 0.0000001270 0 0 0
915016 0 125 0.0000000000 0.0000000000 0.0000000000 0 0 0
916610 0 125 0.3396896868 0.0002131052 0.0000001337 0 0 0
917344 4 35781 0.0000000000 0.0000000000 0.0000000000 0 0 0
954954 4 63406 0.0000000000 0.0000000000 0.0000000000 0 0 0
1019141 2 500 0.0029675880 0.0000000462 0.0000000000 109 282 109
1020750 0 125 0.1552285735 0.0000964752 0.0000000600 0 0 0
1023954 0 125 0.1565701238 0.0000488671 0.0000000153 0 0 0
1024641 4 11859 0.0000000000 0.0000000000 0.0000000000 0 0 0
1037750 2 485 0.0314158330 0.0000023965 0.0000000002 125 204 156
1038282 0 125 0.0000000000 0.0000000000 0.0000000000 0 0 0
1040047 4 5657 0.0000000000 0.0000000000 0.0000000000 0 0 0
1046485 0 109 0.0082313011 0.0000012785 0.0000000002 0 0 0
1047563 2 344 0.2501422198 0.0002320429 0.0000002153 125 109 110
1048219 0 125 0.0000000000 0.0000000000 0.0000000000 0 0 0
1048938 0 125 0.0000000000 0.0000000000 0.0000000000 0 0 0
1049657 4 30218 0.0000000000 0.0000000000 0.0000000000 0 0 0
1080579 2 328 0.0029783549 0.0000000963 0.0000000000 171 47 110
1081375 4 19016 0.0000000000 0.0000000000 0.0000000000 0 0 0
1101579 2 312 0.0110640408 0.0000005476 0.0000000000 140 47 125
1102344 4 42266 0.0000000000 0.0000000000 0.0000000000 0 0 0
1148735 0 125 0.0205571423 0.0000004431 0.0000000000 0 0 0
1150313 0 109 0.2542923842 0.0001611485 0.0000001021 0 0 0
1151079 0 125 0.0000000000 0.0000000000 0.0000000000 0 0 0
1152125 0 110 0.1694964199 0.0001620425 0.0000001549 0 0 0
1152860 4 36734 0.0000000000 0.0000000000 0.0000000000 0 0 0
1191422 2 407 0.0159624643 0.0000004139 0.0000000000 125 157 125
1192250 4 27032 0.0000000000 0.0000000000 0.0000000000 0 0 0
1220157 2 312 0.0042751328 0.0000001532 0.0000000000 140 47 125
1223547 0 125 0.2479998671 0.0000731563 0.0000000216 0 0 0
1224735 0 109 0.0184313912 0.0000155146 0.0000000131 0 0 0
1226719 0 125 0.2300418429 0.0001159485 0.0000000584 0 0 0
1228469 0 125 0.0809785511 0.0000462735 0.0000000264 0 0 0
1230094 0 125 0.3118419715 0.0001919028 0.0000001181 0 0 0
1230219 4 152719 0.0000000000 0.0000000000 0.0000000000 0 0 0
1385516 4 29578 0.0000000000 0.0000000000 0.0000000000 0 0 0
1415797 2 328 0.0067373656 0.0000002225 0.0000000000 157 46 125
1416704 4 61343 0.0000000000 0.0000000000 0.0000000000 0 0 0
1478782 2 375 0.0015242117 0.0000000246 0.0000000000 125 125 125
1480266 0 125 0.2023992060 0.0001363876 0.0000000919 0 0 0
1482579 0 125 0.2332794052 0.0001008558 0.0000000436 0 0 0
1483188 4 41812 0.0000000000 0.0000000000 0.0000000000 0 0 0
1525844 0 125 0.0066877906 0.0000001568 0.0000000000 0 0 0
1528188 4 49047 0.0000000000 0.0000000000 0.0000000000 0 0 0
1577797 2 328 0.0016730197 0.0000000337 0.0000000000 172 47 109
1579563 4 91750 0.0000000000 0.0000000000 0.0000000000 0 0 0
1672922 4 55110 0.0000000000 0.0000000000 0.0000000000 0 0 0
1728032 2 312 0.0000000000 0.0000000000 0.0000000000 140 47 125
1728344 4 35328 0.0000000000 0.0000000000 0.0000000000 0 0 0
1763672 2 313 0.0000000000 0.0000000000 0.0000000000 141 47 125
1765157 0 109 0.3751371036 0.0002526176 0.0000001701 0 0 0
1766157 0 125 0.4367325928 0.0004367326 0.0000004367 0 0 0
1766282 4 64609 0.0000000000 0.0000000000 0.0000000000 0 0 0
1834954 4 62843 0.0000000000 0.0000000000 0.0000000000 0 0 0
1899250 2 422 0.0081616697 0.0000001269 0.0000000000 125 172 125
1900063 4 40422 0.0000000000 0.0000000000 0.0000000000 0 0 0
1946204 0 125 0.0203245527 0.0000004405 0.0000000000 0 0 0
1947032 0 125 0.0364474799 0.0000440187 0.0000000532 0 0 0
1948250 0 125 0.0202383264 0.0000166160 0.0000000136 0 0 0
1949672 0 125 0.2895534050 0.0002036241 0.0000001432 0 0 0
1950938 0 125 0.2876230518 0.0002271904 0.0000001795 0 0 0
1952235 0 109 0.2720932495 0.0002097866 0.0000001617 0 0 0
1953641 2 391 0.2044107511 0.0001453846 0.0000001034 109 157 125
1955469 0 125 0.3207518217 0.0001754660 0.0000000960 0 0 0
1955594 4 18531 0.0000000000 0.0000000000 0.0000000000 0 0 0
1975719 2 328 0.0305093413 0.0000015160 0.0000000001 156 47 125
1977407 0 125 0.3873890096 0.0002294959 0.0000001360 0 0 0
1977532 4 38093 0.0000000000 0.0000000000 0.0000000000 0 0 0
2017344 2 375 0.0144738303 0.0000003636 0.0000000000 203 47 125
2021563 0 125 0.1504967103 0.0000356712 0.0000000085 0 0 0
2022954 0 125 0.0758086029 0.0000544994 0.0000000392 0 0 0
2025719 0 125 0.3113537560 0.0001126053 0.0000000407 0 0 0
2026485 4 5531 0.0000000000 0.0000000000 0.0000000000 0 0 0
2032860 0 125 0.0099177521 0.0000015557 0.0000000002 0 0 0
2034110 0 125 0.1129856766 0.0000903885 0.0000000723 0 0 0
2039219 0 125 0.1164986050 0.0000228026 0.0000000045 0 0 0
2040719 0 125 0.2730262497 0.0001820175 0.0000001213 0 0 0
2042079 0 125 0.0762711707 0.0000560817 0.0000000412 0 0 0
2043047 2 297 0.3189870974 0.0003295321 0.0000003404 125 47 125
2044204 0 109 0.1291891685 0.0001116587 0.0000000965 0 0 0
2045672 0 125 0.0494113334 0.0000336589 0.0000000229 0 0 0
2045797 4 30422 0.0000000000 0.0000000000 0.0000000000 0 0 0
2077469 2 438 0.0141836449 0.0000004478 0.0000000000 125 188 125
2078829 0 109 0.0987887356 0.0000726388 0.0000000534 0 0 0
2078938 4 105922 0.0000000000 0.0000000000 0.0000000000 0 0 0
2185579 2 312 0.0009446350 0.0000000089 0.0000000000 156 47 109
2187391 0 125 0.3171407860 0.0001750225 0.0000000966 0 0 0
2188985 0 125 0.3413125039 0.0002141233 0.0000001343 0 0 0
2190438 0 125 0.0527084131 0.0000362756 0.0000000250 0 0 0
2190563 4 31766 0.0000000000 0.0000000000 0.0000000000 0 0 0
2223266 0 125 0.0025250591 0.0000000772 0.0000000000 0 0 0
2223391 4 62313 0.0000000000 0.0000000000 0.0000000000 0 0 0
2286579 2 500 0.0037442696 0.0000000593 0.0000000000 109 266 125
2288172 4 6000 0.0000000000 0.0000000000 0.0000000000 0 0 0
2295641 0 125 0.0633044438 0.0000084756 0.0000000011 0 0 0
2297141 0 125 0.3527761026 0.0002351841 0.0000001568 0 0 0
2298469 0 125 0.2168294112 0.0001632752 0.0000001229 0 0 0
2298594 4 85313 0.0000000000 0.0000000000 0.0000000000 0 0 0
2385438 2 281 0.0037867864 0.0000000436 0.0000000000 109 47 125
2387954 0 125 0.2358723059 0.0000937489 0.0000000373 0 0 0
2388766 0 125 0.0815049797 0.0001003756 0.0000001236 0 0 0
2390157 0 125 0.1817390927 0.0001306536 0.0000000939 0 0 0
2390282 4 6359 0.0000000000 0.0000000000 0.0000000000 0 0 0
2397469 0 110 0.0139344992 0.0000019388 0.0000000003 0 0 0
2398344 0 125 0.1597408732 0.0001825610 0.0000002086 0 0 0
2401625 0 125 0.1695237871 0.0000516683 0.0000000157 0 0 0
2403782 0 109 0.0628576744 0.0000291412 0.0000000135 0 0 0
2414969 0 125 0.0513458369 0.0000045898 0.0000000004 0 0 0
2416969 0 110 0.1766835662 0.0000883418 0.0000000442 0 0 0
2417797 0 125 0.0000000000 0.0000000000 0.0000000000 0 0 0
2419141 0 125 0.0515496507 0.0000383554 0.0000000285 0 0 0
2421157 2 312 0.1158652390 0.0000574728 0.0000000285 140 47 125
2422954 0 125 0.1477555228 0.0000822234 0.0000000458 0 0 0
2423750 0 125 0.0000000000 0.0000000000 0.0000000000 0 0 0
2424875 0 125 0.1236768781 0.0001099350 0.0000000977 0 0 0
2425000 4 52735 0.0000000000 0.0000000000 0.0000000000 0 0 0
2478438 2 281 0.0025201884 0.0000000472 0.0000000000 109 47 125
2480500 0 125 0.1984591301 0.0000962459 0.0000000467 0 0 0
2488579 0 109 0.0671866404 0.0000083162 0.0000000010 0 0 0
2490454 0 125 0.1821542804 0.0000971489 0.0000000518 0 0 0
2491157 0 125 0.0000000000 0.0000000000 0.0000000000 0 0 0
2491829 0 109 0.0000000000 0.0000000000 0.0000000000 0 0 0
2492829 2 281 0.1253144202 0.0001253144 0.0000001253 109 47 125
2494125 4 22079 0.0000000000 0.0000000000 0.0000000000 0 0 0
2518094 0 125 0.0110947636 0.0000004629 0.0000000000 0 0 0
2520360 2 312 0.0749121598 0.0000330592 0.0000000146 140 47 125
2521532 0 125 0.0547312696 0.0000466990 0.0000000398 0 0 0
2524235 0 125 0.1057059752 0.0000391069 0.0000000145 0 0 0
2540266 0 125 0.0363512083 0.0000022676 0.0000000001 0 0 0
2542032 0 125 0.2111133182 0.0001195432 0.0000000677 0 0 0
2544454 2 281 0.1024067668 0.0000590241 0.0000000340 109 62 110
2545610 0 125 0.1382981041 0.0001196350 0.0000001035 0 0 0
2545735 4 94672 0.0000000000 0.0000000000 0.0000000000 0 0 0
2641704 0 125 0.0020218244 0.0000000211 0.0000000000 0 0 0
2643594 0 125 0.2676308149 0.0001416036 0.0000000749 0 0 0
2647469 0 125 0.2953058230 0.0001601442 0.0000000868 0 0 0
2648313 4 165547 0.0000000000 0.0000000000 0.0000000000 0 0 0
2815735 2 312 0.2475190096 0.0001354043 0.0000000741 140 47 125
2816625 4 80454 0.0000000000 0.0000000000 0.0000000000 0 0 0
2898125 2 407 0.0038263255 0.0000000469 0.0000000000 125 157 125
2899016 4 77688 0.0000000000 0.0000000000 0.0000000000 0 0 0
2977688 2 391 0.0016184861 0.0000000206 0.0000000000 125 156 110
2978782 4 38578 0.0000000000 0.0000000000 0.0000000000 0 0 0
3018125 2 297 0.0049018269 0.0000001246 0.0000000000 141 47 109
3021032 0 125 0.1517794019 0.0000522117 0.0000000180 0 0 0
3029079 0 109 0.0676840218 0.0000084111 0.0000000010 0 0 0
3031938 0 125 0.0000000000 0.0000000000 0.0000000000 0 0 0
3032922 2 328 0.1259722463 0.0001280206 0.0000001301 157 46 125
3035157 0 125 0.2095147652 0.0000937426 0.0000000419 0 0 0
3044657 0 125 0.0544510795 0.0000057317 0.0000000006 0 0 0
3047860 0 125 0.0000000000 0.0000000000 0.0000000000 0 0 0
3049297 2 297 0.1081614873 0.0000752690 0.0000000524 125 47 125
3050563 0 125 0.1355467117 0.0001070669 0.0000000846 0 0 0
3052907 0 125 0.2005580522 0.0000855623 0.0000000365 0 0 0
3057485 0 109 0.1088845494 0.0000237843 0.0000000052 0 0 0
3059516 0 125 0.2522086321 0.0001241795 0.0000000611 0 0 0
3062438 0 125 0.1934583032 0.0000662075 0.0000000227 0 0 0
3063938 2 281 0.3630507118 0.0002420338 0.0000001614 125 47 109
3064985 2 437 0.0992690080 0.0000948128 0.0000000906 125 187 125
3066938 0 109 0.2392791070 0.0001225187 0.0000000627 0 0 0
3069766 0 125 0.0928396381 0.0000631992 0.0000000430 0 0 0
3069891 4 119109 0.0000000000 0.0000000000 0.0000000000 0 0 0
3190079 0 125 0.0018435566 0.0000000153 0.0000000000 0 0 0
3191063 0 125 0.0000000000 0.0000000000 0.0000000000 0 0 0
3192125 0 125 0.1285824681 0.0001210758 0.0000001140 0 0 0
3192250 4 16813 0.0000000000 0.0000000000 0.0000000000 0 0 0
3210563 0 125 0.0263650571 0.0000014397 0.0000000001 0 0 0
3211735 0 125 0.3107506218 0.0002651456 0.0000002262 0 0 0
3213188 0 125 0.2402323766 0.0001653354 0.0000001138 0 0 0
3214266 0 125 0.3152862373 0.0002924733 0.0000002713 0 0 0
3215422 2 313 0.2546917929 0.0002203216 0.0000001906 141 62 110
3216625 0 125 0.0919158225 0.0000764055 0.0000000635 0 0 0
3216750 4 33344 0.0000000000 0.0000000000 0.0000000000 0 0 0
3250719 0 110 0.0025707222 0.0000000757 0.0000000000 0 0 0
3250875 3 407 0.0000000000 0.0000000000 0.0000000000 0 0 0
3251282 4 29812 0.0000000000 0.0000000000 0.0000000000 0 0 0
3281938 0 125 0.0097628255 0.0000003185 0.0000000000 0 0 0
3282860 4 199672 0.0000000000 0.0000000000 0.0000000000 0 0 0
3484454 0 125 0.0046472406 0.0000000231 0.0000000000 0 0 0
3485235 4 6015 0.0000000000 0.0000000000 0.0000000000 0 0 0
3493813 0 125 0.0829152690 0.0000096660 0.0000000011 0 0 0
