128.2777777778 13.3741274089
nan nan
640.0000000000 0.0000000000
140.0000000000 0.0000000000
328.0000000000 0.0000000000
172.0000000000 0.0000000000
0.1752918463 0.1406273473
0.0000755436 0.0000994609
0.0000000474 0.0000000898

3494 0 125 0.0005827506 0.0000003396 0.0000000002 0 0 0
4446 0 109 0.0866964536 0.0000910677 0.0000000957 0 0 0
5585 0 109 0.0000000000 0.0000000000 0.0000000000 0 0 0
10655 0 109 0.4375997612 0.0000863116 0.0000000170 0 0 0
14789 4 9063 0.0000000000 0.0000000000 0.0000000000 0 0 0
24835 0 109 0.0367079704 0.0000036540 0.0000000004 0 0 0
24944 4 8939 0.0000000000 0.0000000000 0.0000000000 0 0 0
36395 4 6833 0.0000000000 0.0000000000 0.0000000000 0 0 0
44678 0 141 0.0764774086 0.0000092331 0.0000000011 0 0 0
45864 0 125 0.5142807617 0.0004336263 0.0000003656 0 0 0
51667 0 125 0.1772059220 0.0000305370 0.0000000053 0 0 0
61012 0 125 0.0734807527 0.0000078631 0.0000000008 0 0 0
68125 3 4259 0.2037658675 0.0000286470 0.0000000040 0 0 0
74038 0 125 0.1220228738 0.0000206364 0.0000000035 0 0 0
85379 3 2340 0.0761222999 0.0000067121 0.0000000006 0 0 0
89030 0 124 0.2038380103 0.0000558307 0.0000000153 0 0 0
91198 0 125 0.3114519182 0.0001436586 0.0000000663 0 0 0
95644 0 125 0.1963616796 0.0000441659 0.0000000099 0 0 0
95769 4 5709 0.0000000000 0.0000000000 0.0000000000 0 0 0
102461 4 5180 0.0000000000 0.0000000000 0.0000000000 0 0 0
109419 3 749 0.0534097524 0.0000076760 0.0000000011 0 0 0
111385 3 702 0.3394966624 0.0001726840 0.0000000878 0 0 0
113459 3 749 0.2038780805 0.0000983019 0.0000000474 0 0 0
115175 0 125 0.5233373205 0.0003049751 0.0000001777 0 0 0
115300 4 120308 0.0000000000 0.0000000000 0.0000000000 0 0 0
236981 0 125 0.0175385917 0.0000001441 0.0000000000 0 0 0
246762 0 109 0.1950919400 0.0000443492 0.0000000101 0 0 0
246871 4 11030 0.0000000000 0.0000000000 0.0000000000 0 0 0
261801 0 109 0.0250974711 0.0000016810 0.0000000001 0 0 0
274546 0 125 0.2331003714 0.0000182896 0.0000000014 0 0 0
275310 0 125 0.0147068953 0.0000192499 0.0000000252 0 0 0
276574 4 11918 0.0000000000 0.0000000000 0.0000000000 0 0 0
288945 0 140 0.0188344628 0.0000015225 0.0000000001 0 0 0
294077 0 125 0.0162309479 0.0000031627 0.0000000006 0 0 0
294592 4 68173 0.0000000000 0.0000000000 0.0000000000 0 0 0
374215 4 6661 0.0000000000 0.0000000000 0.0000000000 0 0 0
386633 4 26723 0.0000000000 0.0000000000 0.0000000000 0 0 0
417864 0 156 0.0537370269 0.0000017206 0.0000000001 0 0 0
423324 0 156 0.1456177431 0.0000266699 0.0000000049 0 0 0
423480 4 34866 0.0000000000 0.0000000000 0.0000000000 0 0 0
464212 0 140 0.3013924927 0.0001199811 0.0000000478 0 0 0
464945 0 141 0.1951642126 0.0002662540 0.0000003632 0 0 0
465647 4 1293436 0.0000000000 0.0000000000 0.0000000000 0 0 0
1764168 0 125 0.0027006221 0.0000000021 0.0000000000 0 0 0
1766150 4 5163 0.0000000000 0.0000000000 0.0000000000 0 0 0
1777881 0 140 0.0462063659 0.0000039388 0.0000000003 0 0 0
1786882 0 156 0.1996646706 0.0000221825 0.0000000025 0 0 0
1788785 0 141 0.2351605330 0.0001235736 0.0000000649 0 0 0
1797038 0 140 0.3560502153 0.0001226913 0.0000000423 0 0 0
1799924 0 140 0.2281934031 0.0000790691 0.0000000274 0 0 0
1801031 0 141 0.3587160975 0.0003240434 0.0000002927 0 0 0
1805493 0 125 0.2385206544 0.0000534560 0.0000000120 0 0 0
1807209 0 125 0.3255721593 0.0001897274 0.0000001106 0 0 0
1809471 2 640 0.2478062364 0.0001095518 0.0000000484 140 328 172
1812123 0 109 0.2533053140 0.0000955148 0.0000000360 0 0 0
1813184 4 121681 0.0000000000 0.0000000000 0.0000000000 0 0 0
1940169 0 124 0.0171328706 0.0000001349 0.0000000000 0 0 0
