104.3192488263 14.6470672095
115.9743589744 15.3747831829
306.6071428571 38.9719123085
93.0595238095 19.5084543275
121.2976190476 41.3555373623
92.2500000000 19.9963538343
0.0884423097 0.1503370001
0.0000781271 0.0002195885
0.0000001569 0.0000007569

2340 0 109 0.3456620736 0.0001477188 0.0000000631 0 0 0
17597 0 93 0.1264100268 0.0000353792 0.0000000099 0 0 0
19765 0 94 0.0713621871 0.0000329161 0.0000000152 0 0 0
21809 0 124 0.0610781309 0.0000298817 0.0000000146 0 0 0
27035 3 8236 0.3736687202 0.0001221938 0.0000000400 0 0 0
37752 4 5429 0.0000000000 0.0000000000 0.0000000000 0 0 0
46051 0 94 0.3045057194 0.0000366919 0.0000000044 0 0 0
51324 0 109 0.2318260424 0.0001238387 0.0000000662 0 0 0
54787 3 718 0.3109475008 0.0000897914 0.0000000259 0 0 0
56191 0 94 0.4111400548 0.0002928348 0.0000002086 0 0 0
63710 4 6584 0.0000000000 0.0000000000 0.0000000000 0 0 0
85317 3 20576 0.2756150664 0.0000810394 0.0000000238 0 0 0
111821 3 4150 0.4494976905 0.0000957397 0.0000000204 0 0 0
117063 0 109 0.1579150816 0.0000301250 0.0000000057 0 0 0
120916 0 109 0.3877100707 0.0001006255 0.0000000261 0 0 0
136563 0 94 0.5033531020 0.0003750768 0.0000002795 0 0 0
140837 3 9017 0.3781179945 0.0000884693 0.0000000207 0 0 0
151102 0 125 0.0781633787 0.0000076146 0.0000000007 0 0 0
155642 0 93 0.0793801333 0.0000174846 0.0000000039 0 0 0
161539 3 8939 0.1761239333 0.0000298667 0.0000000051 0 0 0
172100 0 94 0.0767392879 0.0000072663 0.0000000007 0 0 0
177357 3 6817 0.1952519644 0.0000371413 0.0000000071 0 0 0
184798 4 8892 0.0000000000 0.0000000000 0.0000000000 0 0 0
198433 0 109 0.1332983718 0.0000097762 0.0000000007 0 0 0
200414 4 12870 0.0000000000 0.0000000000 0.0000000000 0 0 0
214657 0 94 0.0264862597 0.0000018596 0.0000000001 0 0 0
220476 4 6926 0.0000000000 0.0000000000 0.0000000000 0 0 0
227527 4 63805 0.0000000000 0.0000000000 0.0000000000 0 0 0
293250 0 94 0.4591840750 0.0003505222 0.0000002676 0 0 0
294576 3 4649 0.2319273908 0.0001749075 0.0000001319 0 0 0
313374 0 94 0.1034689449 0.0000126336 0.0000000015 0 0 0
314482 0 109 0.1925549632 0.0001737861 0.0000001568 0 0 0
315902 0 93 0.4277688336 0.0003012457 0.0000002121 0 0 0
322828 0 94 0.1066327916 0.0000187800 0.0000000033 0 0 0
325043 0 94 0.0298576509 0.0000134798 0.0000000061 0 0 0
326962 0 94 0.0959962695 0.0000500241 0.0000000261 0 0 0
328709 0 94 0.3945767389 0.0002258596 0.0000001293 0 0 0
330425 0 110 0.3321759611 0.0001935757 0.0000001128 0 0 0
337726 0 109 0.0316823216 0.0000043394 0.0000000006 0 0 0
355807 0 93 0.0415439604 0.0000025386 0.0000000002 0 0 0
358334 4 46270 0.0000000000 0.0000000000 0.0000000000 0 0 0
404619 4 15320 0.0000000000 0.0000000000 0.0000000000 0 0 0
447036 2 390 0.1082675838 0.0000025525 0.0000000001 141 156 93
447535 0 110 0.0229402215 0.0000459724 0.0000000921 0 0 0
449080 2 312 0.1415750342 0.0000916343 0.0000000593 93 125 94
449517 2 343 0.0000000000 0.0000000000 0.0000000000 62 172 109
450967 2 281 0.0297867330 0.0000205426 0.0000000142 94 94 93
451342 2 249 0.0053333333 0.0000142222 0.0000000379 78 78 93
451701 2 265 0.0000000000 0.0000000000 0.0000000000 78 109 78
461185 2 297 0.1425852778 0.0000150343 0.0000000016 94 109 94
461560 2 265 0.0000000000 0.0000000000 0.0000000000 93 78 94
461872 0 125 0.0000000000 0.0000000000 0.0000000000 0 0 0
462574 2 312 0.0981584216 0.0001398268 0.0000001992 93 110 109
463307 3 78 0.0000000000 0.0000000000 0.0000000000 0 0 0
463759 2 328 0.2178017351 0.0004818622 0.0000010661 110 140 78
464243 2 328 0.0566210493 0.0001169856 0.0000002417 109 125 94
471013 0 125 0.2624892752 0.0000387724 0.0000000057 0 0 0
473151 0 109 0.2335508814 0.0002267484 0.0000002201 0 0 0
474087 2 312 0.0289220810 0.0000308997 0.0000000330 109 109 94
475147 1 125 0.3381794529 0.0003190372 0.0000003010 0 0 0
478221 0 93 0.3212810700 0.0001045156 0.0000000340 0 0 0
482105 0 94 0.5995259346 0.0001543579 0.0000000397 0 0 0
492027 3 93 0.2950272025 0.0000297347 0.0000000030 0 0 0
493025 0 94 0.1435376548 0.0001438253 0.0000001441 0 0 0
497315 2 250 0.4046020705 0.0000943128 0.0000000220 63 109 78
497674 2 265 0.0055710306 0.0000155182 0.0000000432 78 94 93
498017 2 343 0.0291545190 0.0000849986 0.0000002478 94 140 109
498407 2 281 0.0000000000 0.0000000000 0.0000000000 94 93 94
504288 2 297 0.1919262319 0.0000348577 0.0000000063 78 156 63
504710 2 405 0.0232525100 0.0000551007 0.0000001306 46 250 109
505224 2 312 0.0384065432 0.0000747209 0.0000001454 94 125 93
505614 2 266 0.0000000000 0.0000000000 0.0000000000 94 94 78
505973 2 281 0.0055710306 0.0000155182 0.0000000432 94 109 78
506722 1 109 0.9121338623 0.0012178022 0.0000016259 0 0 0
507596 3 109 0.2689220762 0.0003076912 0.0000003520 0 0 0
507845 2 250 0.4505163324 0.0018093025 0.0000072663 94 94 62
511480 2 281 0.1399438205 0.0000384990 0.0000000106 78 141 62
511870 2 281 0.0000000000 0.0000000000 0.0000000000 109 78 94
512260 2 328 0.0804327402 0.0002062378 0.0000005288 109 141 78
512697 2 374 0.0723612179 0.0001655863 0.0000003789 78 250 46
513867 2 374 0.0192482522 0.0000324591 0.0000000547 94 171 109
514600 3 78 0.1777850716 0.0007597653 0.0000032469 0 0 0
514897 0 93 0.6752500060 0.0022735690 0.0000076551 0 0 0
515755 2 280 0.2148900446 0.0002504546 0.0000002919 109 62 109
516254 2 390 0.0467425958 0.0000936725 0.0000001877 109 156 125
517018 2 328 0.1793000937 0.0002346860 0.0000003072 47 172 109
517533 2 312 0.0000000000 0.0000000000 0.0000000000 78 156 78
517985 2 344 0.0139923790 0.0000309566 0.0000000685 78 188 78
520419 0 109 0.1766365983 0.0000725705 0.0000000298 0 0 0
528484 3 141 0.3994816486 0.0000495328 0.0000000061 0 0 0
529685 0 110 0.1069547857 0.0000890548 0.0000000742 0 0 0
532525 3 109 0.2226256561 0.0000783893 0.0000000276 0 0 0
532993 1 93 0.2028909030 0.0004335276 0.0000009263 0 0 0
539326 1 125 0.1764051042 0.0003328398 0.0000006280 0 0 0
551682 2 280 0.0875487837 0.0000070855 0.0000000006 93 94 93
552056 2 281 0.0133689840 0.0000357459 0.0000000956 62 125 94
552415 2 281 0.0083565460 0.0000232773 0.0000000648 62 125 94
552774 2 249 0.0139275766 0.0000387955 0.0000001081 93 94 62
553101 0 109 0.0000000000 0.0000000000 0.0000000000 0 0 0
572867 0 93 0.3147914530 0.0000159259 0.0000000008 0 0 0
577094 2 343 0.0587423752 0.0000138969 0.0000000033 94 156 93
577562 3 94 0.0515101211 0.0001100644 0.0000002352 0 0 0
578311 2 296 0.1015066556 0.0001355229 0.0000001809 94 109 93
606641 3 109 0.4212049765 0.0000322960 0.0000000025 0 0 0
631336 1 124 0.2730181381 0.0000110556 0.0000000004 0 0 0
632178 0 94 0.3015236941 0.0003581041 0.0000004253 0 0 0
635548 2 405 0.1378115956 0.0000408936 0.0000000121 125 202 78
636094 2 281 0.0088432731 0.0000161965 0.0000000297 78 125 78
636593 2 328 0.1561545435 0.0003129350 0.0000006271 125 93 110
639011 0 94 0.3596326964 0.0001487315 0.0000000615 0 0 0
640228 0 109 0.0622946255 0.0000511870 0.0000000421 0 0 0
641975 0 125 0.1340982183 0.0000767591 0.0000000439 0 0 0
648012 0 94 0.1792018008 0.0001367953 0.0000001044 0 0 0
650664 1 141 0.0692034247 0.0000504031 0.0000000367 0 0 0
651195 2 296 0.0602178621 0.0001134046 0.0000002136 78 140 78
651585 3 109 0.0966954729 0.0002479371 0.0000006357 0 0 0
651819 2 265 0.2353985518 0.0010059767 0.0000042990 62 109 94
652895 2 296 0.0374182037 0.0000510480 0.0000000696 78 109 109
653285 2 296 0.0102564103 0.0000262985 0.0000000674 109 94 93
653675 2 328 0.0597970503 0.0001533258 0.0000003931 109 109 110
654112 2 249 0.0068649886 0.0000157094 0.0000000359 93 63 93
654455 2 281 0.0164731240 0.0000480266 0.0000001400 109 78 94
654845 2 281 0.0212445725 0.0000544733 0.0000001397 78 94 109
655219 2 281 0.0026737968 0.0000071492 0.0000000191 78 110 93
658511 2 312 0.0976767796 0.0000296710 0.0000000090 94 109 109
659275 2 312 0.0305433082 0.0000399782 0.0000000523 94 109 109
659665 2 312 0.0000000000 0.0000000000 0.0000000000 110 140 62
660243 2 296 0.0138408304 0.0000239461 0.0000000414 93 125 78
660648 0 109 0.0839506173 0.0002072855 0.0000005118 0 0 0
661272 2 297 0.0561530924 0.0000899889 0.0000001442 109 94 94
661678 2 374 0.0188430580 0.0000464115 0.0000001143 109 172 93
662193 3 78 0.0912869951 0.0001772563 0.0000003442 0 0 0
662395 2 297 0.3312878754 0.0016400390 0.0000081190 110 93 94
667559 0 94 0.3181299437 0.0000616053 0.0000000119 0 0 0
672052 0 109 0.1434912208 0.0000319366 0.0000000071 0 0 0
675219 2 312 0.0185540205 0.0000237872 0.0000000305 109 125 78
675640 0 109 0.0804221193 0.0001910264 0.0000004537 0 0 0
676186 1 109 0.3205493789 0.0005870868 0.0000010753 0 0 0
676935 2 281 0.3224060075 0.0004304486 0.0000005747 93 110 78
682925 2 265 0.3730751145 0.0000622830 0.0000000104 94 109 62
683315 2 250 0.0210541091 0.0000539849 0.0000001384 47 109 94
683674 2 265 0.1165089917 0.0003245376 0.0000009040 94 93 78
684048 2 328 0.0552205236 0.0001476485 0.0000003948 94 156 78
692363 1 141 0.1853836687 0.0000235797 0.0000000030 0 0 0
693299 3 109 0.1691236028 0.0001806876 0.0000001930 0 0 0
698213 0 94 0.2275667295 0.0000463099 0.0000000094 0 0 0
699181 0 109 0.0898911847 0.0000928628 0.0000000959 0 0 0
702659 0 94 0.4889049345 0.0001405707 0.0000000404 0 0 0
703736 0 125 0.1245082995 0.0001156066 0.0000001073 0 0 0
704126 1 125 0.0293178933 0.0000751741 0.0000001928 0 0 0
704828 2 390 0.1191296338 0.0001697003 0.0000002417 62 234 94
705358 2 359 0.0000000000 0.0000000000 0.0000000000 63 218 78
705842 0 109 0.0320691142 0.0000662585 0.0000001369 0 0 0
745263 0 109 0.4752761723 0.0000187367 0.0000000007 0 0 0
747650 0 109 0.3276323014 0.0002692131 0.0000002212 0 0 0
748134 3 46 0.4714281412 0.0009740251 0.0000020124 0 0 0
760161 0 110 0.3330037633 0.0000276880 0.0000000023 0 0 0
762018 2 281 0.0051282051 0.0000065746 0.0000000084 78 125 78
762392 2 312 0.0080213904 0.0000214476 0.0000000573 94 140 78
762829 2 359 0.0078128457 0.0000178784 0.0000000409 94 140 125
763281 2 281 0.0265486726 0.0000587360 0.0000001299 94 78 109
764311 3 109 0.0291719475 0.0000455812 0.0000000712 0 0 0
765138 2 327 0.2119570479 0.0003574318 0.0000006028 109 94 124
765887 2 343 0.2769214012 0.0003697215 0.0000004936 124 110 109
766979 2 280 0.0029112082 0.0000042376 0.0000000062 109 62 109
804824 0 94 0.4601033504 0.0000585224 0.0000000074 0 0 0
806041 0 125 0.1033787933 0.0000849456 0.0000000698 0 0 0
806915 2 281 0.0000000000 0.0000000000 0.0000000000 93 125 63
808381 1 94 0.0986313014 0.0000672792 0.0000000459 0 0 0
817601 0 125 0.4348683612 0.0000471658 0.0000000051 0 0 0
818584 0 109 0.0415345139 0.0000422528 0.0000000430 0 0 0
819504 2 312 0.2644304987 0.0002874245 0.0000003124 125 109 78
821080 0 109 0.1469542602 0.0000932451 0.0000000592 0 0 0
821875 1 141 0.6920330993 0.0008704819 0.0000010949 0 0 0
828053 2 390 0.2261587070 0.0000437953 0.0000000085 94 202 94
832655 2 265 0.0063393479 0.0000076655 0.0000000093 94 78 93
833014 2 327 0.0708177572 0.0001972639 0.0000005495 93 156 78
833482 2 296 0.0259877728 0.0000555294 0.0000001187 109 78 109
834496 2 281 0.0294880416 0.0000484204 0.0000000795 78 93 110
840237 1 109 0.1885261821 0.0000328386 0.0000000057 0 0 0
842655 2 280 0.0660110562 0.0000729404 0.0000000806 109 93 78
845041 1 110 0.5174617523 0.0002168742 0.0000000909 0 0 0
848224 0 109 0.6656285070 0.0002091199 0.0000000657 0 0 0
849659 0 109 0.7614504977 0.0005306275 0.0000003698 0 0 0
857693 0 109 0.1783226461 0.0000221960 0.0000000028 0 0 0
858754 3 203 0.3375531411 0.0003181462 0.0000002999 0 0 0
859643 2 328 0.0888352559 0.0000999272 0.0000001124 156 78 94
860844 0 94 0.0435612727 0.0000362708 0.0000000302 0 0 0
875883 4 37877 0.0000000000 0.0000000000 0.0000000000 0 0 0
917910 4 8392 0.0000000000 0.0000000000 0.0000000000 0 0 0
964663 0 125 0.1868250962 0.0000254808 0.0000000035 0 0 0
966426 0 109 0.0581461261 0.0000329814 0.0000000187 0 0 0
970638 0 125 0.0624551831 0.0000328193 0.0000000172 0 0 0
1004350 1 140 0.3901273165 0.0000801412 0.0000000165 0 0 0
1126779 1 125 0.3418853934 0.0000763648 0.0000000171 0 0 0
1140398 1 125 0.1891176861 0.0002127308 0.0000002393 0 0 0
1141178 3 219 0.4205471189 0.0005391630 0.0000006912 0 0 0
1156092 1 140 0.0739200111 0.0000169231 0.0000000039 0 0 0
1159149 4 7894 0.0000000000 0.0000000000 0.0000000000 0 0 0
1172191 3 609 0.0062058796 0.0000012355 0.0000000002 0 0 0
1188852 3 2980 0.1985527665 0.0000222893 0.0000000025 0 0 0
1193126 2 297 0.0153912805 0.0000193601 0.0000000244 94 109 94
1193532 2 281 0.0098522167 0.0000242665 0.0000000598 109 63 109
1193891 0 94 0.0000000000 0.0000000000 0.0000000000 0 0 0
1241237 2 343 0.3307447745 0.0000069857 0.0000000001 94 47 202
1243640 1 93 0.2057770782 0.0001089921 0.0000000577 0 0 0
1285323 0 109 0.0000000000 0.0000000000 0.0000000000 0 0 0
1290237 3 94 0.0000000000 0.0000000000 0.0000000000 0 0 0
1290908 0 78 0.0000000000 0.0000000000 0.0000000000 0 0 0
1294558 0 94 0.0000000000 0.0000000000 0.0000000000 0 0 0
1303762 0 125 0.0000000000 0.0000000000 0.0000000000 0 0 0
1321219 0 94 0.0000000000 0.0000000000 0.0000000000 0 0 0
1329019 0 78 0.0000000000 0.0000000000 0.0000000000 0 0 0
1333543 0 109 0.0000000000 0.0000000000 0.0000000000 0 0 0
1335665 1 109 0.0000000000 0.0000000000 0.0000000000 0 0 0
1336507 0 125 0.0000000000 0.0000000000 0.0000000000 0 0 0
1341858 0 109 0.0000000000 0.0000000000 0.0000000000 0 0 0
1345649 0 93 0.0000000000 0.0000000000 0.0000000000 0 0 0
1359018 0 109 0.0000000000 0.0000000000 0.0000000000 0 0 0
1359236 3 63 0.0000000000 0.0000000000 0.0000000000 0 0 0
1359829 0 78 0.0000000000 0.0000000000 0.0000000000 0 0 0
1365866 0 110 0.0000000000 0.0000000000 0.0000000000 0 0 0
1367723 0 78 0.0000000000 0.0000000000 0.0000000000 0 0 0
1374821 1 125 0.0000000000 0.0000000000 0.0000000000 0 0 0
1376771 3 109 0.0000000000 0.0000000000 0.0000000000 0 0 0
1382949 0 124 0.0000000000 0.0000000000 0.0000000000 0 0 0
1384087 0 125 0.0000000000 0.0000000000 0.0000000000 0 0 0
1385491 1 94 0.0000000000 0.0000000000 0.0000000000 0 0 0
1386334 0 78 0.0000000000 0.0000000000 0.0000000000 0 0 0
1387083 3 140 0.0000000000 0.0000000000 0.0000000000 0 0 0
1394383 3 47 0.0000000000 0.0000000000 0.0000000000 0 0 0
1397129 0 78 0.0000000000 0.0000000000 0.0000000000 0 0 0
1404180 3 109 0.0000000000 0.0000000000 0.0000000000 0 0 0
1404539 0 94 0.0000000000 0.0000000000 0.0000000000 0 0 0
1405756 0 93 0.0000000000 0.0000000000 0.0000000000 0 0 0
1424351 0 94 0.0000000000 0.0000000000 0.0000000000 0 0 0
1443695 0 125 0.0000000000 0.0000000000 0.0000000000 0 0 0
1444553 0 110 0.0000000000 0.0000000000 0.0000000000 0 0 0
1451433 0 109 0.0000000000 0.0000000000 0.0000000000 0 0 0
1454101 0 109 0.0000000000 0.0000000000 0.0000000000 0 0 0
1456909 0 124 0.0000000000 0.0000000000 0.0000000000 0 0 0
1458500 0 125 0.0000000000 0.0000000000 0.0000000000 0 0 0
1463320 0 125 0.0000000000 0.0000000000 0.0000000000 0 0 0
1467751 0 109 0.0000000000 0.0000000000 0.0000000000 0 0 0
1468780 0 94 0.0000000000 0.0000000000 0.0000000000 0 0 0
1477626 1 93 0.0000000000 0.0000000000 0.0000000000 0 0 0
1487157 4 6490 0.0000000000 0.0000000000 0.0000000000 0 0 0
1503397 0 109 0.0000000000 0.0000000000 0.0000000000 0 0 0
1505035 0 125 0.0000000000 0.0000000000 0.0000000000 0 0 0
1508249 0 109 0.0000000000 0.0000000000 0.0000000000 0 0 0
1509887 0 93 0.0000000000 0.0000000000 0.0000000000 0 0 0
1520822 0 125 0.0000000000 0.0000000000 0.0000000000 0 0 0
1522242 0 109 0.0000000000 0.0000000000 0.0000000000 0 0 0
1526844 0 93 0.0000000000 0.0000000000 0.0000000000 0 0 0
1529870 0 109 0.0000000000 0.0000000000 0.0000000000 0 0 0
1532491 3 140 0.0000000000 0.0000000000 0.0000000000 0 0 0
1533006 1 93 0.0000000000 0.0000000000 0.0000000000 0 0 0
1534613 0 109 0.0000000000 0.0000000000 0.0000000000 0 0 0
1559854 0 109 0.0000000000 0.0000000000 0.0000000000 0 0 0
1616076 0 94 0.0000000000 0.0000000000 0.0000000000 0 0 0
1619025 1 125 0.0000000000 0.0000000000 0.0000000000 0 0 0
1642160 4 8486 0.0000000000 0.0000000000 0.0000000000 0 0 0
1665685 4 29266 0.0000000000 0.0000000000 0.0000000000 0 0 0
1740971 0 93 0.0000000000 0.0000000000 0.0000000000 0 0 0
1744840 0 109 0.0000000000 0.0000000000 0.0000000000 0 0 0
1752624 0 109 0.0000000000 0.0000000000 0.0000000000 0 0 0
1753778 0 125 0.0000000000 0.0000000000 0.0000000000 0 0 0
1766259 0 109 0.0000000000 0.0000000000 0.0000000000 0 0 0
1769597 0 94 0.0000000000 0.0000000000 0.0000000000 0 0 0
1772187 0 124 0.0000000000 0.0000000000 0.0000000000 0 0 0
1773091 0 110 0.0000000000 0.0000000000 0.0000000000 0 0 0
1776742 0 93 0.0000000000 0.0000000000 0.0000000000 0 0 0
1784589 0 109 0.0000000000 0.0000000000 0.0000000000 0 0 0
1797615 0 109 0.0000000000 0.0000000000 0.0000000000 0 0 0
1798364 0 109 0.0000000000 0.0000000000 0.0000000000 0 0 0
1800906 0 110 0.0000000000 0.0000000000 0.0000000000 0 0 0
1803044 0 124 0.0000000000 0.0000000000 0.0000000000 0 0 0
1806382 0 109 0.0000000000 0.0000000000 0.0000000000 0 0 0
1807505 0 109 0.0000000000 0.0000000000 0.0000000000 0 0 0
1808566 0 109 0.0000000000 0.0000000000 0.0000000000 0 0 0
1813574 0 93 0.0000000000 0.0000000000 0.0000000000 0 0 0
1819174 3 141 0.0000000000 0.0000000000 0.0000000000 0 0 0
1820063 0 110 0.0000000000 0.0000000000 0.0000000000 0 0 0
1821577 3 109 0.0000000000 0.0000000000 0.0000000000 0 0 0
1822684 3 109 0.0000000000 0.0000000000 0.0000000000 0 0 0
1823059 0 93 0.0000000000 0.0000000000 0.0000000000 0 0 0
1828565 0 110 0.0000000000 0.0000000000 0.0000000000 0 0 0
1829361 0 109 0.0000000000 0.0000000000 0.0000000000 0 0 0
1830328 0 94 0.0000000000 0.0000000000 0.0000000000 0 0 0
1833589 1 109 0.0000000000 0.0000000000 0.0000000000 0 0 0
1839610 0 125 0.0000000000 0.0000000000 0.0000000000 0 0 0
1842574 0 94 0.0000000000 0.0000000000 0.0000000000 0 0 0
1850842 0 125 0.0000000000 0.0000000000 0.0000000000 0 0 0
1851560 1 125 0.0000000000 0.0000000000 0.0000000000 0 0 0
1863307 0 78 0.0000000000 0.0000000000 0.0000000000 0 0 0
1879983 0 94 0.0000000000 0.0000000000 0.0000000000 0 0 0
1921183 1 109 0.0000000000 0.0000000000 0.0000000000 0 0 0
1942040 0 125 0.0000000000 0.0000000000 0.0000000000 0 0 0
1950059 0 125 0.0000000000 0.0000000000 0.0000000000 0 0 0
1951167 0 109 0.0000000000 0.0000000000 0.0000000000 0 0 0
1953522 0 109 0.0000000000 0.0000000000 0.0000000000 0 0 0
1954770 0 109 0.0000000000 0.0000000000 0.0000000000 0 0 0
1956845 0 94 0.0000000000 0.0000000000 0.0000000000 0 0 0
1963225 0 110 0.0000000000 0.0000000000 0.0000000000 0 0 0
1984722 3 156 0.0000000000 0.0000000000 0.0000000000 0 0 0
1986501 0 78 0.0000000000 0.0000000000 0.0000000000 0 0 0
1991711 0 94 0.0000000000 0.0000000000 0.0000000000 0 0 0
1992522 0 125 0.0000000000 0.0000000000 0.0000000000 0 0 0
1994160 0 125 0.0000000000 0.0000000000 0.0000000000 0 0 0
2000900 0 109 0.0000000000 0.0000000000 0.0000000000 0 0 0
2023613 0 78 0.0000000000 0.0000000000 0.0000000000 0 0 0
2024643 0 109 0.0000000000 0.0000000000 0.0000000000 0 0 0
2027108 0 125 0.0000000000 0.0000000000 0.0000000000 0 0 0
2046514 0 94 0.0000000000 0.0000000000 0.0000000000 0 0 0
2061943 1 125 0.0000000000 0.0000000000 0.0000000000 0 0 0
2067809 0 124 0.0000000000 0.0000000000 0.0000000000 0 0 0
2078432 0 78 0.0000000000 0.0000000000 0.0000000000 0 0 0
2080242 0 78 0.0000000000 0.0000000000 0.0000000000 0 0 0
2082738 1 109 0.0000000000 0.0000000000 0.0000000000 0 0 0
2087355 3 110 0.0000000000 0.0000000000 0.0000000000 0 0 0
2088603 0 94 0.0000000000 0.0000000000 0.0000000000 0 0 0
2088853 3 109 0.0000000000 0.0000000000 0.0000000000 0 0 0
2089976 0 125 0.0000000000 0.0000000000 0.0000000000 0 0 0
2090210 3 94 0.0000000000 0.0000000000 0.0000000000 0 0 0
2094609 0 110 0.0000000000 0.0000000000 0.0000000000 0 0 0
2095499 1 124 0.0000000000 0.0000000000 0.0000000000 0 0 0
2096497 0 109 0.0000000000 0.0000000000 0.0000000000 0 0 0
2098463 0 125 0.0000000000 0.0000000000 0.0000000000 0 0 0
2108182 1 109 0.0000000000 0.0000000000 0.0000000000 0 0 0
2109414 1 94 0.0000000000 0.0000000000 0.0000000000 0 0 0
2110553 0 125 0.0000000000 0.0000000000 0.0000000000 0 0 0
2111957 0 125 0.0000000000 0.0000000000 0.0000000000 0 0 0
2117245 0 94 0.0000000000 0.0000000000 0.0000000000 0 0 0
2126137 0 125 0.0000000000 0.0000000000 0.0000000000 0 0 0
2127682 0 93 0.0000000000 0.0000000000 0.0000000000 0 0 0
2129491 0 125 0.0000000000 0.0000000000 0.0000000000 0 0 0
2130381 0 124 0.0000000000 0.0000000000 0.0000000000 0 0 0
2131582 0 125 0.0000000000 0.0000000000 0.0000000000 0 0 0
2132830 0 125 0.0000000000 0.0000000000 0.0000000000 0 0 0
2143344 0 109 0.0000000000 0.0000000000 0.0000000000 0 0 0
2150661 0 109 0.0000000000 0.0000000000 0.0000000000 0 0 0
2156667 0 109 0.0000000000 0.0000000000 0.0000000000 0 0 0
2157369 0 78 0.0000000000 0.0000000000 0.0000000000 0 0 0
2164217 0 125 0.0000000000 0.0000000000 0.0000000000 0 0 0
2180660 0 109 0.0000000000 0.0000000000 0.0000000000 0 0 0
2181440 0 124 0.0000000000 0.0000000000 0.0000000000 0 0 0
2192828 3 125 0.0000000000 0.0000000000 0.0000000000 0 0 0
2193124 0 109 0.0000000000 0.0000000000 0.0000000000 0 0 0
2194949 0 125 0.0000000000 0.0000000000 0.0000000000 0 0 0
2196291 0 94 0.0000000000 0.0000000000 0.0000000000 0 0 0
2198288 0 109 0.0000000000 0.0000000000 0.0000000000 0 0 0
2200550 0 125 0.0000000000 0.0000000000 0.0000000000 0 0 0
2203873 1 124 0.0000000000 0.0000000000 0.0000000000 0 0 0
2205043 0 93 0.0000000000 0.0000000000 0.0000000000 0 0 0
2205355 1 140 0.0000000000 0.0000000000 0.0000000000 0 0 0
2205963 1 109 0.0000000000 0.0000000000 0.0000000000 0 0 0
2206415 1 94 0.0000000000 0.0000000000 0.0000000000 0 0 0
2216992 0 78 0.0000000000 0.0000000000 0.0000000000 0 0 0
2285040 0 93 0.0000000000 0.0000000000 0.0000000000 0 0 0
2286085 0 94 0.0000000000 0.0000000000 0.0000000000 0 0 0
2289221 0 93 0.0000000000 0.0000000000 0.0000000000 0 0 0
2290063 0 109 0.0000000000 0.0000000000 0.0000000000 0 0 0
2299532 0 110 0.0000000000 0.0000000000 0.0000000000 0 0 0
2301904 0 109 0.0000000000 0.0000000000 0.0000000000 0 0 0
2304540 0 94 0.0000000000 0.0000000000 0.0000000000 0 0 0
2305788 0 109 0.0000000000 0.0000000000 0.0000000000 0 0 0
2311997 0 78 0.0000000000 0.0000000000 0.0000000000 0 0 0
2312075 4 12730 0.0000000000 0.0000000000 0.0000000000 0 0 0
2329765 0 110 0.0000000000 0.0000000000 0.0000000000 0 0 0
2329875 4 10436 0.0000000000 0.0000000000 0.0000000000 0 0 0
2346067 0 78 0.0000000000 0.0000000000 0.0000000000 0 0 0
2349515 4 48173 0.0000000000 0.0000000000 0.0000000000 0 0 0
2403944 0 93 0.0000000000 0.0000000000 0.0000000000 0 0 0
2406908 0 78 0.0000000000 0.0000000000 0.0000000000 0 0 0
2409497 0 125 0.0000000000 0.0000000000 0.0000000000 0 0 0
2417360 0 78 0.0000000000 0.0000000000 0.0000000000 0 0 0
2420246 0 94 0.0000000000 0.0000000000 0.0000000000 0 0 0
2423881 0 78 0.0000000000 0.0000000000 0.0000000000 0 0 0
2428498 0 78 0.0000000000 0.0000000000 0.0000000000 0 0 0
2429107 0 78 0.0000000000 0.0000000000 0.0000000000 0 0 0
2433350 0 94 0.0000000000 0.0000000000 0.0000000000 0 0 0
2434567 1 109 0.0000000000 0.0000000000 0.0000000000 0 0 0
2442039 1 110 0.0000000000 0.0000000000 0.0000000000 0 0 0
2445627 0 94 0.0000000000 0.0000000000 0.0000000000 0 0 0
2452835 0 78 0.0000000000 0.0000000000 0.0000000000 0 0 0
2460369 0 94 0.0000000000 0.0000000000 0.0000000000 0 0 0
2464472 0 78 0.0000000000 0.0000000000 0.0000000000 0 0 0
2465159 4 10733 0.0000000000 0.0000000000 0.0000000000 0 0 0
2476344 4 249508 0.0000000000 0.0000000000 0.0000000000 0 0 0
2730048 4 415400 0.0000000000 0.0000000000 0.0000000000 0 0 0
3148053 0 125 0.0000000000 0.0000000000 0.0000000000 0 0 0
3150424 0 78 0.0000000000 0.0000000000 0.0000000000 0 0 0
3153388 0 125 0.0000000000 0.0000000000 0.0000000000 0 0 0
3154823 4 418894 0.0000000000 0.0000000000 0.0000000000 0 0 0
3573983 0 78 0.0000000000 0.0000000000 0.0000000000 0 0 0
3583031 0 93 0.0000000000 0.0000000000 0.0000000000 0 0 0
3584045 4 11247 0.0000000000 0.0000000000 0.0000000000 0 0 0
3602375 1 125 0.0000000000 0.0000000000 0.0000000000 0 0 0
