101.5961538462 15.2785163589
101.7500000000 13.4233937587
421.2500000000 97.9728916589
109.2500000000 19.3955536142
206.5000000000 84.1501633985
105.5000000000 6.6520673478
0.2115485035 0.2035647853
0.0001156894 0.0002057745
0.0000001048 0.0000002735

1700 0 109 0.4264365946 0.0002508451 0.0000001476 0 0 0
3931 0 125 0.4349377966 0.0001949519 0.0000000874 0 0 0
5164 0 78 0.8897239976 0.0007215929 0.0000005852 0 0 0
11232 0 125 0.3149745923 0.0000519075 0.0000000086 0 0 0
12730 4 8424 0.0000000000 0.0000000000 0.0000000000 0 0 0
28798 0 109 0.2135052716 0.0000619215 0.0000000180 0 0 0
29406 4 496083 0.0000000000 0.0000000000 0.0000000000 0 0 0
526410 0 93 0.0015078137 0.0000000030 0.0000000000 0 0 0
541776 1 125 0.0467049701 0.0000063432 0.0000000009 0 0 0
543227 0 93 0.2173543939 0.0001497963 0.0000001032 0 0 0
550278 0 109 0.1395293641 0.0000197886 0.0000000028 0 0 0
551838 0 125 0.2745877960 0.0001760178 0.0000001128 0 0 0
553023 0 110 0.5871534627 0.0004954882 0.0000004181 0 0 0
553133 4 16239 0.0000000000 0.0000000000 0.0000000000 0 0 0
570854 0 110 0.0609620053 0.0000034401 0.0000000002 0 0 0
572368 4 70590 0.0000000000 0.0000000000 0.0000000000 0 0 0
644596 0 109 0.0076741088 0.0000001062 0.0000000000 0 0 0
646374 0 78 0.4525892162 0.0002545496 0.0000001432 0 0 0
647669 0 94 0.4893158548 0.0006824489 0.0000009518 0 0 0
648668 4 6349 0.0000000000 0.0000000000 0.0000000000 0 0 0
655937 0 125 0.0357529757 0.0000049186 0.0000000007 0 0 0
657170 0 109 0.1674974515 0.0001358455 0.0000001102 0 0 0
660727 4 7597 0.0000000000 0.0000000000 0.0000000000 0 0 0
674798 4 14180 0.0000000000 0.0000000000 0.0000000000 0 0 0
695281 0 125 0.0056617752 0.0000018515 0.0000000006 0 0 0
695406 4 38033 0.0000000000 0.0000000000 0.0000000000 0 0 0
745029 0 110 0.0431020599 0.0000008686 0.0000000000 0 0 0
756199 0 109 0.0797163604 0.0000071366 0.0000000006 0 0 0
773671 0 109 0.1298760146 0.0000077229 0.0000000005 0 0 0
780894 0 94 0.1368687151 0.0000189490 0.0000000026 0 0 0
782813 4 5413 0.0000000000 0.0000000000 0.0000000000 0 0 0
789240 4 7753 0.0000000000 0.0000000000 0.0000000000 0 0 0
799942 0 109 0.1595735319 0.0000149106 0.0000000014 0 0 0
803592 4 8658 0.0000000000 0.0000000000 0.0000000000 0 0 0
812703 4 7363 0.0000000000 0.0000000000 0.0000000000 0 0 0
820955 4 20155 0.0000000000 0.0000000000 0.0000000000 0 0 0
841797 0 109 0.0428678467 0.0000020568 0.0000000001 0 0 0
842655 4 16286 0.0000000000 0.0000000000 0.0000000000 0 0 0
859846 0 94 0.0982041666 0.0000057125 0.0000000003 0 0 0
862249 0 93 0.0864496811 0.0000359757 0.0000000150 0 0 0
863902 0 125 0.3102117650 0.0001876659 0.0000001135 0 0 0
864932 4 13775 0.0000000000 0.0000000000 0.0000000000 0 0 0
885306 0 109 0.0478272078 0.0000023475 0.0000000001 0 0 0
886678 4 30779 0.0000000000 0.0000000000 0.0000000000 0 0 0
929719 0 125 0.1363899295 0.0000123318 0.0000000011 0 0 0
933151 4 26676 0.0000000000 0.0000000000 0.0000000000 0 0 0
961387 0 125 0.0146720521 0.0000005196 0.0000000000 0 0 0
969062 0 125 0.1989720353 0.0000259247 0.0000000034 0 0 0
970248 0 78 0.4312265900 0.0003635975 0.0000003066 0 0 0
970872 0 109 0.7239449279 0.0011601682 0.0000018592 0 0 0
971980 4 124925 0.0000000000 0.0000000000 0.0000000000 0 0 0
1098060 0 109 0.0083364963 0.0000000661 0.0000000000 0 0 0
1099557 4 19844 0.0000000000 0.0000000000 0.0000000000 0 0 0
1119978 4 6661 0.0000000000 0.0000000000 0.0000000000 0 0 0
1126748 4 12808 0.0000000000 0.0000000000 0.0000000000 0 0 0
1140570 0 109 0.0524428252 0.0000037942 0.0000000003 0 0 0
1142286 0 78 0.2689429209 0.0001567266 0.0000000913 0 0 0
1155499 0 109 0.2466502003 0.0000186672 0.0000000014 0 0 0
1156934 0 78 0.4651476813 0.0003241447 0.0000002259 0 0 0
1158011 4 6380 0.0000000000 0.0000000000 0.0000000000 0 0 0
1167652 0 93 0.5896404070 0.0004294540 0.0000003128 0 0 0
1169243 0 78 0.4689480798 0.0002947505 0.0000001853 0 0 0
1169524 4 6848 0.0000000000 0.0000000000 0.0000000000 0 0 0
1177807 0 94 0.0658085615 0.0000079450 0.0000000010 0 0 0
1180834 0 93 0.2094255093 0.0000691858 0.0000000229 0 0 0
1181021 1 94 0.0000000000 0.0000000000 0.0000000000 0 0 0
1181910 0 78 0.3033042674 0.0003411747 0.0000003838 0 0 0
1182862 0 93 0.7094098304 0.0007451784 0.0000007828 0 0 0
1183501 0 78 0.7015640391 0.0010979093 0.0000017182 0 0 0
1186278 0 94 0.3823522408 0.0006626555 0.0000011484 0 0 0
1187994 0 78 0.3694647424 0.0002153058 0.0000001255 0 0 0
1191021 0 93 0.2008702141 0.0000663595 0.0000000219 0 0 0
1191426 1 94 0.0108992927 0.0000269118 0.0000000664 0 0 0
1193486 0 124 0.3181831954 0.0002913766 0.0000002668 0 0 0
1196216 3 6786 0.3256534924 0.0001192870 0.0000000437 0 0 0
1206917 0 109 0.1419592278 0.0000132660 0.0000000012 0 0 0
1208820 0 78 0.4417199504 0.0002321177 0.0000001220 0 0 0
1209850 0 94 0.2602735572 0.0002526928 0.0000002453 0 0 0
1212798 0 94 0.7199529487 0.0003979839 0.0000002200 0 0 0
1214748 0 110 0.6742506831 0.0003457696 0.0000001773 0 0 0
1217681 0 109 0.5161778167 0.0001759897 0.0000000600 0 0 0
1222767 0 78 0.0158261282 0.0000160998 0.0000000164 0 0 0
1225310 0 78 0.5782603716 0.0002273930 0.0000000894 0 0 0
1225934 0 93 0.4159990837 0.0006666652 0.0000010684 0 0 0
1226917 4 5070 0.0000000000 0.0000000000 0.0000000000 0 0 0
1237556 0 125 0.0298022942 0.0000028012 0.0000000003 0 0 0
1239272 0 93 0.2789108199 0.0001625354 0.0000000947 0 0 0
1241924 0 109 0.1829806931 0.0000689972 0.0000000260 0 0 0
1243655 0 94 0.0959066324 0.0000554053 0.0000000320 0 0 0
1245325 0 93 0.2168677334 0.0001298609 0.0000000778 0 0 0
1250410 0 94 0.1004094382 0.0000197462 0.0000000039 0 0 0
1251206 0 94 0.2317802971 0.0002911813 0.0000003658 0 0 0
1252828 4 9204 0.0000000000 0.0000000000 0.0000000000 0 0 0
1263374 4 13775 0.0000000000 0.0000000000 0.0000000000 0 0 0
1278007 4 10093 0.0000000000 0.0000000000 0.0000000000 0 0 0
1289894 0 109 0.0866069508 0.0000072859 0.0000000006 0 0 0
1290487 4 5476 0.0000000000 0.0000000000 0.0000000000 0 0 0
1298162 0 109 0.0517316266 0.0000067403 0.0000000009 0 0 0
1299675 0 78 0.1129717095 0.0000746674 0.0000000494 0 0 0
1310315 4 6209 0.0000000000 0.0000000000 0.0000000000 0 0 0
1319207 0 93 0.0530505167 0.0000059661 0.0000000007 0 0 0
1326648 0 109 0.0677181862 0.0000091007 0.0000000012 0 0 0
1335072 4 7223 0.0000000000 0.0000000000 0.0000000000 0 0 0
1343059 0 94 0.0184370621 0.0000023084 0.0000000003 0 0 0
1346226 4 31918 0.0000000000 0.0000000000 0.0000000000 0 0 0
1379454 0 110 0.0108067129 0.0000003252 0.0000000000 0 0 0
1388253 0 109 0.2583882881 0.0000293656 0.0000000033 0 0 0
1394820 0 110 0.1765752351 0.0000268883 0.0000000041 0 0 0
1398752 0 109 0.0335755653 0.0000085391 0.0000000022 0 0 0
1401419 0 94 0.2072090219 0.0000776937 0.0000000291 0 0 0
1407394 4 6178 0.0000000000 0.0000000000 0.0000000000 0 0 0
1418845 4 9344 0.0000000000 0.0000000000 0.0000000000 0 0 0
1428875 0 94 0.0071087301 0.0000007087 0.0000000001 0 0 0
1434601 0 93 0.0306724168 0.0000530665 0.0000000918 0 0 0
1436410 0 78 0.0882818395 0.0000488015 0.0000000270 0 0 0
1441543 2 390 0.1577583152 0.0000307341 0.0000000060 109 187 94
1447377 4 8752 0.0000000000 0.0000000000 0.0000000000 0 0 0
1456878 4 570152 0.0000000000 0.0000000000 0.0000000000 0 0 0
2028746 0 94 0.0020350260 0.0000000036 0.0000000000 0 0 0
2032412 4 14415 0.0000000000 0.0000000000 0.0000000000 0 0 0
2048075 0 93 0.0471637547 0.0000030112 0.0000000002 0 0 0
2052287 4 7254 0.0000000000 0.0000000000 0.0000000000 0 0 0
2061756 0 78 0.0233509640 0.0000024660 0.0000000003 0 0 0
2063144 4 5273 0.0000000000 0.0000000000 0.0000000000 0 0 0
2077450 2 468 0.1479538081 0.0000170887 0.0000000020 93 265 110
2081521 0 78 0.1914826477 0.0000470358 0.0000000116 0 0 0
2082551 4 5226 0.0000000000 0.0000000000 0.0000000000 0 0 0
2088650 4 6178 0.0000000000 0.0000000000 0.0000000000 0 0 0
2095780 4 10701 0.0000000000 0.0000000000 0.0000000000 0 0 0
2110116 0 109 0.0809855046 0.0000056491 0.0000000004 0 0 0
2125950 0 94 0.2555010053 0.0000182997 0.0000000013 0 0 0
2128524 0 110 0.3872139398 0.0001504328 0.0000000584 0 0 0
2135919 4 6193 0.0000000000 0.0000000000 0.0000000000 0 0 0
2142814 0 94 0.0093349870 0.0000013539 0.0000000002 0 0 0
2153906 0 109 0.0373268233 0.0000033652 0.0000000003 0 0 0
2166495 4 8752 0.0000000000 0.0000000000 0.0000000000 0 0 0
2184014 0 93 0.1710707978 0.0000097649 0.0000000006 0 0 0
2185605 4 6396 0.0000000000 0.0000000000 0.0000000000 0 0 0
2192828 4 5179 0.0000000000 0.0000000000 0.0000000000 0 0 0
2200191 0 109 0.1789598885 0.0000243053 0.0000000033 0 0 0
2202765 0 109 0.0724540506 0.0000281484 0.0000000109 0 0 0
2204388 0 93 0.5166331942 0.0005337120 0.0000005514 0 0 0
2213170 0 110 0.4181745859 0.0000476172 0.0000000054 0 0 0
2215214 4 5039 0.0000000000 0.0000000000 0.0000000000 0 0 0
2221782 4 11279 0.0000000000 0.0000000000 0.0000000000 0 0 0
2236727 0 109 0.0532334754 0.0000035620 0.0000000002 0 0 0
2236836 4 11513 0.0000000000 0.0000000000 0.0000000000 0 0 0
2248349 0 93 0.0000000000 0.0000000000 0.0000000000 0 0 0
2254792 0 93 0.7703655695 0.0001460963 0.0000000277 0 0 0
2258863 0 94 0.2974856289 0.0000730743 0.0000000179 0 0 0
2265150 0 78 0.1141181084 0.0000181514 0.0000000029 0 0 0
2265899 0 78 0.5954674963 0.0007950167 0.0000010614 0 0 0
2266882 0 124 0.3704203947 0.0003768264 0.0000003833 0 0 0
2283480 0 125 0.0893169759 0.0000053812 0.0000000003 0 0 0
2293714 0 109 0.0695621889 0.0000067972 0.0000000007 0 0 0
2295055 0 110 0.1041790518 0.0000776876 0.0000000579 0 0 0
2299439 0 94 0.3875736849 0.0000884064 0.0000000202 0 0 0
2306131 0 94 0.1567550258 0.0000234242 0.0000000035 0 0 0
2316225 0 109 0.1170314565 0.0000115942 0.0000000011 0 0 0
2318658 0 110 0.2854295413 0.0001173159 0.0000000482 0 0 0
2328939 0 125 0.1595639899 0.0000155203 0.0000000015 0 0 0
2329844 0 124 0.1522806608 0.0001682659 0.0000001859 0 0 0
2336661 0 78 0.3287802570 0.0000636677 0.0000000123 0 0 0
2341590 0 94 0.5841011976 0.0001356797 0.0000000315 0 0 0
2342620 0 94 0.1903649227 0.0001848203 0.0000001794 0 0 0
2351933 0 94 0.3594467816 0.0000385962 0.0000000041 0 0 0
2358797 0 94 0.0491900862 0.0000071664 0.0000000010 0 0 0
2363836 4 5242 0.0000000000 0.0000000000 0.0000000000 0 0 0
2369920 0 78 0.3202667560 0.0000526408 0.0000000087 0 0 0
2370341 4 8191 0.0000000000 0.0000000000 0.0000000000 0 0 0
2379202 0 125 0.0354561595 0.0000040014 0.0000000005 0 0 0
2382198 0 78 0.7385787629 0.0002465216 0.0000000823 0 0 0
2384288 0 78 0.0809638835 0.0000387387 0.0000000185 0 0 0
2395036 0 110 0.3613238198 0.0000336178 0.0000000031 0 0 0
2396113 0 125 0.9850495472 0.0009146235 0.0000008492 0 0 0
2396238 4 149558 0.0000000000 0.0000000000 0.0000000000 0 0 0
2546872 1 94 0.0084005846 0.0000000558 0.0000000000 0 0 0
2548105 0 93 0.1010566117 0.0000819599 0.0000000665 0 0 0
2576388 0 93 0.1237483231 0.0000043754 0.0000000002 0 0 0
2576481 4 5601 0.0000000000 0.0000000000 0.0000000000 0 0 0
2586481 0 125 0.2206306271 0.0000748154 0.0000000254 0 0 0
2592674 0 94 0.0642318916 0.0000103717 0.0000000017 0 0 0
2597822 4 7254 0.0000000000 0.0000000000 0.0000000000 0 0 0
2620473 0 78 0.0895868806 0.0000039551 0.0000000002 0 0 0
2630957 3 530 0.2619029341 0.0000249812 0.0000000024 0 0 0
2632298 3 2528 0.0376963086 0.0000281106 0.0000000210 0 0 0
2639662 0 109 0.3000052951 0.0000407394 0.0000000055 0 0 0
2642844 4 8518 0.0000000000 0.0000000000 0.0000000000 0 0 0
2656884 0 125 0.0420707789 0.0000029965 0.0000000002 0 0 0
2657009 4 7410 0.0000000000 0.0000000000 0.0000000000 0 0 0
2664419 0 125 0.0000000000 0.0000000000 0.0000000000 0 0 0
2664544 4 6755 0.0000000000 0.0000000000 0.0000000000 0 0 0
2671299 0 124 0.0000000000 0.0000000000 0.0000000000 0 0 0
2677617 4 15615 0.0000000000 0.0000000000 0.0000000000 0 0 0
2693529 4 15366 0.0000000000 0.0000000000 0.0000000000 0 0 0
2709940 4 20233 0.0000000000 0.0000000000 0.0000000000 0 0 0
2737334 4 7176 0.0000000000 0.0000000000 0.0000000000 0 0 0
2753854 2 281 0.2077056326 0.0000125730 0.0000000008 94 78 109
2755539 0 109 0.5610042505 0.0003329402 0.0000001976 0 0 0
2758129 4 7628 0.0000000000 0.0000000000 0.0000000000 0 0 0
2766428 4 5242 0.0000000000 0.0000000000 0.0000000000 0 0 0
2773479 2 546 0.2253775985 0.0000319639 0.0000000045 141 296 109
2783885 0 93 0.1517327160 0.0000145813 0.0000000014 0 0 0
2792823 0 110 0.2231966378 0.0000249717 0.0000000028 0 0 0
2794181 4 10077 0.0000000000 0.0000000000 0.0000000000 0 0 0
2804570 4 33338 0.0000000000 0.0000000000 0.0000000000 0 0 0
2862400 4 20155 0.0000000000 0.0000000000 0.0000000000 0 0 0
2887391 4 10015 0.0000000000 0.0000000000 0.0000000000 0 0 0
2898405 4 8783 0.0000000000 0.0000000000 0.0000000000 0 0 0
2911618 0 94 0.2115319751 0.0000160094 0.0000000012 0 0 0
2913319 4 35225 0.0000000000 0.0000000000 0.0000000000 0 0 0
2950494 0 124 0.0125137617 0.0000003366 0.0000000000 0 0 0
2960790 4 22495 0.0000000000 0.0000000000 0.0000000000 0 0 0
2984159 0 78 0.0435473989 0.0000018635 0.0000000001 0 0 0
2996061 0 125 0.2595589114 0.0000218080 0.0000000018 0 0 0
2999306 0 125 0.0274305503 0.0000084532 0.0000000026 0 0 0
3006436 4 10202 0.0000000000 0.0000000000 0.0000000000 0 0 0
3017122 4 11372 0.0000000000 0.0000000000 0.0000000000 0 0 0
3044219 0 78 0.1237664446 0.0000045675 0.0000000002 0 0 0
3048759 0 93 0.1470595658 0.0000323920 0.0000000071 0 0 0
3049944 0 109 0.0000000000 0.0000000000 0.0000000000 0 0 0
3058945 0 125 0.1537086920 0.0000170768 0.0000000019 0 0 0
3068290 0 109 0.2040827959 0.0000218387 0.0000000023 0 0 0
3069288 4 9735 0.0000000000 0.0000000000 0.0000000000 0 0 0
3079491 0 125 0.0051960396 0.0000005093 0.0000000000 0 0 0
3082860 4 6599 0.0000000000 0.0000000000 0.0000000000 0 0 0
3090208 4 18627 0.0000000000 0.0000000000 0.0000000000 0 0 0
3110129 0 110 0.0504402041 0.0000025320 0.0000000001 0 0 0
3114513 4 9516 0.0000000000 0.0000000000 0.0000000000 0 0 0
3126244 4 9610 0.0000000000 0.0000000000 0.0000000000 0 0 0
3136338 4 20592 0.0000000000 0.0000000000 0.0000000000 0 0 0
3157070 4 10156 0.0000000000 0.0000000000 0.0000000000 0 0 0
3169956 0 109 0.0906817490 0.0000070372 0.0000000005 0 0 0
3185915 0 109 0.0948307321 0.0000266603 0.0000000075 0 0 0
3189144 0 109 0.0727143805 0.0000225192 0.0000000070 0 0 0
3189253 4 13681 0.0000000000 0.0000000000 0.0000000000 0 0 0
3204697 4 6739 0.0000000000 0.0000000000 0.0000000000 0 0 0
3226974 0 125 0.0991766649 0.0000127657 0.0000000016 0 0 0
3240577 4 32230 0.0000000000 0.0000000000 0.0000000000 0 0 0
3281200 0 125 0.0140579418 0.0000003461 0.0000000000 0 0 0
3283571 4 5336 0.0000000000 0.0000000000 0.0000000000 0 0 0
3289016 4 42947 0.0000000000 0.0000000000 0.0000000000 0 0 0
3334022 0 109 0.0264487785 0.0000005877 0.0000000000 0 0 0
3350886 0 109 0.2016834223 0.0000119594 0.0000000007 0 0 0
3362087 0 93 0.1928577095 0.0000172179 0.0000000015 0 0 0
3363491 0 93 0.3097044699 0.0002205872 0.0000001571 0 0 0
3365815 0 94 0.1404754446 0.0000604455 0.0000000260 0 0 0
3367375 4 61355 0.0000000000 0.0000000000 0.0000000000 0 0 0
3448090 0 78 0.0903020592 0.0000066155 0.0000000005 0 0 0
3455594 4 123506 0.0000000000 0.0000000000 0.0000000000 0 0 0
3583561 4 23744 0.0000000000 0.0000000000 0.0000000000 0 0 0
3607695 0 78 0.0012317879 0.0000000510 0.0000000000 0 0 0
3609988 0 93 0.4765189551 0.0002078146 0.0000000906 0 0 0
