85.5731707317 13.4303658679
1248.0000000000 0.0000000000
249.0000000000 0.0000000000
93.0000000000 0.0000000000
78.0000000000 0.0000000000
78.0000000000 0.0000000000
0.3003843394 0.2537614314
0.0001450649 0.0001988221
0.0000001134 0.0000002604

250 0 109 0.0240000000 0.0000960000 0.0000003840 0 0 0
1560 0 109 0.8244725440 0.0006293684 0.0000004804 0 0 0
3775 0 94 0.6897229680 0.0003113873 0.0000001406 0 0 0
5616 0 94 0.0286337733 0.0000155534 0.0000000084 0 0 0
9407 4 277011 0.0000000000 0.0000000000 0.0000000000 0 0 0
287323 0 93 0.0023925668 0.0000000086 0.0000000000 0 0 0
289460 0 109 0.5146964256 0.0002408500 0.0000001127 0 0 0
292206 0 93 0.0480846374 0.0000175108 0.0000000064 0 0 0
295872 0 93 0.0761340526 0.0000207676 0.0000000057 0 0 0
297946 0 110 0.3104553502 0.0001496892 0.0000000722 0 0 0
299319 0 94 0.0943758706 0.0000687370 0.0000000501 0 0 0
301363 0 93 0.1571426866 0.0000768800 0.0000000376 0 0 0
303282 2 249 1.0456351022 0.0005448854 0.0000002839 93 78 78
308258 0 94 0.3730587688 0.0000749716 0.0000000151 0 0 0
311940 0 78 0.5174355292 0.0001405311 0.0000000382 0 0 0
313110 0 109 0.0350093914 0.0000299226 0.0000000256 0 0 0
325449 4 10609 0.0000000000 0.0000000000 0.0000000000 0 0 0
342001 0 94 0.1624381394 0.0000273327 0.0000000046 0 0 0
345542 3 18798 0.5628384085 0.0001589490 0.0000000449 0 0 0
374231 0 94 0.2277551185 0.0000275466 0.0000000033 0 0 0
377741 0 109 0.2807261824 0.0000799790 0.0000000228 0 0 0
383778 0 94 0.1092153766 0.0000736946 0.0000000497 0 0 0
385510 3 9656 0.0843870621 0.0000487223 0.0000000281 0 0 0
396602 4 14976 0.0000000000 0.0000000000 0.0000000000 0 0 0
427256 4 8923 0.0000000000 0.0000000000 0.0000000000 0 0 0
437630 0 93 0.0125724292 0.0000012119 0.0000000001 0 0 0
437723 4 10889 0.0000000000 0.0000000000 0.0000000000 0 0 0
458253 0 94 0.0591787283 0.0000028825 0.0000000001 0 0 0
459174 4 22510 0.0000000000 0.0000000000 0.0000000000 0 0 0
481716 4 12667 0.0000000000 0.0000000000 0.0000000000 0 0 0
494664 0 109 0.0024126161 0.0000001863 0.0000000000 0 0 0
496177 0 109 0.0773845961 0.0000511465 0.0000000338 0 0 0
499609 4 158029 0.0000000000 0.0000000000 0.0000000000 0 0 0
657919 4 5772 0.0000000000 0.0000000000 0.0000000000 0 0 0
669494 0 109 0.1628962228 0.0000140731 0.0000000012 0 0 0
679447 0 94 0.3176117830 0.0000519398 0.0000000085 0 0 0
680367 0 110 0.1535926967 0.0001669486 0.0000001815 0 0 0
682770 0 93 0.1262938319 0.0000525567 0.0000000219 0 0 0
684720 0 78 0.7799802939 0.0003999899 0.0000002051 0 0 0
688043 3 24913 0.5434512623 0.0001635424 0.0000000492 0 0 0
726809 0 109 0.0546759666 0.0000014104 0.0000000000 0 0 0
730054 0 93 0.7901029304 0.0005218646 0.0000003447 0 0 0
731723 0 109 0.1982386986 0.0001187769 0.0000000712 0 0 0
732908 0 78 0.0278402572 0.0000234939 0.0000000198 0 0 0
733922 0 78 0.1237319634 0.0001220236 0.0000001203 0 0 0
737464 3 2917 0.3251792109 0.0000918067 0.0000000259 0 0 0
745108 4 11825 0.0000000000 0.0000000000 0.0000000000 0 0 0
758415 3 11762 0.0031472239 0.0000002365 0.0000000000 0 0 0
771410 4 16270 0.0000000000 0.0000000000 0.0000000000 0 0 0
789615 4 9906 0.0000000000 0.0000000000 0.0000000000 0 0 0
805683 3 9391 0.0471187189 0.0000029325 0.0000000002 0 0 0
819317 4 5648 0.0000000000 0.0000000000 0.0000000000 0 0 0
825495 4 5117 0.0000000000 0.0000000000 0.0000000000 0 0 0
830612 0 93 0.0000000000 0.0000000000 0.0000000000 0 0 0
840315 0 78 0.1383545556 0.0000142589 0.0000000015 0 0 0
841454 0 78 0.4644427016 0.0004077636 0.0000003580 0 0 0
848677 4 10577 0.0000000000 0.0000000000 0.0000000000 0 0 0
864995 0 93 0.1347312752 0.0000082566 0.0000000005 0 0 0
869222 0 78 0.5995441254 0.0001418368 0.0000000336 0 0 0
870891 4 36739 0.0000000000 0.0000000000 0.0000000000 0 0 0
908160 4 13775 0.0000000000 0.0000000000 0.0000000000 0 0 0
922387 4 5788 0.0000000000 0.0000000000 0.0000000000 0 0 0
928331 4 220024 0.0000000000 0.0000000000 0.0000000000 0 0 0
1149213 0 78 0.0011657511 0.0000000053 0.0000000000 0 0 0
1152348 0 78 0.3643316571 0.0001162142 0.0000000371 0 0 0
1156826 0 93 0.1865400586 0.0000416570 0.0000000093 0 0 0
1157715 0 93 0.0696919767 0.0000783937 0.0000000882 0 0 0
1160507 0 94 0.6362880515 0.0002278969 0.0000000816 0 0 0
1164392 0 93 0.4098709913 0.0001055009 0.0000000272 0 0 0
1206356 4 9110 0.0000000000 0.0000000000 0.0000000000 0 0 0
1216980 0 93 0.2313001338 0.0000217715 0.0000000020 0 0 0
1222861 0 78 0.5902099189 0.0001003588 0.0000000171 0 0 0
1234389 0 94 0.3288390232 0.0000409309 0.0000000051 0 0 0
1241799 0 94 0.1132954758 0.0000152895 0.0000000021 0 0 0
1242876 0 78 0.1846519673 0.0001714503 0.0000001592 0 0 0
1244561 0 78 0.5531308130 0.0003282675 0.0000001948 0 0 0
1247025 0 78 0.3698581582 0.0001501048 0.0000000609 0 0 0
1252751 0 109 0.4213703303 0.0000735890 0.0000000129 0 0 0
1257009 0 94 0.1636836833 0.0000384414 0.0000000090 0 0 0
1262875 0 94 0.1105234117 0.0000188414 0.0000000032 0 0 0
1263920 0 78 0.6694476946 0.0006406198 0.0000006130 0 0 0
1265777 0 62 0.8914152899 0.0004800298 0.0000002585 0 0 0
1271143 0 109 0.2732171460 0.0000636870 0.0000000148 0 0 0
1273109 0 78 0.4416198206 0.0002246286 0.0000001143 0 0 0
1290581 4 5070 0.0000000000 0.0000000000 0.0000000000 0 0 0
1296056 4 18190 0.0000000000 0.0000000000 0.0000000000 0 0 0
1339550 4 11200 0.0000000000 0.0000000000 0.0000000000 0 0 0
1375586 4 10218 0.0000000000 0.0000000000 0.0000000000 0 0 0
1420576 4 5086 0.0000000000 0.0000000000 0.0000000000 0 0 0
1425678 4 5491 0.0000000000 0.0000000000 0.0000000000 0 0 0
1436223 4 7457 0.0000000000 0.0000000000 0.0000000000 0 0 0
1443821 4 5912 0.0000000000 0.0000000000 0.0000000000 0 0 0
1449920 4 9594 0.0000000000 0.0000000000 0.0000000000 0 0 0
1467112 4 18579 0.0000000000 0.0000000000 0.0000000000 0 0 0
1485863 4 11794 0.0000000000 0.0000000000 0.0000000000 0 0 0
1500262 4 7363 0.0000000000 0.0000000000 0.0000000000 0 0 0
1508639 4 7675 0.0000000000 0.0000000000 0.0000000000 0 0 0
1518061 4 6475 0.0000000000 0.0000000000 0.0000000000 0 0 0
1532460 4 18440 0.0000000000 0.0000000000 0.0000000000 0 0 0
1554269 4 9548 0.0000000000 0.0000000000 0.0000000000 0 0 0
1576031 4 10000 0.0000000000 0.0000000000 0.0000000000 0 0 0
1592100 4 23197 0.0000000000 0.0000000000 0.0000000000 0 0 0
1615656 4 10436 0.0000000000 0.0000000000 0.0000000000 0 0 0
1626903 4 20764 0.0000000000 0.0000000000 0.0000000000 0 0 0
1649056 4 12604 0.0000000000 0.0000000000 0.0000000000 0 0 0
1668618 0 78 0.1987108768 0.0000995047 0.0000000498 0 0 0
1673236 4 5226 0.0000000000 0.0000000000 0.0000000000 0 0 0
1679289 0 109 0.0994511305 0.0000164301 0.0000000027 0 0 0
1693999 4 5616 0.0000000000 0.0000000000 0.0000000000 0 0 0
1706464 0 78 0.0638071038 0.0000051189 0.0000000004 0 0 0
1708102 0 109 0.9058239200 0.0005530061 0.0000003376 0 0 0
1713515 0 94 0.3834292878 0.0000708349 0.0000000131 0 0 0
1714217 0 78 0.1072522753 0.0001527810 0.0000002176 0 0 0
1717400 0 62 0.7736918338 0.0003755786 0.0000001823 0 0 0
1723608 0 78 0.2923562936 0.0000561145 0.0000000108 0 0 0
1724778 4 5180 0.0000000000 0.0000000000 0.0000000000 0 0 0
1733000 0 93 0.2627173645 0.0000319530 0.0000000039 0 0 0
1734435 0 78 0.2710707732 0.0001888995 0.0000001316 0 0 0
1738990 0 78 0.4111047756 0.0000902535 0.0000000198 0 0 0
1741049 0 63 0.1586636625 0.0000770586 0.0000000374 0 0 0
1743608 0 78 0.6629040595 0.0002590481 0.0000001012 0 0 0
1745246 4 6630 0.0000000000 0.0000000000 0.0000000000 0 0 0
1752219 4 10904 0.0000000000 0.0000000000 0.0000000000 0 0 0
1766056 4 12356 0.0000000000 0.0000000000 0.0000000000 0 0 0
1786243 0 109 0.0096737847 0.0000004792 0.0000000000 0 0 0
1787304 0 78 0.3400221925 0.0003204733 0.0000003020 0 0 0
1788193 0 78 0.5086281797 0.0005721352 0.0000006436 0 0 0
1790923 0 109 1.0048105340 0.0003680625 0.0000001348 0 0 0
1796757 0 94 0.1210482340 0.0000207488 0.0000000036 0 0 0
1806258 0 109 0.4428295898 0.0000593844 0.0000000080 0 0 0
1806975 4 5273 0.0000000000 0.0000000000 0.0000000000 0 0 0
1821405 0 63 0.1212930289 0.0000186032 0.0000000029 0 0 0
1830641 0 109 0.2988667096 0.0001088371 0.0000000396 0 0 0
1837193 4 6271 0.0000000000 0.0000000000 0.0000000000 0 0 0
1844166 0 78 0.0781398617 0.0000112061 0.0000000016 0 0 0
1855913 0 93 0.2174607314 0.0000686646 0.0000000217 0 0 0
1859407 0 78 0.6930653119 0.0001983587 0.0000000568 0 0 0
1864711 0 78 0.0712392901 0.0000134312 0.0000000025 0 0 0
1866115 0 94 0.6126213568 0.0004363400 0.0000003108 0 0 0
1869048 4 5538 0.0000000000 0.0000000000 0.0000000000 0 0 0
1911278 0 78 0.1582682218 0.0000288180 0.0000000052 0 0 0
1913181 0 93 1.0173235775 0.0005345894 0.0000002809 0 0 0
1913852 0 78 0.0790343540 0.0001177859 0.0000001755 0 0 0
1923680 0 93 0.1824256362 0.0000411703 0.0000000093 0 0 0
1926878 4 5725 0.0000000000 0.0000000000 0.0000000000 0 0 0
1933180 4 5445 0.0000000000 0.0000000000 0.0000000000 0 0 0
1938827 4 16334 0.0000000000 0.0000000000 0.0000000000 0 0 0
1955379 4 6459 0.0000000000 0.0000000000 0.0000000000 0 0 0
1965472 4 5850 0.0000000000 0.0000000000 0.0000000000 0 0 0
1975191 4 8190 0.0000000000 0.0000000000 0.0000000000 0 0 0
1983615 4 12527 0.0000000000 0.0000000000 0.0000000000 0 0 0
2006017 0 78 0.1316657080 0.0000058774 0.0000000003 0 0 0
2009106 0 78 0.7627316637 0.0004526597 0.0000002686 0 0 0
2009995 0 94 0.4855933682 0.0005462243 0.0000006144 0 0 0
2010900 0 78 0.5342031392 0.0005902797 0.0000006522 0 0 0
2012959 0 78 0.5186591464 0.0002518986 0.0000001223 0 0 0
2014285 4 5211 0.0000000000 0.0000000000 0.0000000000 0 0 0
2030166 0 78 0.2839133586 0.0000558225 0.0000000110 0 0 0
2038122 0 78 0.1102853486 0.0000138619 0.0000000017 0 0 0
2041726 0 78 0.5950901651 0.0002461084 0.0000001018 0 0 0
2042490 4 12153 0.0000000000 0.0000000000 0.0000000000 0 0 0
2055189 0 93 0.0305522728 0.0000024059 0.0000000002 0 0 0
2058886 4 5663 0.0000000000 0.0000000000 0.0000000000 0 0 0
2064549 0 93 0.0000000000 0.0000000000 0.0000000000 0 0 0
2095296 0 94 0.0735922164 0.0000031940 0.0000000001 0 0 0
2097777 0 62 0.6903419533 0.0002782515 0.0000001122 0 0 0
2099586 4 9516 0.0000000000 0.0000000000 0.0000000000 0 0 0
2120257 0 78 0.1268125023 0.0000061348 0.0000000003 0 0 0
2126356 0 94 0.3106751957 0.0000612772 0.0000000121 0 0 0
2132737 0 93 0.3008887980 0.0000538744 0.0000000096 0 0 0
2137105 0 93 0.4068081598 0.0001401820 0.0000000483 0 0 0
2137885 4 7004 0.0000000000 0.0000000000 0.0000000000 0 0 0
2159194 0 110 0.1814893206 0.0000130869 0.0000000009 0 0 0
2166168 0 93 0.4611035828 0.0000661175 0.0000000095 0 0 0
2180598 0 93 0.1831992876 0.0000325283 0.0000000058 0 0 0
2188616 0 63 0.4449250228 0.0000554908 0.0000000069 0 0 0
2198429 0 78 0.1455056403 0.0000208640 0.0000000030 0 0 0
2200191 4 16521 0.0000000000 0.0000000000 0.0000000000 0 0 0
2221876 0 62 0.1035818105 0.0000219826 0.0000000047 0 0 0
2222531 0 62 0.4787609845 0.0007309328 0.0000011159 0 0 0
2234746 0 78 0.2247058474 0.0000587927 0.0000000154 0 0 0
2239083 0 93 0.0416546422 0.0000180401 0.0000000078 0 0 0
2250517 0 78 0.1097251671 0.0000107553 0.0000000011 0 0 0
2259378 0 78 0.1511076870 0.0000436349 0.0000000126 0 0 0
2265712 4 6911 0.0000000000 0.0000000000 0.0000000000 0 0 0
2276788 0 78 0.1672896450 0.0000151038 0.0000000014 0 0 0
2289845 4 16630 0.0000000000 0.0000000000 0.0000000000 0 0 0
2306475 0 94 0.0000000000 0.0000000000 0.0000000000 0 0 0
2310422 0 78 0.3936968046 0.0000997458 0.0000000253 0 0 0
2319563 0 78 0.2025113981 0.0000221542 0.0000000024 0 0 0
2321357 4 9314 0.0000000000 0.0000000000 0.0000000000 0 0 0
2334852 0 78 0.1846108697 0.0000136799 0.0000000010 0 0 0
2337098 0 78 0.5695466981 0.0002535827 0.0000001129 0 0 0
2337909 0 78 0.3886859149 0.0004792675 0.0000005910 0 0 0
2338767 0 94 0.5471059405 0.0006376526 0.0000007432 0 0 0
2340265 0 78 0.4203793720 0.0002806271 0.0000001873 0 0 0
2346442 0 94 0.7869164172 0.0005483738 0.0000003821 0 0 0
2359624 0 78 0.1850072115 0.0000486094 0.0000000128 0 0 0
2380092 0 78 0.6854591094 0.0002989355 0.0000001304 0 0 0
2390013 0 94 0.4354919346 0.0001203349 0.0000000333 0 0 0
2412400 4 7628 0.0000000000 0.0000000000 0.0000000000 0 0 0
2420028 0 78 0.0000000000 0.0000000000 0.0000000000 0 0 0
2422009 4 10203 0.0000000000 0.0000000000 0.0000000000 0 0 0
2444583 0 93 0.4018704853 0.0000551565 0.0000000076 0 0 0
2449169 4 6381 0.0000000000 0.0000000000 0.0000000000 0 0 0
2457344 0 78 0.0788325211 0.0000096431 0.0000000012 0 0 0
2464426 0 109 0.2498224183 0.0000352757 0.0000000050 0 0 0
2468373 0 93 0.3106324303 0.0000787009 0.0000000199 0 0 0
2472382 0 78 0.6074983171 0.0001515336 0.0000000378 0 0 0
2481929 0 94 0.6316655922 0.0000661638 0.0000000069 0 0 0
2484347 0 78 0.0424592668 0.0000175597 0.0000000073 0 0 0
2492038 0 94 0.1344519876 0.0000244859 0.0000000045 0 0 0
2500384 4 10374 0.0000000000 0.0000000000 0.0000000000 0 0 0
2510758 0 94 0.0000000000 0.0000000000 0.0000000000 0 0 0
2514331 0 93 0.3941963649 0.0001103264 0.0000000309 0 0 0
2524284 0 93 0.3843852182 0.0000386200 0.0000000039 0 0 0
2526842 4 10670 0.0000000000 0.0000000000 0.0000000000 0 0 0
2543284 4 5039 0.0000000000 0.0000000000 0.0000000000 0 0 0
2550211 0 62 0.3384978495 0.0000488664 0.0000000071 0 0 0
2559711 0 78 0.1436069148 0.0000170798 0.0000000020 0 0 0
2560491 4 10374 0.0000000000 0.0000000000 0.0000000000 0 0 0
2584453 0 63 0.1654758362 0.0000331482 0.0000000066 0 0 0
2591723 0 93 0.0445551204 0.0000528530 0.0000000627 0 0 0
2593735 0 109 0.5393254141 0.0002680544 0.0000001332 0 0 0
2599663 0 78 0.1489119748 0.0000391256 0.0000000103 0 0 0
2611629 4 5397 0.0000000000 0.0000000000 0.0000000000 0 0 0
2617759 4 5070 0.0000000000 0.0000000000 0.0000000000 0 0 0
2624124 0 78 0.0009426551 0.0000001481 0.0000000000 0 0 0
2630614 0 93 0.6870494619 0.0001265518 0.0000000233 0 0 0
2633406 0 78 0.0698925194 0.0000509050 0.0000000371 0 0 0
2635372 0 93 1.0410976973 0.0006949918 0.0000004639 0 0 0
2645075 0 78 0.3740523431 0.0001223193 0.0000000400 0 0 0
2648507 4 12043 0.0000000000 0.0000000000 0.0000000000 0 0 0
2662594 4 6100 0.0000000000 0.0000000000 0.0000000000 0 0 0
2671080 0 94 0.0273052282 0.0000032177 0.0000000004 0 0 0
2689161 0 94 0.2242700402 0.0000678168 0.0000000205 0 0 0
2696805 0 78 0.2365239699 0.0000309424 0.0000000040 0 0 0
2697445 0 109 0.1215251398 0.0001898830 0.0000002967 0 0 0
2703903 0 78 0.3531733429 0.0001826129 0.0000000944 0 0 0
2708817 0 94 0.1889518270 0.0000384517 0.0000000078 0 0 0
2718817 0 62 0.1820907192 0.0000261700 0.0000000038 0 0 0
2735571 0 78 0.4660327459 0.0000278162 0.0000000017 0 0 0
2748504 0 78 0.0236333800 0.0000035560 0.0000000005 0 0 0
2751593 0 109 0.3290519604 0.0001065238 0.0000000345 0 0 0
2754837 0 63 0.0577836019 0.0000178125 0.0000000055 0 0 0
2756834 4 6677 0.0000000000 0.0000000000 0.0000000000 0 0 0
2776802 0 63 0.0663274878 0.0000033217 0.0000000002 0 0 0
2794649 0 109 0.1148857324 0.0000105053 0.0000000010 0 0 0
2795444 0 63 0.3626908407 0.0004562149 0.0000005739 0 0 0
2796412 0 62 0.4702296811 0.0004857745 0.0000005018 0 0 0
2807363 0 78 0.1339818165 0.0000392218 0.0000000115 0 0 0
2815849 4 9033 0.0000000000 0.0000000000 0.0000000000 0 0 0
2824882 0 78 0.0000000000 0.0000000000 0.0000000000 0 0 0
2828797 0 78 0.3065355845 0.0001198341 0.0000000468 0 0 0
2835240 0 78 0.2251514556 0.0000349451 0.0000000054 0 0 0
2842058 0 93 0.1451682693 0.0000252862 0.0000000044 0 0 0
2845599 0 78 0.0794609906 0.0000727665 0.0000000666 0 0 0
2847408 0 78 0.8191989128 0.0005472271 0.0000003655 0 0 0
2862322 0 109 0.1384116083 0.0000100139 0.0000000007 0 0 0
2876690 0 62 0.0999258697 0.0000135419 0.0000000018 0 0 0
2882883 4 13666 0.0000000000 0.0000000000 0.0000000000 0 0 0
2901182 0 94 0.2496415510 0.0000579753 0.0000000135 0 0 0
2902274 4 5522 0.0000000000 0.0000000000 0.0000000000 0 0 0
2915955 0 78 0.3913438118 0.0000286049 0.0000000021 0 0 0
2919200 0 94 0.0982309767 0.0000302715 0.0000000093 0 0 0
2953395 0 78 0.1703743434 0.0000314750 0.0000000058 0 0 0
2985781 0 110 0.2373708433 0.0000850182 0.0000000305 0 0 0
2992708 0 109 0.7489929566 0.0001081266 0.0000000156 0 0 0
3002957 0 78 0.2545479380 0.0000911705 0.0000000327 0 0 0
3014049 4 17378 0.0000000000 0.0000000000 0.0000000000 0 0 0
3035234 4 8626 0.0000000000 0.0000000000 0.0000000000 0 0 0
3060272 4 8159 0.0000000000 0.0000000000 0.0000000000 0 0 0
3073984 0 78 0.0112795439 0.0000008226 0.0000000001 0 0 0
3075139 0 93 0.4916387527 0.0004256613 0.0000003685 0 0 0
3076075 0 78 0.3378625636 0.0003609643 0.0000003856 0 0 0
3077026 0 78 0.6720443526 0.0007066712 0.0000007431 0 0 0
3089272 4 8565 0.0000000000 0.0000000000 0.0000000000 0 0 0
3100645 0 93 0.0417283269 0.0000036691 0.0000000003 0 0 0
3111066 0 109 0.0917141317 0.0000099140 0.0000000011 0 0 0
3117602 0 109 0.3295087883 0.0001427063 0.0000000618 0 0 0
3122969 0 78 0.3406839303 0.0000634775 0.0000000118 0 0 0
3125730 0 109 0.3518695106 0.0001274428 0.0000000462 0 0 0
3130909 0 78 0.4314851357 0.0000980871 0.0000000223 0 0 0
3136712 0 78 0.1999212188 0.0000344514 0.0000000059 0 0 0
3140940 0 78 0.2247451712 0.0000731354 0.0000000238 0 0 0
3142282 4 8408 0.0000000000 0.0000000000 0.0000000000 0 0 0
3154824 0 94 0.0407535240 0.0000032494 0.0000000003 0 0 0
3166134 3 3401 0.1735478655 0.0000169845 0.0000000017 0 0 0
3193465 3 1467 0.0517408455 0.0000018931 0.0000000001 0 0 0
3198957 3 2698 0.2101936531 0.0000382727 0.0000000070 0 0 0
3212654 4 5678 0.0000000000 0.0000000000 0.0000000000 0 0 0
3222700 4 7145 0.0000000000 0.0000000000 0.0000000000 0 0 0
3231405 3 4087 0.0882426001 0.0000101370 0.0000000012 0 0 0
3235492 4 9672 0.0000000000 0.0000000000 0.0000000000 0 0 0
3249111 4 11887 0.0000000000 0.0000000000 0.0000000000 0 0 0
3263245 3 8533 0.0268174858 0.0000018974 0.0000000001 0 0 0
3271778 4 13369 0.0000000000 0.0000000000 0.0000000000 0 0 0
3285147 3 3666 0.0000000000 0.0000000000 0.0000000000 0 0 0
3296832 3 639 0.2279158820 0.0000195050 0.0000000017 0 0 0
3303056 0 78 0.1074348501 0.0000172614 0.0000000028 0 0 0
3304273 0 78 0.5672452393 0.0004661013 0.0000003830 0 0 0
3306691 0 94 0.3428050590 0.0001417722 0.0000000586 0 0 0
3335957 0 78 0.7373984365 0.0001658566 0.0000000373 0 0 0
3342883 4 5398 0.0000000000 0.0000000000 0.0000000000 0 0 0
3373647 0 78 0.3245016528 0.0001045094 0.0000000337 0 0 0
3379325 0 78 0.2870737522 0.0000505590 0.0000000089 0 0 0
3387094 0 78 0.2402891472 0.0000368485 0.0000000057 0 0 0
3403458 0 94 0.3183694988 0.0000872245 0.0000000239 0 0 0
3405720 4 5086 0.0000000000 0.0000000000 0.0000000000 0 0 0
3417405 0 78 0.2653110039 0.0000423076 0.0000000067 0 0 0
3418403 0 78 0.0260521042 0.0000261043 0.0000000262 0 0 0
3420837 0 78 0.8800160570 0.0007137194 0.0000005788 0 0 0
3430696 0 109 0.3908027929 0.0000998219 0.0000000255 0 0 0
3431726 4 5631 0.0000000000 0.0000000000 0.0000000000 0 0 0
3437888 0 62 0.0474836512 0.0000077059 0.0000000013 0 0 0
3457981 0 93 0.2854756473 0.0000859090 0.0000000259 0 0 0
3461974 0 78 0.1528510198 0.0000443432 0.0000000129 0 0 0
3470258 3 484 0.2106215993 0.0000254251 0.0000000031 0 0 0
3473128 0 78 0.0928325706 0.0000323458 0.0000000113 0 0 0
3475266 4 13946 0.0000000000 0.0000000000 0.0000000000 0 0 0
3525373 0 94 0.1542136317 0.0000239351 0.0000000037 0 0 0
3535560 0 62 0.1346706366 0.0000132199 0.0000000013 0 0 0
3536480 4 6818 0.0000000000 0.0000000000 0.0000000000 0 0 0
3545606 0 94 0.6388143997 0.0003722695 0.0000002169 0 0 0
3546761 0 93 0.8038487068 0.0006959729 0.0000006026 0 0 0
3547369 0 63 0.7336302951 0.0012066288 0.0000019846 0 0 0
3553656 0 78 0.4939695897 0.0000785700 0.0000000125 0 0 0
3555123 4 5272 0.0000000000 0.0000000000 0.0000000000 0 0 0
3574373 4 7488 0.0000000000 0.0000000000 0.0000000000 0 0 0
3582501 0 62 0.0120536176 0.0000014830 0.0000000002 0 0 0
3597212 0 62 0.3454408132 0.0001279884 0.0000000474 0 0 0
3600300 4 6506 0.0000000000 0.0000000000 0.0000000000 0 0 0
3606806 0 78 0.0000000000 0.0000000000 0.0000000000 0 0 0
3608459 0 78 0.8230892901 0.0004979367 0.0000003012 0 0 0
3610940 0 78 0.6391376057 0.0002576129 0.0000001038 0 0 0
3618397 0 93 1.0089460985 0.0001539906 0.0000000235 0 0 0
3619426 0 94 0.1067789999 0.0001037697 0.0000001008 0 0 0
3621907 4 6411 0.0000000000 0.0000000000 0.0000000000 0 0 0
3649035 0 78 0.2445921889 0.0000488500 0.0000000098 0 0 0
3649831 0 78 0.1512489687 0.0001900113 0.0000002387 0 0 0
3653060 0 78 0.7452401913 0.0002307960 0.0000000715 0 0 0
3657272 0 94 0.7075917642 0.0004239615 0.0000002540 0 0 0
3657990 0 62 0.3795500667 0.0005286213 0.0000007362 0 0 0
3658848 0 93 0.5151218857 0.0006003752 0.0000006997 0 0 0
3660361 4 12090 0.0000000000 0.0000000000 0.0000000000 0 0 0
3672685 0 109 0.0088575596 0.0000007187 0.0000000001 0 0 0
3674495 0 78 0.0807985721 0.0000446401 0.0000000247 0 0 0
3683995 0 78 0.1417283612 0.0000162813 0.0000000019 0 0 0
3687443 0 78 0.1334083740 0.0000425409 0.0000000136 0 0 0
3688020 4 6474 0.0000000000 0.0000000000 0.0000000000 0 0 0
3695040 4 13182 0.0000000000 0.0000000000 0.0000000000 0 0 0
3708955 0 94 0.0635109225 0.0000045642 0.0000000003 0 0 0
3712060 0 78 0.5203792195 0.0001675940 0.0000000540 0 0 0
3714400 4 9796 0.0000000000 0.0000000000 0.0000000000 0 0 0
3725585 0 62 0.0536100677 0.0000047930 0.0000000004 0 0 0
3725944 4 9313 0.0000000000 0.0000000000 0.0000000000 0 0 0
3735943 0 78 0.0294189841 0.0000029422 0.0000000003 0 0 0
3738673 0 78 0.0463101979 0.0000187947 0.0000000076 0 0 0
3739890 0 63 0.8445213372 0.0006939370 0.0000005702 0 0 0
3741403 0 63 0.6386522500 0.0004221099 0.0000002790 0 0 0
3742012 0 93 0.4532761323 0.0007442958 0.0000012222 0 0 0
3745366 0 78 0.1254589828 0.0000374058 0.0000000112 0 0 0
3755194 0 78 0.0333179169 0.0000035127 0.0000000004 0 0 0
3755521 1 1248 0.2508440290 0.0007671071 0.0000023459 0 0 0
3759000 0 78 0.3067645145 0.0000881761 0.0000000253 0 0 0
3761137 4 11108 0.0000000000 0.0000000000 0.0000000000 0 0 0
3777845 4 5086 0.0000000000 0.0000000000 0.0000000000 0 0 0
3787782 0 63 0.0081210535 0.0000008173 0.0000000001 0 0 0
3789545 0 63 0.8679366649 0.0004923067 0.0000002792 0 0 0
3794709 4 12168 0.0000000000 0.0000000000 0.0000000000 0 0 0
