101.7205882353 14.7581937244
107.7272727273 10.5837861338
nan nan
nan nan
nan nan
nan nan
0.0051189866 0.0376473697
0.0000025255 0.0000150440
0.0000000015 0.0000000088

10499 4 5585 0.0000000000 0.0000000000 0.0000000000 0 0 0
30514 4 6193 0.0000000000 0.0000000000 0.0000000000 0 0 0
58875 3 374 0.1102306857 0.0000759688 0.0000000524 0 0 0
59951 3 453 0.0573456480 0.0000532952 0.0000000495 0 0 0
65832 3 624 0.0833512063 0.0000732436 0.0000000644 0 0 0
67658 3 827 0.1729111177 0.0000946939 0.0000000519 0 0 0
88031 4 5164 0.0000000000 0.0000000000 0.0000000000 0 0 0
94256 4 12761 0.0000000000 0.0000000000 0.0000000000 0 0 0
112071 4 74959 0.0000000000 0.0000000000 0.0000000000 0 0 0
191054 3 78 0.4361510944 0.0001270837 0.0000000370 0 0 0
197700 4 6833 0.0000000000 0.0000000000 0.0000000000 0 0 0
210882 4 5351 0.0000000000 0.0000000000 0.0000000000 0 0 0
216405 4 6614 0.0000000000 0.0000000000 0.0000000000 0 0 0
452231 4 8736 0.0000000000 0.0000000000 0.0000000000 0 0 0
504039 4 12855 0.0000000000 0.0000000000 0.0000000000 0 0 0
577079 4 9656 0.0000000000 0.0000000000 0.0000000000 0 0 0
633068 4 14321 0.0000000000 0.0000000000 0.0000000000 0 0 0
721629 3 1763 0.0000000000 0.0000000000 0.0000000000 0 0 0
737323 4 15475 0.0000000000 0.0000000000 0.0000000000 0 0 0
783203 4 14867 0.0000000000 0.0000000000 0.0000000000 0 0 0
866414 4 21045 0.0000000000 0.0000000000 0.0000000000 0 0 0
948939 4 6271 0.0000000000 0.0000000000 0.0000000000 0 0 0
955288 4 14009 0.0000000000 0.0000000000 0.0000000000 0 0 0
990170 3 2028 0.0000000000 0.0000000000 0.0000000000 0 0 0
998297 4 11981 0.0000000000 0.0000000000 0.0000000000 0 0 0
1065019 3 1498 0.0000000000 0.0000000000 0.0000000000 0 0 0
1092335 3 78 0.0000000000 0.0000000000 0.0000000000 0 0 0
1116390 4 14586 0.0000000000 0.0000000000 0.0000000000 0 0 0
1192285 4 11965 0.0000000000 0.0000000000 0.0000000000 0 0 0
1214093 4 12075 0.0000000000 0.0000000000 0.0000000000 0 0 0
1227978 4 5382 0.0000000000 0.0000000000 0.0000000000 0 0 0
1264014 4 9734 0.0000000000 0.0000000000 0.0000000000 0 0 0
1309114 3 4399 0.0000000000 0.0000000000 0.0000000000 0 0 0
1343403 4 18798 0.0000000000 0.0000000000 0.0000000000 0 0 0
1374384 3 531 0.0000000000 0.0000000000 0.0000000000 0 0 0
1384493 4 7457 0.0000000000 0.0000000000 0.0000000000 0 0 0
1442713 4 6599 0.0000000000 0.0000000000 0.0000000000 0 0 0
1450357 4 8299 0.0000000000 0.0000000000 0.0000000000 0 0 0
1509747 4 17082 0.0000000000 0.0000000000 0.0000000000 0 0 0
1555236 4 13775 0.0000000000 0.0000000000 0.0000000000 0 0 0
1599915 4 6334 0.0000000000 0.0000000000 0.0000000000 0 0 0
1633986 4 16302 0.0000000000 0.0000000000 0.0000000000 0 0 0
1746322 3 234 0.0000000000 0.0000000000 0.0000000000 0 0 0
1806226 4 6225 0.0000000000 0.0000000000 0.0000000000 0 0 0
1814838 4 15225 0.0000000000 0.0000000000 0.0000000000 0 0 0
1850078 3 593 0.0000000000 0.0000000000 0.0000000000 0 0 0
1866708 4 63399 0.0000000000 0.0000000000 0.0000000000 0 0 0
1932338 3 109 0.0000000000 0.0000000000 0.0000000000 0 0 0
1960995 4 5195 0.0000000000 0.0000000000 0.0000000000 0 0 0
1973335 3 93 0.0000000000 0.0000000000 0.0000000000 0 0 0
2039713 0 94 0.0000000000 0.0000000000 0.0000000000 0 0 0
2042755 0 94 0.0000000000 0.0000000000 0.0000000000 0 0 0
2044300 0 93 0.0000000000 0.0000000000 0.0000000000 0 0 0
2059213 3 312 0.0000000000 0.0000000000 0.0000000000 0 0 0
2092473 1 109 0.0000000000 0.0000000000 0.0000000000 0 0 0
2097980 0 109 0.0000000000 0.0000000000 0.0000000000 0 0 0
2103518 4 7191 0.0000000000 0.0000000000 0.0000000000 0 0 0
2129461 3 265 0.0000000000 0.0000000000 0.0000000000 0 0 0
2134562 0 109 0.0000000000 0.0000000000 0.0000000000 0 0 0
2165622 0 93 0.0000000000 0.0000000000 0.0000000000 0 0 0
2170146 4 7519 0.0000000000 0.0000000000 0.0000000000 0 0 0
2200597 3 1529 0.0000000000 0.0000000000 0.0000000000 0 0 0
2217117 0 94 0.0000000000 0.0000000000 0.0000000000 0 0 0
2220674 0 78 0.0000000000 0.0000000000 0.0000000000 0 0 0
2225495 0 125 0.0000000000 0.0000000000 0.0000000000 0 0 0
2287817 1 109 0.0000000000 0.0000000000 0.0000000000 0 0 0
2337613 1 109 0.0000000000 0.0000000000 0.0000000000 0 0 0
2337800 1 93 0.0000000000 0.0000000000 0.0000000000 0 0 0
2337971 1 110 0.0000000000 0.0000000000 0.0000000000 0 0 0
2338159 1 109 0.0000000000 0.0000000000 0.0000000000 0 0 0
2380685 0 109 0.0000000000 0.0000000000 0.0000000000 0 0 0
2387892 4 6895 0.0000000000 0.0000000000 0.0000000000 0 0 0
2418546 4 20280 0.0000000000 0.0000000000 0.0000000000 0 0 0
2440230 0 109 0.0000000000 0.0000000000 0.0000000000 0 0 0
2462679 3 234 0.0000000000 0.0000000000 0.0000000000 0 0 0
2480900 0 124 0.0000000000 0.0000000000 0.0000000000 0 0 0
2481570 0 78 0.0000000000 0.0000000000 0.0000000000 0 0 0
2482148 1 93 0.0000000000 0.0000000000 0.0000000000 0 0 0
2483817 0 93 0.0000000000 0.0000000000 0.0000000000 0 0 0
2484472 0 94 0.0000000000 0.0000000000 0.0000000000 0 0 0
2485127 0 109 0.0000000000 0.0000000000 0.0000000000 0 0 0
2503099 4 5382 0.0000000000 0.0000000000 0.0000000000 0 0 0
2508481 0 93 0.0000000000 0.0000000000 0.0000000000 0 0 0
2515313 0 78 0.0000000000 0.0000000000 0.0000000000 0 0 0
2518028 0 93 0.0000000000 0.0000000000 0.0000000000 0 0 0
2523644 0 93 0.0000000000 0.0000000000 0.0000000000 0 0 0
2524892 1 125 0.0000000000 0.0000000000 0.0000000000 0 0 0
2525906 0 109 0.0000000000 0.0000000000 0.0000000000 0 0 0
2528027 0 78 0.0000000000 0.0000000000 0.0000000000 0 0 0
2537091 4 10390 0.0000000000 0.0000000000 0.0000000000 0 0 0
2550429 0 78 0.0000000000 0.0000000000 0.0000000000 0 0 0
2557699 0 78 0.0000000000 0.0000000000 0.0000000000 0 0 0
2560226 0 78 0.0000000000 0.0000000000 0.0000000000 0 0 0
2560678 4 5492 0.0000000000 0.0000000000 0.0000000000 0 0 0
2566575 0 94 0.0000000000 0.0000000000 0.0000000000 0 0 0
2569976 0 94 0.0000000000 0.0000000000 0.0000000000 0 0 0
2570070 4 7363 0.0000000000 0.0000000000 0.0000000000 0 0 0
2577433 0 109 0.0000000000 0.0000000000 0.0000000000 0 0 0
2584328 4 6490 0.0000000000 0.0000000000 0.0000000000 0 0 0
2591567 4 17019 0.0000000000 0.0000000000 0.0000000000 0 0 0
2608649 4 25537 0.0000000000 0.0000000000 0.0000000000 0 0 0
2636932 4 6661 0.0000000000 0.0000000000 0.0000000000 0 0 0
2646994 4 9625 0.0000000000 0.0000000000 0.0000000000 0 0 0
2662797 0 109 0.0000000000 0.0000000000 0.0000000000 0 0 0
2669676 0 125 0.0000000000 0.0000000000 0.0000000000 0 0 0
2671314 0 94 0.0000000000 0.0000000000 0.0000000000 0 0 0
2673935 0 125 0.0000000000 0.0000000000 0.0000000000 0 0 0
2674980 0 94 0.0000000000 0.0000000000 0.0000000000 0 0 0
2676166 4 15288 0.0000000000 0.0000000000 0.0000000000 0 0 0
2694777 0 109 0.0000000000 0.0000000000 0.0000000000 0 0 0
2699816 0 109 0.0000000000 0.0000000000 0.0000000000 0 0 0
2705947 0 109 0.0000000000 0.0000000000 0.0000000000 0 0 0
2712015 0 94 0.0000000000 0.0000000000 0.0000000000 0 0 0
2712623 4 10203 0.0000000000 0.0000000000 0.0000000000 0 0 0
2734932 0 109 0.0000000000 0.0000000000 0.0000000000 0 0 0
2736819 0 94 0.0000000000 0.0000000000 0.0000000000 0 0 0
2746351 3 2387 0.0000000000 0.0000000000 0.0000000000 0 0 0
2749939 0 109 0.0000000000 0.0000000000 0.0000000000 0 0 0
2750766 0 125 0.0000000000 0.0000000000 0.0000000000 0 0 0
2750891 4 5226 0.0000000000 0.0000000000 0.0000000000 0 0 0
2756117 0 109 0.0000000000 0.0000000000 0.0000000000 0 0 0
2757692 1 125 0.0000000000 0.0000000000 0.0000000000 0 0 0
2758020 0 93 0.0000000000 0.0000000000 0.0000000000 0 0 0
2762669 0 78 0.0000000000 0.0000000000 0.0000000000 0 0 0
2763121 4 7769 0.0000000000 0.0000000000 0.0000000000 0 0 0
2771498 3 359 0.0000000000 0.0000000000 0.0000000000 0 0 0
2772372 4 6224 0.0000000000 0.0000000000 0.0000000000 0 0 0
2790655 4 6615 0.0000000000 0.0000000000 0.0000000000 0 0 0
2798112 0 109 0.0000000000 0.0000000000 0.0000000000 0 0 0
2798783 0 93 0.0000000000 0.0000000000 0.0000000000 0 0 0
2802433 4 9750 0.0000000000 0.0000000000 0.0000000000 0 0 0
2813260 0 78 0.0000000000 0.0000000000 0.0000000000 0 0 0
2816458 0 93 0.0000000000 0.0000000000 0.0000000000 0 0 0
2818096 4 6895 0.0000000000 0.0000000000 0.0000000000 0 0 0
2836239 0 93 0.0000000000 0.0000000000 0.0000000000 0 0 0
2837721 0 124 0.0000000000 0.0000000000 0.0000000000 0 0 0
2839171 4 7192 0.0000000000 0.0000000000 0.0000000000 0 0 0
2848157 0 109 0.0000000000 0.0000000000 0.0000000000 0 0 0
2852744 0 93 0.0000000000 0.0000000000 0.0000000000 0 0 0
2853414 4 9126 0.0000000000 0.0000000000 0.0000000000 0 0 0
2874802 0 109 0.0000000000 0.0000000000 0.0000000000 0 0 0
2882711 0 94 0.0000000000 0.0000000000 0.0000000000 0 0 0
2885551 0 78 0.0000000000 0.0000000000 0.0000000000 0 0 0
2888047 0 93 0.0000000000 0.0000000000 0.0000000000 0 0 0
2890589 0 94 0.0000000000 0.0000000000 0.0000000000 0 0 0
2891447 0 78 0.0000000000 0.0000000000 0.0000000000 0 0 0
2903600 0 109 0.0000000000 0.0000000000 0.0000000000 0 0 0
2905519 0 93 0.0000000000 0.0000000000 0.0000000000 0 0 0
2907063 4 12761 0.0000000000 0.0000000000 0.0000000000 0 0 0
2919824 0 125 0.0000000000 0.0000000000 0.0000000000 0 0 0
2921602 0 125 0.0000000000 0.0000000000 0.0000000000 0 0 0
2924722 0 94 0.0000000000 0.0000000000 0.0000000000 0 0 0
2929496 0 94 0.0000000000 0.0000000000 0.0000000000 0 0 0
2931103 0 93 0.0000000000 0.0000000000 0.0000000000 0 0 0
2933786 0 125 0.0000000000 0.0000000000 0.0000000000 0 0 0
2939277 0 110 0.0000000000 0.0000000000 0.0000000000 0 0 0
2943255 0 94 0.0000000000 0.0000000000 0.0000000000 0 0 0
2947811 0 109 0.0000000000 0.0000000000 0.0000000000 0 0 0
2949464 0 78 0.0000000000 0.0000000000 0.0000000000 0 0 0
2952662 0 109 0.0000000000 0.0000000000 0.0000000000 0 0 0
2957701 0 125 0.0000000000 0.0000000000 0.0000000000 0 0 0
2958590 0 78 0.0000000000 0.0000000000 0.0000000000 0 0 0
2963083 0 109 0.0000000000 0.0000000000 0.0000000000 0 0 0
2964877 0 109 0.0000000000 0.0000000000 0.0000000000 0 0 0
2968169 0 124 0.0000000000 0.0000000000 0.0000000000 0 0 0
2982630 0 78 0.0000000000 0.0000000000 0.0000000000 0 0 0
2990742 0 109 0.0000000000 0.0000000000 0.0000000000 0 0 0
2994704 0 94 0.0000000000 0.0000000000 0.0000000000 0 0 0
2995656 0 109 0.0000000000 0.0000000000 0.0000000000 0 0 0
2996966 4 13510 0.0000000000 0.0000000000 0.0000000000 0 0 0
3010476 0 109 0.0000000000 0.0000000000 0.0000000000 0 0 0
3011974 0 109 0.0000000000 0.0000000000 0.0000000000 0 0 0
3016513 0 78 0.0000000000 0.0000000000 0.0000000000 0 0 0
3018385 0 94 0.0000000000 0.0000000000 0.0000000000 0 0 0
3020897 0 94 0.0000000000 0.0000000000 0.0000000000 0 0 0
3024766 0 109 0.0000000000 0.0000000000 0.0000000000 0 0 0
3026263 0 110 0.0000000000 0.0000000000 0.0000000000 0 0 0
3027979 0 110 0.0000000000 0.0000000000 0.0000000000 0 0 0
3035171 0 78 0.0000000000 0.0000000000 0.0000000000 0 0 0
3036560 0 93 0.0000000000 0.0000000000 0.0000000000 0 0 0
3039555 0 125 0.0000000000 0.0000000000 0.0000000000 0 0 0
3041442 0 110 0.0000000000 0.0000000000 0.0000000000 0 0 0
3044781 0 109 0.0000000000 0.0000000000 0.0000000000 0 0 0
3046278 0 110 0.0000000000 0.0000000000 0.0000000000 0 0 0
3049664 0 78 0.0000000000 0.0000000000 0.0000000000 0 0 0
3053922 0 110 0.0000000000 0.0000000000 0.0000000000 0 0 0
3057261 0 109 0.0000000000 0.0000000000 0.0000000000 0 0 0
3057370 4 9235 0.0000000000 0.0000000000 0.0000000000 0 0 0
3066605 0 125 0.0000000000 0.0000000000 0.0000000000 0 0 0
3066730 4 10827 0.0000000000 0.0000000000 0.0000000000 0 0 0
3079351 4 5662 0.0000000000 0.0000000000 0.0000000000 0 0 0
3086979 0 94 0.0000000000 0.0000000000 0.0000000000 0 0 0
3091612 0 94 0.0000000000 0.0000000000 0.0000000000 0 0 0
3092439 0 109 0.0000000000 0.0000000000 0.0000000000 0 0 0
3093796 0 94 0.0000000000 0.0000000000 0.0000000000 0 0 0
3096885 1 109 0.0000000000 0.0000000000 0.0000000000 0 0 0
3098305 0 109 0.0000000000 0.0000000000 0.0000000000 0 0 0
3104623 0 78 0.0000000000 0.0000000000 0.0000000000 0 0 0
3107103 0 94 0.0000000000 0.0000000000 0.0000000000 0 0 0
3107790 0 78 0.0000000000 0.0000000000 0.0000000000 0 0 0
3108492 0 109 0.0000000000 0.0000000000 0.0000000000 0 0 0
3110301 4 19391 0.0000000000 0.0000000000 0.0000000000 0 0 0
3133655 0 124 0.0000000000 0.0000000000 0.0000000000 0 0 0
3134450 0 109 0.0000000000 0.0000000000 0.0000000000 0 0 0
3135511 0 94 0.0000000000 0.0000000000 0.0000000000 0 0 0
3138990 4 6848 0.0000000000 0.0000000000 0.0000000000 0 0 0
3151376 0 109 0.0000000000 0.0000000000 0.0000000000 0 0 0
3156353 0 78 0.0000000000 0.0000000000 0.0000000000 0 0 0
3157351 0 109 0.0000000000 0.0000000000 0.0000000000 0 0 0
3164449 4 9984 0.0000000000 0.0000000000 0.0000000000 0 0 0
3175962 4 13853 0.0000000000 0.0000000000 0.0000000000 0 0 0
3197849 0 94 0.0000000000 0.0000000000 0.0000000000 0 0 0
3216897 4 7004 0.0000000000 0.0000000000 0.0000000000 0 0 0
3234338 4 11200 0.0000000000 0.0000000000 0.0000000000 0 0 0
3255086 0 109 0.0000000000 0.0000000000 0.0000000000 0 0 0
3260093 0 94 0.0000000000 0.0000000000 0.0000000000 0 0 0
3261544 4 9204 0.0000000000 0.0000000000 0.0000000000 0 0 0
3271669 0 124 0.0000000000 0.0000000000 0.0000000000 0 0 0
3275428 0 78 0.0000000000 0.0000000000 0.0000000000 0 0 0
3277472 4 9828 0.0000000000 0.0000000000 0.0000000000 0 0 0
3287300 0 125 0.0000000000 0.0000000000 0.0000000000 0 0 0
3288751 4 6411 0.0000000000 0.0000000000 0.0000000000 0 0 0
3301917 4 8268 0.0000000000 0.0000000000 0.0000000000 0 0 0
3313274 0 109 0.0000000000 0.0000000000 0.0000000000 0 0 0
3316160 4 12262 0.0000000000 0.0000000000 0.0000000000 0 0 0
3329217 0 110 0.0000000000 0.0000000000 0.0000000000 0 0 0
3330356 4 13120 0.0000000000 0.0000000000 0.0000000000 0 0 0
3347594 4 26208 0.0000000000 0.0000000000 0.0000000000 0 0 0
3381977 0 125 0.0000000000 0.0000000000 0.0000000000 0 0 0
3391087 0 78 0.0000000000 0.0000000000 0.0000000000 0 0 0
3395346 0 109 0.0000000000 0.0000000000 0.0000000000 0 0 0
3402257 0 109 0.0000000000 0.0000000000 0.0000000000 0 0 0
3402366 4 7473 0.0000000000 0.0000000000 0.0000000000 0 0 0
3409995 4 5803 0.0000000000 0.0000000000 0.0000000000 0 0 0
3415798 0 125 0.0000000000 0.0000000000 0.0000000000 0 0 0
3415923 4 15257 0.0000000000 0.0000000000 0.0000000000 0 0 0
3431180 0 93 0.0000000000 0.0000000000 0.0000000000 0 0 0
3435610 0 109 0.0000000000 0.0000000000 0.0000000000 0 0 0
3435719 4 13089 0.0000000000 0.0000000000 0.0000000000 0 0 0
3448808 0 125 0.0000000000 0.0000000000 0.0000000000 0 0 0
3448933 4 8907 0.0000000000 0.0000000000 0.0000000000 0 0 0
3457840 0 94 0.0000000000 0.0000000000 0.0000000000 0 0 0
3457934 4 9001 0.0000000000 0.0000000000 0.0000000000 0 0 0
3467075 4 23338 0.0000000000 0.0000000000 0.0000000000 0 0 0
3490413 0 109 0.0000000000 0.0000000000 0.0000000000 0 0 0
3490522 4 12699 0.0000000000 0.0000000000 0.0000000000 0 0 0
3503221 0 109 0.0000000000 0.0000000000 0.0000000000 0 0 0
3503330 4 22511 0.0000000000 0.0000000000 0.0000000000 0 0 0
3525841 0 125 0.0000000000 0.0000000000 0.0000000000 0 0 0
3525966 4 16349 0.0000000000 0.0000000000 0.0000000000 0 0 0
3542346 4 8876 0.0000000000 0.0000000000 0.0000000000 0 0 0
3551222 0 125 0.0000000000 0.0000000000 0.0000000000 0 0 0
3557150 4 6365 0.0000000000 0.0000000000 0.0000000000 0 0 0
3563515 0 125 0.0000000000 0.0000000000 0.0000000000 0 0 0
3563640 4 10983 0.0000000000 0.0000000000 0.0000000000 0 0 0
3574623 0 93 0.0000000000 0.0000000000 0.0000000000 0 0 0
3577493 1 94 0.0000000000 0.0000000000 0.0000000000 0 0 0
