89.1409395973 13.3245598208
125.0000000000 16.0000000000
536.9090909091 75.9514851677
89.4545454545 25.7624237862
365.0909090909 85.6010349825
82.3636363636 20.2900455991
0.2101828148 0.2083955634
0.0001158482 0.0002078498
0.0000001027 0.0000002633

891 0 78 0.7821573478 0.0008778421 0.0000009852 0 0 0
2750 4 15063 0.0000000000 0.0000000000 0.0000000000 0 0 0
18672 0 94 0.0145277390 0.0000009124 0.0000000001 0 0 0
21188 0 109 0.6259925162 0.0004452294 0.0000003167 0 0 0
25422 0 78 0.2815937906 0.0000665077 0.0000000157 0 0 0
26391 0 94 0.4866276091 0.0005021957 0.0000005183 0 0 0
30907 0 93 0.2675119727 0.0001541856 0.0000000889 0 0 0
33844 0 110 0.3673324185 0.0001250706 0.0000000426 0 0 0
46579 0 78 0.1712805215 0.0000320510 0.0000000060 0 0 0
55000 0 79 0.0713479128 0.0000084726 0.0000000010 0 0 0
57500 4 8547 0.0000000000 0.0000000000 0.0000000000 0 0 0
69797 0 94 0.2016830813 0.0000164010 0.0000000013 0 0 0
71688 4 21812 0.0000000000 0.0000000000 0.0000000000 0 0 0
94329 4 8046 0.0000000000 0.0000000000 0.0000000000 0 0 0
105907 4 8922 0.0000000000 0.0000000000 0.0000000000 0 0 0
116047 4 6328 0.0000000000 0.0000000000 0.0000000000 0 0 0
123985 4 23172 0.0000000000 0.0000000000 0.0000000000 0 0 0
158829 0 109 0.0629928088 0.0000018079 0.0000000001 0 0 0
161766 0 78 0.1911954915 0.0000650989 0.0000000222 0 0 0
164688 0 78 0.2168590820 0.0000742160 0.0000000254 0 0 0
165094 4 12844 0.0000000000 0.0000000000 0.0000000000 0 0 0
180313 0 78 0.0454296253 0.0000029851 0.0000000002 0 0 0
182844 0 78 0.2838784799 0.0001121606 0.0000000443 0 0 0
183563 0 78 0.0000000000 0.0000000000 0.0000000000 0 0 0
184360 0 94 0.0910404412 0.0001142289 0.0000001433 0 0 0
185000 0 94 0.0487528240 0.0000761763 0.0000001190 0 0 0
185657 0 78 0.2287974231 0.0003482457 0.0000005301 0 0 0
187204 4 9171 0.0000000000 0.0000000000 0.0000000000 0 0 0
197047 4 12000 0.0000000000 0.0000000000 0.0000000000 0 0 0
210219 4 7469 0.0000000000 0.0000000000 0.0000000000 0 0 0
221344 3 969 0.0374705783 0.0000033681 0.0000000003 0 0 0
222313 4 7297 0.0000000000 0.0000000000 0.0000000000 0 0 0
230719 3 1156 0.0334510945 0.0000039794 0.0000000005 0 0 0
232047 4 16750 0.0000000000 0.0000000000 0.0000000000 0 0 0
251219 0 94 0.0274836545 0.0000014335 0.0000000001 0 0 0
256688 0 78 0.0904097192 0.0000165313 0.0000000030 0 0 0
262375 0 79 0.1142863880 0.0000200961 0.0000000035 0 0 0
266516 0 78 0.2881894168 0.0000695942 0.0000000168 0 0 0
271391 0 78 0.6035367603 0.0001238024 0.0000000254 0 0 0
273047 0 78 0.1701016174 0.0001027184 0.0000000620 0 0 0
275532 0 93 0.1179362871 0.0001640282 0.0000002281 0 0 0
279657 4 10672 0.0000000000 0.0000000000 0.0000000000 0 0 0
291438 0 94 0.0566454335 0.0000048082 0.0000000004 0 0 0
300938 0 78 0.1268033823 0.0000731277 0.0000000422 0 0 0
301235 4 7937 0.0000000000 0.0000000000 0.0000000000 0 0 0
311375 4 5094 0.0000000000 0.0000000000 0.0000000000 0 0 0
319000 4 12157 0.0000000000 0.0000000000 0.0000000000 0 0 0
331829 0 93 0.0091260854 0.0000007114 0.0000000001 0 0 0
333313 4 9484 0.0000000000 0.0000000000 0.0000000000 0 0 0
350235 4 21047 0.0000000000 0.0000000000 0.0000000000 0 0 0
372422 4 18985 0.0000000000 0.0000000000 0.0000000000 0 0 0
391891 4 13234 0.0000000000 0.0000000000 0.0000000000 0 0 0
406922 4 27344 0.0000000000 0.0000000000 0.0000000000 0 0 0
435235 4 17047 0.0000000000 0.0000000000 0.0000000000 0 0 0
453125 4 12250 0.0000000000 0.0000000000 0.0000000000 0 0 0
465829 4 10078 0.0000000000 0.0000000000 0.0000000000 0 0 0
492641 0 78 0.3959626379 0.0002203465 0.0000001226 0 0 0
493969 2 531 0.1603315150 0.0001207316 0.0000000909 94 375 62
495438 0 78 0.0577787980 0.0000393321 0.0000000268 0 0 0
497063 0 94 0.8089859536 0.0010561174 0.0000013787 0 0 0
498360 0 94 0.6054186250 0.0004667838 0.0000003599 0 0 0
499782 0 93 0.2575892736 0.0001811458 0.0000001274 0 0 0
515766 0 94 0.1239707203 0.0000077559 0.0000000005 0 0 0
516422 4 5735 0.0000000000 0.0000000000 0.0000000000 0 0 0
524125 4 7422 0.0000000000 0.0000000000 0.0000000000 0 0 0
538860 4 6469 0.0000000000 0.0000000000 0.0000000000 0 0 0
545360 4 13859 0.0000000000 0.0000000000 0.0000000000 0 0 0
559750 4 5954 0.0000000000 0.0000000000 0.0000000000 0 0 0
582579 0 78 0.2713421265 0.0000611406 0.0000000138 0 0 0
629094 0 78 0.2093332791 0.0000047814 0.0000000001 0 0 0
633032 0 93 0.3026600690 0.0000768563 0.0000000195 0 0 0
639750 0 79 0.1348270961 0.0000237079 0.0000000042 0 0 0
643250 0 79 0.3031592782 0.0000866169 0.0000000247 0 0 0
644282 0 78 0.3949499378 0.0003827034 0.0000003708 0 0 0
654032 0 78 0.3879806688 0.0002821678 0.0000002052 0 0 0
656688 0 78 0.1354591400 0.0000510012 0.0000000192 0 0 0
663532 0 78 0.5080531309 0.0000742334 0.0000000108 0 0 0
676594 4 8219 0.0000000000 0.0000000000 0.0000000000 0 0 0
689047 4 5469 0.0000000000 0.0000000000 0.0000000000 0 0 0
706297 4 21188 0.0000000000 0.0000000000 0.0000000000 0 0 0
730250 0 110 0.0109801175 0.0000004584 0.0000000000 0 0 0
736219 0 94 0.2848776042 0.0000477262 0.0000000080 0 0 0
738954 0 109 0.1734453460 0.0000634169 0.0000000232 0 0 0
740797 0 110 0.6864146592 0.0003724442 0.0000002021 0 0 0
746563 0 109 0.0104004704 0.0000018038 0.0000000003 0 0 0
754719 0 110 0.1527149062 0.0000187242 0.0000000023 0 0 0
758063 0 109 0.1306527379 0.0000390708 0.0000000117 0 0 0
760594 3 1516 0.5938986155 0.0002346498 0.0000000927 0 0 0
762313 4 10719 0.0000000000 0.0000000000 0.0000000000 0 0 0
783047 0 110 0.0458182739 0.0000056503 0.0000000007 0 0 0
790922 0 110 0.1616880973 0.0000205318 0.0000000026 0 0 0
795172 0 78 0.1461497521 0.0000343882 0.0000000081 0 0 0
797219 0 94 0.1470741638 0.0000718486 0.0000000351 0 0 0
810188 1 109 0.1276681921 0.0000131359 0.0000000014 0 0 0
810704 0 78 0.1158130650 0.0002244439 0.0000004350 0 0 0
811469 4 7485 0.0000000000 0.0000000000 0.0000000000 0 0 0
821250 3 1266 0.0615975358 0.0000062977 0.0000000006 0 0 0
823625 0 94 0.0732070719 0.0000756271 0.0000000781 0 0 0
824219 2 500 0.4881609581 0.0008218198 0.0000013835 94 312 94
830438 0 109 0.1290155374 0.0000207454 0.0000000033 0 0 0
836188 0 78 0.1794382536 0.0000312067 0.0000000054 0 0 0
873625 0 79 0.1226902740 0.0000071191 0.0000000004 0 0 0
876188 0 94 0.2137853837 0.0000834122 0.0000000325 0 0 0
885688 4 6641 0.0000000000 0.0000000000 0.0000000000 0 0 0
894782 0 93 0.0468207426 0.0000051485 0.0000000006 0 0 0
899344 0 78 0.1314135741 0.0000429176 0.0000000140 0 0 0
902360 0 94 0.1516657131 0.0000502870 0.0000000167 0 0 0
903969 0 94 0.2387068365 0.0001483573 0.0000000922 0 0 0
904829 0 93 0.2791170719 0.0003245547 0.0000003774 0 0 0
906594 0 94 0.1024886153 0.0000580672 0.0000000329 0 0 0
908704 4 7203 0.0000000000 0.0000000000 0.0000000000 0 0 0
916657 0 93 0.0614924546 0.0000077320 0.0000000010 0 0 0
917079 4 6140 0.0000000000 0.0000000000 0.0000000000 0 0 0
927954 0 93 0.0620283423 0.0000057038 0.0000000005 0 0 0
935844 4 7235 0.0000000000 0.0000000000 0.0000000000 0 0 0
943719 4 35531 0.0000000000 0.0000000000 0.0000000000 0 0 0
984875 4 5969 0.0000000000 0.0000000000 0.0000000000 0 0 0
993125 4 8000 0.0000000000 0.0000000000 0.0000000000 0 0 0
1002500 0 94 0.0691896400 0.0000073802 0.0000000008 0 0 0
1009704 0 93 0.1529822349 0.0000212357 0.0000000029 0 0 0
1010579 4 10890 0.0000000000 0.0000000000 0.0000000000 0 0 0
1021485 4 21906 0.0000000000 0.0000000000 0.0000000000 0 0 0
1047235 4 9297 0.0000000000 0.0000000000 0.0000000000 0 0 0
1057454 0 93 0.0994330238 0.0000097302 0.0000000010 0 0 0
1072219 4 8844 0.0000000000 0.0000000000 0.0000000000 0 0 0
1082891 0 94 0.4954997396 0.0003963998 0.0000003171 0 0 0
1083985 0 109 0.0915745367 0.0000837062 0.0000000765 0 0 0
1126391 4 7891 0.0000000000 0.0000000000 0.0000000000 0 0 0
1134297 4 13782 0.0000000000 0.0000000000 0.0000000000 0 0 0
1155079 4 5468 0.0000000000 0.0000000000 0.0000000000 0 0 0
1164110 4 11437 0.0000000000 0.0000000000 0.0000000000 0 0 0
1181157 0 93 0.0517180083 0.0000030338 0.0000000002 0 0 0
1182375 0 79 0.9966563469 0.0008182729 0.0000006718 0 0 0
1183360 4 11734 0.0000000000 0.0000000000 0.0000000000 0 0 0
1195985 0 94 0.0303478119 0.0000024038 0.0000000002 0 0 0
1197204 0 109 0.2723668080 0.0002234346 0.0000001833 0 0 0
1201250 0 94 0.1833496997 0.0000453163 0.0000000112 0 0 0
1213735 0 109 0.0462239409 0.0000037024 0.0000000003 0 0 0
1229797 4 6094 0.0000000000 0.0000000000 0.0000000000 0 0 0
1239500 0 110 0.0398054552 0.0000041024 0.0000000004 0 0 0
1259235 0 78 0.1265185068 0.0000109417 0.0000000009 0 0 0
1263594 3 188 0.1888144671 0.0000433160 0.0000000099 0 0 0
1264500 3 297 0.3558335557 0.0003927523 0.0000004335 0 0 0
1264875 4 12766 0.0000000000 0.0000000000 0.0000000000 0 0 0
1278141 3 1141 0.0238110643 0.0000017949 0.0000000001 0 0 0
1279282 4 5078 0.0000000000 0.0000000000 0.0000000000 0 0 0
1287313 0 109 0.1212783955 0.0000151013 0.0000000019 0 0 0
1294141 0 109 0.2001164572 0.0000293082 0.0000000043 0 0 0
1295313 4 141828 0.0000000000 0.0000000000 0.0000000000 0 0 0
1446719 4 8531 0.0000000000 0.0000000000 0.0000000000 0 0 0
1474438 3 1109 0.0129973045 0.0000004689 0.0000000000 0 0 0
1477297 0 94 0.3376707290 0.0001181080 0.0000000413 0 0 0
1477907 0 93 0.4886393035 0.0008010480 0.0000013132 0 0 0
1478500 0 94 0.2661648697 0.0004488446 0.0000007569 0 0 0
1491125 0 110 0.1134135710 0.0000295117 0.0000000077 0 0 0
1503891 0 78 0.0727860475 0.0000057016 0.0000000004 0 0 0
1510297 0 63 0.1496821021 0.0000233659 0.0000000036 0 0 0
1513719 0 63 0.2278692342 0.0000665895 0.0000000195 0 0 0
1516750 4 7813 0.0000000000 0.0000000000 0.0000000000 0 0 0
1526657 0 93 0.0351418257 0.0000035472 0.0000000004 0 0 0
1532688 0 94 0.3358848971 0.0000556931 0.0000000092 0 0 0
1538157 0 78 0.2044434952 0.0000373822 0.0000000068 0 0 0
1542704 4 6234 0.0000000000 0.0000000000 0.0000000000 0 0 0
1550250 0 79 0.0873864991 0.0000115805 0.0000000015 0 0 0
1551610 4 8140 0.0000000000 0.0000000000 0.0000000000 0 0 0
1560594 0 78 0.0419534440 0.0000046698 0.0000000005 0 0 0
1564954 0 78 0.1488683129 0.0000341441 0.0000000078 0 0 0
1568250 0 94 0.2213693229 0.0000671630 0.0000000204 0 0 0
1571766 0 94 0.1985792993 0.0000564788 0.0000000161 0 0 0
1577907 0 78 0.5132080562 0.0002691180 0.0000001411 0 0 0
1580407 0 78 0.6883440174 0.0002753376 0.0000001101 0 0 0
1582594 4 5703 0.0000000000 0.0000000000 0.0000000000 0 0 0
1607797 4 13860 0.0000000000 0.0000000000 0.0000000000 0 0 0
1622579 4 8765 0.0000000000 0.0000000000 0.0000000000 0 0 0
1631360 4 7812 0.0000000000 0.0000000000 0.0000000000 0 0 0
1646391 4 9828 0.0000000000 0.0000000000 0.0000000000 0 0 0
1657532 4 27031 0.0000000000 0.0000000000 0.0000000000 0 0 0
1702860 4 8156 0.0000000000 0.0000000000 0.0000000000 0 0 0
1712547 4 9485 0.0000000000 0.0000000000 0.0000000000 0 0 0
1725110 3 187 0.1217295381 0.0000096895 0.0000000008 0 0 0
1726657 4 7375 0.0000000000 0.0000000000 0.0000000000 0 0 0
1744688 4 28547 0.0000000000 0.0000000000 0.0000000000 0 0 0
1775329 0 78 0.0195131251 0.0000006368 0.0000000000 0 0 0
1779844 0 78 0.5537957614 0.0001625942 0.0000000477 0 0 0
1789782 4 15656 0.0000000000 0.0000000000 0.0000000000 0 0 0
1807032 4 10484 0.0000000000 0.0000000000 0.0000000000 0 0 0
1819125 4 10282 0.0000000000 0.0000000000 0.0000000000 0 0 0
1830875 1 141 0.0442979546 0.0000037700 0.0000000003 0 0 0
1832782 0 93 0.1158662970 0.0000607584 0.0000000319 0 0 0
1849000 4 18204 0.0000000000 0.0000000000 0.0000000000 0 0 0
1867532 4 10765 0.0000000000 0.0000000000 0.0000000000 0 0 0
1889891 4 11453 0.0000000000 0.0000000000 0.0000000000 0 0 0
1903719 4 11719 0.0000000000 0.0000000000 0.0000000000 0 0 0
1926750 4 6219 0.0000000000 0.0000000000 0.0000000000 0 0 0
1933485 4 11672 0.0000000000 0.0000000000 0.0000000000 0 0 0
1949797 0 78 0.1292392276 0.0000079230 0.0000000005 0 0 0
1954250 0 94 0.2600131386 0.0000583906 0.0000000131 0 0 0
1964844 0 63 0.2356980287 0.0000222483 0.0000000021 0 0 0
1984454 0 93 0.1457832981 0.0000074341 0.0000000004 0 0 0
1998657 4 5203 0.0000000000 0.0000000000 0.0000000000 0 0 0
2010657 4 7375 0.0000000000 0.0000000000 0.0000000000 0 0 0
2023860 0 78 0.0974273169 0.0000073792 0.0000000006 0 0 0
2025141 0 63 0.9554861017 0.0007458908 0.0000005823 0 0 0
2027922 2 657 0.4291393391 0.0001543112 0.0000000555 78 469 110
2030344 0 63 0.3955544041 0.0001633173 0.0000000674 0 0 0
2035672 0 63 0.2760375955 0.0000518089 0.0000000097 0 0 0
2036704 0 62 0.7946360582 0.0007699962 0.0000007461 0 0 0
2037360 0 62 0.7878756380 0.0012010299 0.0000018308 0 0 0
2037750 4 7844 0.0000000000 0.0000000000 0.0000000000 0 0 0
2049547 0 94 0.0596610360 0.0000050573 0.0000000004 0 0 0
2054954 0 109 0.2989388941 0.0000552874 0.0000000102 0 0 0
2058125 0 79 0.2594246135 0.0000818116 0.0000000258 0 0 0
2065344 0 94 0.2215781270 0.0001058157 0.0000000505 0 0 0
2069844 0 94 0.0787829173 0.0000175073 0.0000000039 0 0 0
2072797 4 8016 0.0000000000 0.0000000000 0.0000000000 0 0 0
2087094 4 13922 0.0000000000 0.0000000000 0.0000000000 0 0 0
2112625 0 63 0.0710101423 0.0000027813 0.0000000001 0 0 0
2114579 0 93 0.2658661569 0.0001360625 0.0000000696 0 0 0
2120375 0 110 0.1254710502 0.0000306550 0.0000000075 0 0 0
2122766 4 16031 0.0000000000 0.0000000000 0.0000000000 0 0 0
2141469 4 6610 0.0000000000 0.0000000000 0.0000000000 0 0 0
2151922 2 610 0.7277207341 0.0003583066 0.0000001764 47 469 94
2152875 2 485 0.0061158732 0.0000064175 0.0000000067 79 328 78
2153704 2 468 0.0012062726 0.0000014551 0.0000000018 62 344 62
2154860 2 515 0.0000000000 0.0000000000 0.0000000000 78 359 78
2155860 0 94 0.0000000000 0.0000000000 0.0000000000 0 0 0
2156610 0 78 0.0040000000 0.0000053333 0.0000000071 0 0 0
2166735 0 94 0.2034434376 0.0000200932 0.0000000020 0 0 0
2171407 0 93 0.1303616987 0.0000279028 0.0000000060 0 0 0
2192360 0 94 0.0675186363 0.0000032224 0.0000000002 0 0 0
2192969 4 7047 0.0000000000 0.0000000000 0.0000000000 0 0 0
2200985 0 78 0.0728297769 0.0000090856 0.0000000011 0 0 0
2219641 0 78 0.0477190031 0.0000025578 0.0000000001 0 0 0
2222454 3 234 0.2962431173 0.0001053122 0.0000000374 0 0 0
2222938 4 17656 0.0000000000 0.0000000000 0.0000000000 0 0 0
2248157 0 78 0.0958192039 0.0000037995 0.0000000002 0 0 0
2248625 4 6329 0.0000000000 0.0000000000 0.0000000000 0 0 0
2257141 4 6609 0.0000000000 0.0000000000 0.0000000000 0 0 0
2267547 0 110 0.1330840218 0.0000127892 0.0000000012 0 0 0
2267907 4 6047 0.0000000000 0.0000000000 0.0000000000 0 0 0
2279594 4 54610 0.0000000000 0.0000000000 0.0000000000 0 0 0
2335407 4 35672 0.0000000000 0.0000000000 0.0000000000 0 0 0
2371891 0 78 0.0128837479 0.0000003531 0.0000000000 0 0 0
2389032 4 6484 0.0000000000 0.0000000000 0.0000000000 0 0 0
2412985 4 6469 0.0000000000 0.0000000000 0.0000000000 0 0 0
2426438 0 109 0.0393343021 0.0000029238 0.0000000002 0 0 0
2433407 3 281 0.1609103833 0.0000230895 0.0000000033 0 0 0
2433688 4 11453 0.0000000000 0.0000000000 0.0000000000 0 0 0
2452391 3 375 0.0483462524 0.0000025849 0.0000000001 0 0 0
2452891 4 7281 0.0000000000 0.0000000000 0.0000000000 0 0 0
2462813 4 6922 0.0000000000 0.0000000000 0.0000000000 0 0 0
2478938 4 5812 0.0000000000 0.0000000000 0.0000000000 0 0 0
2487438 0 94 0.0846263700 0.0000099560 0.0000000012 0 0 0
2494657 4 22828 0.0000000000 0.0000000000 0.0000000000 0 0 0
2517735 4 14656 0.0000000000 0.0000000000 0.0000000000 0 0 0
2540688 3 281 0.1861425662 0.0000266527 0.0000000038 0 0 0
2543875 4 21610 0.0000000000 0.0000000000 0.0000000000 0 0 0
2575157 0 109 0.0395990608 0.0000012659 0.0000000000 0 0 0
2605094 0 94 0.0504797516 0.0000016862 0.0000000001 0 0 0
2616032 4 5547 0.0000000000 0.0000000000 0.0000000000 0 0 0
2624532 4 27406 0.0000000000 0.0000000000 0.0000000000 0 0 0
2666266 4 5953 0.0000000000 0.0000000000 0.0000000000 0 0 0
2675000 4 8407 0.0000000000 0.0000000000 0.0000000000 0 0 0
2686719 4 12750 0.0000000000 0.0000000000 0.0000000000 0 0 0
2714922 4 14266 0.0000000000 0.0000000000 0.0000000000 0 0 0
2787266 4 6578 0.0000000000 0.0000000000 0.0000000000 0 0 0
2799750 0 79 0.3266168230 0.0002349761 0.0000001690 0 0 0
2802860 0 94 0.1189380085 0.0000724790 0.0000000442 0 0 0
2809938 4 11281 0.0000000000 0.0000000000 0.0000000000 0 0 0
2821860 2 406 0.0255869106 0.0000021462 0.0000000002 109 219 78
2827407 4 16125 0.0000000000 0.0000000000 0.0000000000 0 0 0
2850157 4 18000 0.0000000000 0.0000000000 0.0000000000 0 0 0
2873250 4 78579 0.0000000000 0.0000000000 0.0000000000 0 0 0
2952422 4 77907 0.0000000000 0.0000000000 0.0000000000 0 0 0
3031579 4 24218 0.0000000000 0.0000000000 0.0000000000 0 0 0
3057860 0 109 0.0028449502 0.0000020234 0.0000000014 0 0 0
3060219 4 26141 0.0000000000 0.0000000000 0.0000000000 0 0 0
3102282 4 23093 0.0000000000 0.0000000000 0.0000000000 0 0 0
3131579 4 5484 0.0000000000 0.0000000000 0.0000000000 0 0 0
3140797 4 24969 0.0000000000 0.0000000000 0.0000000000 0 0 0
3166891 4 12625 0.0000000000 0.0000000000 0.0000000000 0 0 0
3181032 4 8500 0.0000000000 0.0000000000 0.0000000000 0 0 0
3189813 4 6594 0.0000000000 0.0000000000 0.0000000000 0 0 0
3205735 4 7109 0.0000000000 0.0000000000 0.0000000000 0 0 0
3219219 0 94 0.6637522208 0.0003570480 0.0000001921 0 0 0
3223985 3 750 0.1827138286 0.0000383369 0.0000000080 0 0 0
3225032 4 5515 0.0000000000 0.0000000000 0.0000000000 0 0 0
3232875 4 5313 0.0000000000 0.0000000000 0.0000000000 0 0 0
3252110 4 7578 0.0000000000 0.0000000000 0.0000000000 0 0 0
3264610 0 109 0.0799029638 0.0000063922 0.0000000005 0 0 0
3266110 0 94 0.7911535417 0.0005274357 0.0000003516 0 0 0
3277782 4 24453 0.0000000000 0.0000000000 0.0000000000 0 0 0
3305907 4 7156 0.0000000000 0.0000000000 0.0000000000 0 0 0
3313985 2 500 0.0785527686 0.0000097243 0.0000000012 140 235 125
3314922 4 8297 0.0000000000 0.0000000000 0.0000000000 0 0 0
3324391 0 109 0.0527185860 0.0000055675 0.0000000006 0 0 0
3327454 4 12265 0.0000000000 0.0000000000 0.0000000000 0 0 0
3346985 4 13984 0.0000000000 0.0000000000 0.0000000000 0 0 0
3363860 0 109 0.1345040069 0.0000079706 0.0000000005 0 0 0
3365344 0 110 0.0042022021 0.0000028317 0.0000000019 0 0 0
3370532 4 7906 0.0000000000 0.0000000000 0.0000000000 0 0 0
3382688 4 28719 0.0000000000 0.0000000000 0.0000000000 0 0 0
3418782 4 50922 0.0000000000 0.0000000000 0.0000000000 0 0 0
3471797 4 10813 0.0000000000 0.0000000000 0.0000000000 0 0 0
3483641 4 24547 0.0000000000 0.0000000000 0.0000000000 0 0 0
3511313 4 5797 0.0000000000 0.0000000000 0.0000000000 0 0 0
3518375 4 17438 0.0000000000 0.0000000000 0.0000000000 0 0 0
3541563 4 5469 0.0000000000 0.0000000000 0.0000000000 0 0 0
3550485 4 7390 0.0000000000 0.0000000000 0.0000000000 0 0 0
3557891 4 21453 0.0000000000 0.0000000000 0.0000000000 0 0 0
3586641 4 14188 0.0000000000 0.0000000000 0.0000000000 0 0 0
3601579 4 12359 0.0000000000 0.0000000000 0.0000000000 0 0 0
3618438 4 5359 0.0000000000 0.0000000000 0.0000000000 0 0 0
3630532 4 7187 0.0000000000 0.0000000000 0.0000000000 0 0 0
3647250 4 7547 0.0000000000 0.0000000000 0.0000000000 0 0 0
3705657 4 15375 0.0000000000 0.0000000000 0.0000000000 0 0 0
3725579 4 51125 0.0000000000 0.0000000000 0.0000000000 0 0 0
3778500 4 20219 0.0000000000 0.0000000000 0.0000000000 0 0 0
3799500 3 1344 0.0474718353 0.0000022606 0.0000000001 0 0 0
3803094 4 6875 0.0000000000 0.0000000000 0.0000000000 0 0 0
3814594 4 6985 0.0000000000 0.0000000000 0.0000000000 0 0 0
3841657 2 578 0.1586216808 0.0000058612 0.0000000002 78 437 63
3851485 0 94 0.2724868936 0.0000277256 0.0000000028 0 0 0
3867907 4 10390 0.0000000000 0.0000000000 0.0000000000 0 0 0
3882141 4 12750 0.0000000000 0.0000000000 0.0000000000 0 0 0
3906219 4 60969 0.0000000000 0.0000000000 0.0000000000 0 0 0
3983829 4 12171 0.0000000000 0.0000000000 0.0000000000 0 0 0
3997969 4 25500 0.0000000000 0.0000000000 0.0000000000 0 0 0
4032454 0 78 0.0983830111 0.0000028529 0.0000000001 0 0 0
4033719 2 656 0.0026989831 0.0000021336 0.0000000017 125 469 62
4034922 0 78 0.7113744929 0.0005913337 0.0000004915 0 0 0
4037532 0 62 0.3072344022 0.0001177143 0.0000000451 0 0 0
