83.7564766839 15.5159210233
109.0000000000 0.0000000000
220.4805194805 44.7055621019
64.3636363636 20.9569187602
81.5064935065 39.3738733920
74.6103896104 16.7883353476
0.2240441163 0.2201368914
0.0001479050 0.0002024683
0.0000001275 0.0000002363

1825 0 63 0.2848642315 0.0001560900 0.0000000855 0 0 0
3182 0 63 0.2916656251 0.0002149341 0.0000001584 0 0 0
4664 0 78 0.9044436660 0.0006102859 0.0000004118 0 0 0
4742 4 9657 0.0000000000 0.0000000000 0.0000000000 0 0 0
15319 0 78 0.1612103577 0.0000152416 0.0000000014 0 0 0
22074 0 94 0.7076443021 0.0005532794 0.0000004326 0 0 0
29937 0 93 0.1410043133 0.0001143587 0.0000000927 0 0 0
39141 0 78 0.2263497185 0.0001648578 0.0000001201 0 0 0
40342 0 78 0.4591415064 0.0003822993 0.0000003183 0 0 0
41387 0 109 0.4356569571 0.0004168966 0.0000003989 0 0 0
48204 4 7426 0.0000000000 0.0000000000 0.0000000000 0 0 0
56036 0 93 0.0087148467 0.0000011127 0.0000000001 0 0 0
57502 0 109 0.4407824270 0.0003006701 0.0000002051 0 0 0
61730 0 93 0.2359594663 0.0000558088 0.0000000132 0 0 0
61979 4 10171 0.0000000000 0.0000000000 0.0000000000 0 0 0
72759 2 390 0.0895138634 0.0000083037 0.0000000008 78 218 94
76362 0 78 0.1379827301 0.0000382966 0.0000000106 0 0 0
87501 0 94 0.0621354724 0.0000055782 0.0000000005 0 0 0
91120 0 78 0.5939756861 0.0002928874 0.0000001444 0 0 0
95582 0 93 0.5820873464 0.0001304544 0.0000000292 0 0 0
97906 0 78 0.3311821595 0.0001425052 0.0000000613 0 0 0
104801 0 78 0.6762393907 0.0002549922 0.0000000962 0 0 0
108982 0 94 0.1527991660 0.0000365461 0.0000000087 0 0 0
111057 0 109 0.1312994340 0.0000632768 0.0000000305 0 0 0
122383 0 109 0.2967883827 0.0000262042 0.0000000023 0 0 0
124426 0 110 0.2681556666 0.0001312558 0.0000000642 0 0 0
127422 0 62 0.8404712600 0.0002805311 0.0000000936 0 0 0
129231 0 94 0.6613022600 0.0003655623 0.0000002021 0 0 0
130183 0 93 0.2525766770 0.0002653116 0.0000002787 0 0 0
134488 0 63 0.4578152933 0.0001063450 0.0000000247 0 0 0
135112 0 94 0.2708765931 0.0004340971 0.0000006957 0 0 0
141228 0 93 0.2997984572 0.0000549081 0.0000000101 0 0 0
142008 2 218 0.0144879014 0.0000185742 0.0000000238 62 78 78
143661 0 78 0.0485948944 0.0000293980 0.0000000178 0 0 0
144301 3 718 0.0430259860 0.0000672281 0.0000001050 0 0 0
145814 4 10125 0.0000000000 0.0000000000 0.0000000000 0 0 0
156906 0 62 0.0411384284 0.0000037088 0.0000000003 0 0 0
159558 4 56956 0.0000000000 0.0000000000 0.0000000000 0 0 0
218932 0 62 0.0172048704 0.0000002898 0.0000000000 0 0 0
220133 0 94 0.1097885658 0.0000914143 0.0000000761 0 0 0
221443 0 78 0.6143040888 0.0004689344 0.0000003580 0 0 0
225843 2 187 0.2449855338 0.0000556785 0.0000000127 46 63 78
227574 2 219 0.1155364796 0.0000667455 0.0000000386 63 78 78
234048 0 110 0.0745657725 0.0000115177 0.0000000018 0 0 0
241240 3 452 0.4595667702 0.0000638997 0.0000000089 0 0 0
242753 3 3463 0.1270966414 0.0000840031 0.0000000555 0 0 0
250834 0 78 0.4111213849 0.0000508751 0.0000000063 0 0 0
255608 4 10998 0.0000000000 0.0000000000 0.0000000000 0 0 0
271270 0 109 0.1486638053 0.0000094920 0.0000000006 0 0 0
274078 0 109 0.1048230618 0.0000373302 0.0000000133 0 0 0
289429 4 5288 0.0000000000 0.0000000000 0.0000000000 0 0 0
296402 4 26364 0.0000000000 0.0000000000 0.0000000000 0 0 0
323530 0 94 0.0077097481 0.0000002842 0.0000000000 0 0 0
327680 0 63 0.0591166122 0.0000142450 0.0000000034 0 0 0
338772 4 5975 0.0000000000 0.0000000000 0.0000000000 0 0 0
350612 3 1451 0.2122338269 0.0000361865 0.0000000062 0 0 0
355401 2 219 0.5461579506 0.0004118838 0.0000003106 47 78 94
359567 3 1107 0.0279767157 0.0000067155 0.0000000016 0 0 0
365994 3 1544 0.0661141941 0.0000102869 0.0000000016 0 0 0
370112 3 1467 0.0502185149 0.0000121949 0.0000000030 0 0 0
373763 3 998 0.0613100657 0.0000167927 0.0000000046 0 0 0
377351 0 109 0.1285201285 0.0000358194 0.0000000100 0 0 0
381095 2 234 0.2273776134 0.0001175078 0.0000000607 62 94 78
382109 0 78 0.0477188718 0.0000470600 0.0000000464 0 0 0
382889 3 858 0.0846182381 0.0001084849 0.0000001391 0 0 0
385884 0 94 0.2635719243 0.0000880040 0.0000000294 0 0 0
390159 2 234 0.4532568459 0.0001279664 0.0000000361 93 63 78
391594 0 78 0.5113541564 0.0003563444 0.0000002483 0 0 0
392280 2 219 1.0161746281 0.0014813041 0.0000021593 63 78 78
396523 0 78 0.2123555125 0.0000500484 0.0000000118 0 0 0
398146 4 15272 0.0000000000 0.0000000000 0.0000000000 0 0 0
415197 0 78 0.0933157066 0.0000054727 0.0000000003 0 0 0
427256 0 93 0.0932781602 0.0000077351 0.0000000006 0 0 0
429284 0 78 0.4706030442 0.0002320528 0.0000001144 0 0 0
431390 0 109 0.3266744725 0.0001551161 0.0000000737 0 0 0
435274 0 78 0.0361076717 0.0000092965 0.0000000024 0 0 0
437177 0 78 0.0621433005 0.0000326554 0.0000000172 0 0 0
438098 0 78 0.1435214615 0.0001558322 0.0000001692 0 0 0
440079 0 109 0.1259056316 0.0000635566 0.0000000321 0 0 0
442294 3 1466 0.3739575720 0.0001688296 0.0000000762 0 0 0
444868 3 905 0.2952519019 0.0001147055 0.0000000446 0 0 0
446834 3 780 0.0826179855 0.0000420234 0.0000000214 0 0 0
448050 2 203 0.0280262245 0.0000230479 0.0000000190 47 78 78
448253 4 14524 0.0000000000 0.0000000000 0.0000000000 0 0 0
464212 2 187 0.0204371626 0.0000012806 0.0000000001 47 62 78
466895 2 219 0.8772929729 0.0009072316 0.0000009382 63 62 94
468440 0 78 0.0699580643 0.0000452803 0.0000000293 0 0 0
469469 0 110 0.0378673874 0.0000368002 0.0000000358 0 0 0
470452 3 655 0.0386571719 0.0000393257 0.0000000400 0 0 0
474586 4 38267 0.0000000000 0.0000000000 0.0000000000 0 0 0
516722 2 234 0.0986443923 0.0000023411 0.0000000001 78 78 78
521355 0 63 0.3022328830 0.0002152656 0.0000001533 0 0 0
523851 2 188 0.1018462219 0.0000408038 0.0000000163 63 78 47
530388 2 234 0.3915176225 0.0000598926 0.0000000092 78 78 78
533336 0 63 0.4787757626 0.0001624070 0.0000000551 0 0 0
535801 0 94 0.9127542713 0.0003702857 0.0000001502 0 0 0
539966 0 94 0.1962160260 0.0000471107 0.0000000113 0 0 0
544053 0 94 0.7025522313 0.0001718992 0.0000000421 0 0 0
545894 3 266 0.3305864513 0.0001795690 0.0000000975 0 0 0
548453 0 93 0.2222014588 0.0000868314 0.0000000339 0 0 0
549155 0 78 0.0227920228 0.0000324673 0.0000000462 0 0 0
550356 2 203 0.2290003467 0.0001906747 0.0000001588 62 63 78
559888 2 234 0.1377035216 0.0000144464 0.0000000015 78 62 94
561120 2 234 0.1429652355 0.0001160432 0.0000000942 78 78 78
593865 4 18829 0.0000000000 0.0000000000 0.0000000000 0 0 0
620525 4 7098 0.0000000000 0.0000000000 0.0000000000 0 0 0
627888 4 10156 0.0000000000 0.0000000000 0.0000000000 0 0 0
650665 4 20015 0.0000000000 0.0000000000 0.0000000000 0 0 0
687980 3 14227 0.0483528980 0.0000012958 0.0000000000 0 0 0
703487 3 3463 0.0504434953 0.0000032529 0.0000000002 0 0 0
710787 0 110 0.2580782901 0.0000353532 0.0000000048 0 0 0
711786 0 78 0.7653728596 0.0007661390 0.0000007669 0 0 0
713252 0 78 0.2859200513 0.0001950341 0.0000001330 0 0 0
714516 2 234 0.5471175221 0.0004328461 0.0000003424 93 63 78
715202 0 78 0.0000000000 0.0000000000 0.0000000000 0 0 0
715280 4 41372 0.0000000000 0.0000000000 0.0000000000 0 0 0
761300 0 78 0.0061063247 0.0000001327 0.0000000000 0 0 0
761971 0 63 0.2123955435 0.0003165358 0.0000004717 0 0 0
762954 3 952 0.0930136941 0.0000946223 0.0000000963 0 0 0
764670 0 78 0.1361817094 0.0000793600 0.0000000462 0 0 0
765123 3 951 0.1869606207 0.0004127166 0.0000009111 0 0 0
766620 3 874 0.1284476007 0.0000858033 0.0000000573 0 0 0
770863 3 1264 0.0411751042 0.0000211154 0.0000000108 0 0 0
773141 3 5320 0.0257186983 0.0000112900 0.0000000050 0 0 0
783250 3 2184 0.2031032801 0.0000600010 0.0000000177 0 0 0
786276 3 1513 0.0189115710 0.0000062497 0.0000000021 0 0 0
788429 3 718 0.0729491522 0.0000338826 0.0000000157 0 0 0
790036 2 234 0.0650393354 0.0000404725 0.0000000252 78 62 94
790800 4 103616 0.0000000000 0.0000000000 0.0000000000 0 0 0
894432 4 6973 0.0000000000 0.0000000000 0.0000000000 0 0 0
901857 2 172 0.0181327733 0.0000024421 0.0000000003 47 78 47
903542 0 63 0.5216639125 0.0003095928 0.0000001837 0 0 0
904322 2 187 1.0278529733 0.0013177602 0.0000016894 63 62 62
905539 0 78 0.2257230170 0.0001854750 0.0000001524 0 0 0
910313 3 1528 0.2554116640 0.0000535006 0.0000000112 0 0 0
914743 2 187 0.0717644595 0.0000161997 0.0000000037 47 93 47
915492 0 78 0.0287599681 0.0000383978 0.0000000513 0 0 0
916069 3 1045 0.0180488970 0.0000312806 0.0000000542 0 0 0
921264 0 94 0.1133123017 0.0000218118 0.0000000042 0 0 0
921872 0 94 0.0435396973 0.0000716113 0.0000001178 0 0 0
923089 0 78 0.0206483075 0.0000169666 0.0000000139 0 0 0
932621 0 62 0.0472883908 0.0000150074 0.0000000048 0 0 0
935476 0 62 0.0000000000 0.0000000000 0.0000000000 0 0 0
941154 0 62 0.0272887555 0.0000048061 0.0000000008 0 0 0
942480 0 94 0.2007365807 0.0001513851 0.0000001142 0 0 0
944087 0 78 0.0859970827 0.0000535141 0.0000000333 0 0 0
945382 3 748 0.5154439885 0.0003980262 0.0000003074 0 0 0
946692 0 62 0.4728498312 0.0003609541 0.0000002755 0 0 0
947581 0 63 0.0979926414 0.0001102279 0.0000001240 0 0 0
949937 0 93 0.1588491519 0.0001305252 0.0000001073 0 0 0
950998 0 78 0.2090370017 0.0001970189 0.0000001857 0 0 0
953088 3 827 0.3420977541 0.0001636831 0.0000000783 0 0 0
955038 3 1685 0.5041819968 0.0002585549 0.0000001326 0 0 0
958267 3 2200 0.1031378891 0.0000319411 0.0000000099 0 0 0
961341 3 1279 0.0423168351 0.0000137660 0.0000000045 0 0 0
963415 3 968 0.1279501485 0.0000616925 0.0000000297 0 0 0
965287 3 2590 0.1220019803 0.0000651720 0.0000000348 0 0 0
969000 3 1092 0.0619227706 0.0000166773 0.0000000045 0 0 0
971075 0 62 0.0459231458 0.0000221316 0.0000000107 0 0 0
972869 3 1014 0.0447871873 0.0000597960 0.0000000798 0 0 0
986145 2 187 0.2478446437 0.0000333753 0.0000000045 62 63 62
986706 4 20249 0.0000000000 0.0000000000 0.0000000000 0 0 0
1007782 4 63524 0.0000000000 0.0000000000 0.0000000000 0 0 0
1072663 2 187 0.0142675751 0.0000002199 0.0000000000 62 63 62
1076485 0 78 0.3880233367 0.0001015236 0.0000000266 0 0 0
1077437 2 234 1.0519071504 0.0011049445 0.0000011607 62 62 110
1078529 0 62 0.2094948340 0.0001918451 0.0000001757 0 0 0
1079153 0 78 0.2650710391 0.0004247933 0.0000006808 0 0 0
1081602 0 93 0.2284883855 0.0001557521 0.0000001062 0 0 0
1082163 3 796 0.1482596397 0.0002642774 0.0000004711 0 0 0
1083770 3 655 0.0748451700 0.0000465745 0.0000000290 0 0 0
1087202 2 203 0.0187318724 0.0000077468 0.0000000032 78 78 47
1087842 4 6427 0.0000000000 0.0000000000 0.0000000000 0 0 0
1094675 0 62 0.0113544148 0.0000016617 0.0000000002 0 0 0
1101211 3 1373 0.0461899708 0.0000081349 0.0000000014 0 0 0
1106609 3 1295 0.0933352858 0.0000388412 0.0000000162 0 0 0
1108231 3 1139 0.0917257920 0.0000565510 0.0000000349 0 0 0
1111710 3 2215 0.0108271289 0.0000053388 0.0000000026 0 0 0
1114362 0 62 0.0488215833 0.0000184093 0.0000000069 0 0 0
1116265 2 187 0.1668011513 0.0000876517 0.0000000461 63 78 46
1117404 0 62 0.0363727657 0.0000319339 0.0000000280 0 0 0
1119182 0 110 0.0318117961 0.0000318755 0.0000000319 0 0 0
1123254 0 62 0.0535895715 0.0000179831 0.0000000060 0 0 0
1124346 3 967 0.4994717738 0.0004573917 0.0000004189 0 0 0
1126811 3 2090 0.0743895868 0.0000301783 0.0000000122 0 0 0
1129400 3 1436 0.0546746981 0.0000211181 0.0000000082 0 0 0
1131990 3 733 0.0336473859 0.0000129913 0.0000000050 0 0 0
1134096 3 2200 0.0977267424 0.0000464040 0.0000000220 0 0 0
1139868 3 1264 0.0214108609 0.0000037094 0.0000000006 0 0 0
1142146 0 62 0.0526006311 0.0000230907 0.0000000101 0 0 0
1142848 0 78 0.1702817431 0.0002425666 0.0000003455 0 0 0
1147497 3 1716 0.0563667848 0.0000121245 0.0000000026 0 0 0
1151880 4 7519 0.0000000000 0.0000000000 0.0000000000 0 0 0
1160398 0 62 0.0236144044 0.0000027723 0.0000000003 0 0 0
1164875 3 1232 0.1885641835 0.0000421184 0.0000000094 0 0 0
1166482 4 11170 0.0000000000 0.0000000000 0.0000000000 0 0 0
1178463 0 62 0.0186972859 0.0000015606 0.0000000001 0 0 0
1179461 0 78 0.3448368012 0.0003455279 0.0000003462 0 0 0
1181723 0 94 0.1234272574 0.0000545655 0.0000000241 0 0 0
1183439 4 6755 0.0000000000 0.0000000000 0.0000000000 0 0 0
1190693 0 94 0.0083203935 0.0000011470 0.0000000002 0 0 0
1192238 0 93 0.1003058041 0.0000649229 0.0000000420 0 0 0
1199008 0 109 0.0435782776 0.0000064370 0.0000000010 0 0 0
1201910 0 62 0.0378491643 0.0000130424 0.0000000045 0 0 0
1203797 0 78 0.4143545245 0.0002195837 0.0000001164 0 0 0
1208462 0 78 0.2171221633 0.0000465428 0.0000000100 0 0 0
1212315 0 78 0.2918926339 0.0000757572 0.0000000197 0 0 0
1213189 0 93 0.3149503424 0.0003603551 0.0000004123 0 0 0
1217915 0 110 0.0597133562 0.0000126351 0.0000000027 0 0 0
1220864 0 109 0.0000000000 0.0000000000 0.0000000000 0 0 0
1222190 0 62 0.3972314397 0.0002995712 0.0000002259 0 0 0
1222861 0 78 0.1971273286 0.0002937814 0.0000004378 0 0 0
1229023 0 93 0.0389027704 0.0000232951 0.0000000139 0 0 0
1234686 0 62 0.0519439674 0.0000091725 0.0000000016 0 0 0
1235403 0 94 0.2454793623 0.0003423701 0.0000004775 0 0 0
1236152 0 94 0.2878244109 0.0003842783 0.0000005131 0 0 0
1240130 0 94 0.1050867737 0.0000264170 0.0000000066 0 0 0
1241518 3 2184 0.0766225786 0.0000552036 0.0000000398 0 0 0
1244264 4 14586 0.0000000000 0.0000000000 0.0000000000 0 0 0
1259536 0 78 0.0567062429 0.0000037131 0.0000000002 0 0 0
1263780 0 62 0.3825526794 0.0001213682 0.0000000385 0 0 0
1265371 0 78 1.0243502939 0.0006438405 0.0000004047 0 0 0
1266713 4 26473 0.0000000000 0.0000000000 0.0000000000 0 0 0
1296041 0 93 0.0753990297 0.0000025709 0.0000000001 0 0 0
1299067 0 63 0.7920875731 0.0005344720 0.0000003606 0 0 0
1300518 0 62 0.1728491052 0.0001191241 0.0000000821 0 0 0
1305276 0 78 0.4310724677 0.0000905995 0.0000000190 0 0 0
1307023 2 219 0.4420986174 0.0002530616 0.0000001449 78 94 47
1307912 0 78 0.0934090224 0.0001050720 0.0000001182 0 0 0
1309160 0 63 0.2262570362 0.0001812957 0.0000001453 0 0 0
1313248 0 109 0.0870436272 0.0000212925 0.0000000052 0 0 0
1323715 4 8549 0.0000000000 0.0000000000 0.0000000000 0 0 0
1334776 3 998 0.1452284470 0.0000131298 0.0000000012 0 0 0
1336273 4 6537 0.0000000000 0.0000000000 0.0000000000 0 0 0
1343512 2 187 0.0202912011 0.0000028030 0.0000000004 62 63 62
1344807 2 187 0.6211855734 0.0004796800 0.0000003704 46 78 63
1345930 0 78 0.3896848439 0.0003470034 0.0000003090 0 0 0
1346647 2 234 0.6951857122 0.0009695756 0.0000013523 78 63 93
1354510 0 78 0.0632754286 0.0000097497 0.0000000015 0 0 0
1356538 0 62 0.6207996917 0.0003061142 0.0000001509 0 0 0
1358051 0 78 0.4204490736 0.0002778910 0.0000001837 0 0 0
1359408 0 78 0.4607142651 0.0003395094 0.0000002502 0 0 0
1361468 0 93 0.2104794356 0.0001021745 0.0000000496 0 0 0
1362372 0 78 0.0519529650 0.0000574701 0.0000000636 0 0 0
1364978 0 78 0.3773422076 0.0001950089 0.0000001008 0 0 0
1365617 0 94 0.6208616861 0.0009716145 0.0000015205 0 0 0
1366475 0 94 0.2219077247 0.0002586337 0.0000003014 0 0 0
1367926 0 62 0.0594104481 0.0000409445 0.0000000282 0 0 0
1370250 0 78 0.0147706667 0.0000118355 0.0000000095 0 0 0
1371202 0 109 0.1869658597 0.0001963927 0.0000002063 0 0 0
1371935 0 94 0.0558748734 0.0000762277 0.0000001040 0 0 0
1373152 0 78 0.1474258549 0.0001211387 0.0000000995 0 0 0
1375398 3 765 0.1810895158 0.0000806276 0.0000000359 0 0 0
1376943 0 78 0.3446463300 0.0002230721 0.0000001444 0 0 0
1380702 4 9953 0.0000000000 0.0000000000 0.0000000000 0 0 0
1391919 3 967 0.0825882708 0.0000073628 0.0000000007 0 0 0
1392917 4 15304 0.0000000000 0.0000000000 0.0000000000 0 0 0
1411887 3 2995 0.0651364923 0.0000034337 0.0000000002 0 0 0
1415787 3 1513 0.1111984470 0.0000285124 0.0000000073 0 0 0
1418267 3 999 0.2243746792 0.0000904737 0.0000000365 0 0 0
1419952 3 1046 0.3077214473 0.0001826240 0.0000001084 0 0 0
1421653 2 203 0.2796913775 0.0001644276 0.0000000967 62 78 63
1422105 4 6864 0.0000000000 0.0000000000 0.0000000000 0 0 0
1439031 2 203 0.0189504024 0.0000011196 0.0000000001 47 78 78
1439780 4 10296 0.0000000000 0.0000000000 0.0000000000 0 0 0
1454694 2 234 0.1051376706 0.0000070496 0.0000000005 62 78 94
1455583 4 15023 0.0000000000 0.0000000000 0.0000000000 0 0 0
1472509 0 62 0.0000000000 0.0000000000 0.0000000000 0 0 0
1472946 4 14243 0.0000000000 0.0000000000 0.0000000000 0 0 0
1488343 0 63 0.0270161914 0.0000017546 0.0000000001 0 0 0
1489061 3 827 0.1279912556 0.0001782608 0.0000002483 0 0 0
1490777 3 905 0.7026523097 0.0004094710 0.0000002386 0 0 0
1492212 3 2340 0.1241814959 0.0000865376 0.0000000603 0 0 0
1495207 3 765 0.0602114324 0.0000201040 0.0000000067 0 0 0
1496674 3 858 0.1498916677 0.0001021756 0.0000000696 0 0 0
1500464 3 1248 0.2548877412 0.0000672527 0.0000000177 0 0 0
1502196 2 203 0.0217448711 0.0000125548 0.0000000072 62 94 47
1502851 4 16302 0.0000000000 0.0000000000 0.0000000000 0 0 0
1520589 0 78 0.0149153074 0.0000008409 0.0000000000 0 0 0
1521493 0 63 0.1468690088 0.0001624657 0.0000001797 0 0 0
1523163 3 889 0.5891970322 0.0003528126 0.0000002113 0 0 0
1524988 2 187 0.0446888925 0.0000244871 0.0000000134 62 63 62
1525893 4 15756 0.0000000000 0.0000000000 0.0000000000 0 0 0
1542803 0 62 0.0094464914 0.0000005586 0.0000000000 0 0 0
1544972 3 639 0.6034809855 0.0002782301 0.0000001283 0 0 0
1546079 3 421 0.2957818898 0.0002671923 0.0000002414 0 0 0
1547202 3 983 0.4484098068 0.0003992964 0.0000003556 0 0 0
1549028 3 1747 0.3691192291 0.0002021463 0.0000001107 0 0 0
1551446 0 78 0.2264888772 0.0000936679 0.0000000387 0 0 0
1553006 0 109 0.0571773612 0.0000366522 0.0000000235 0 0 0
1554113 0 94 0.1341246063 0.0001211604 0.0000001094 0 0 0
1554909 0 78 0.2238685655 0.0002812419 0.0000003533 0 0 0
1555860 3 515 0.4949807097 0.0005204844 0.0000005473 0 0 0
1556952 3 734 0.8026255410 0.0007350051 0.0000006731 0 0 0
1564004 3 1076 0.2097932656 0.0001430084 0.0000000975 0 0 0
1566000 3 4743 0.1006637409 0.0000504327 0.0000000253 0 0 0
1572521 0 94 0.0963529262 0.0000147758 0.0000000023 0 0 0
1573644 0 94 0.1960735198 0.0001745980 0.0000001555 0 0 0
1575282 0 79 0.1051391176 0.0000641875 0.0000000392 0 0 0
1576936 3 1997 0.1177550308 0.0000711941 0.0000000430 0 0 0
1581491 0 63 0.0597023382 0.0000234864 0.0000000092 0 0 0
1584814 3 1701 0.1721393819 0.0000518024 0.0000000156 0 0 0
1589432 0 78 0.0714289606 0.0000357681 0.0000000179 0 0 0
1592942 3 1154 0.0728123704 0.0000207443 0.0000000059 0 0 0
1595251 3 1138 0.0300403770 0.0000130101 0.0000000056 0 0 0
1597294 0 94 0.0573745375 0.0000280835 0.0000000137 0 0 0
1603160 3 1700 0.1004397590 0.0000171224 0.0000000029 0 0 0
1605469 3 904 0.0354064342 0.0000153341 0.0000000066 0 0 0
1607450 0 109 0.0569804958 0.0000287635 0.0000000145 0 0 0
1611506 3 1123 0.1075689327 0.0000265209 0.0000000065 0 0 0
1616685 3 2262 0.0689856327 0.0000133203 0.0000000026 0 0 0
1619914 3 780 0.0422144881 0.0000130735 0.0000000040 0 0 0
1621459 3 702 0.0000000000 0.0000000000 0.0000000000 0 0 0
1622832 0 78 0.1036127701 0.0000754645 0.0000000550 0 0 0
1627512 3 2558 0.0705356395 0.0000150717 0.0000000032 0 0 0
1637636 0 94 0.1637196315 0.0000980944 0.0000000588 0 0 0
1640772 0 62 0.5170850347 0.0001648868 0.0000000526 0 0 0
1644797 0 78 0.4610593775 0.0001145489 0.0000000285 0 0 0
1646669 0 109 0.1622074190 0.0000866493 0.0000000463 0 0 0
1647761 0 78 0.6192929192 0.0005671181 0.0000005193 0 0 0
1651193 0 62 0.1292120828 0.0000376492 0.0000000110 0 0 0
1651848 4 19843 0.0000000000 0.0000000000 0.0000000000 0 0 0
1679257 4 6693 0.0000000000 0.0000000000 0.0000000000 0 0 0
1686698 0 110 0.1256819459 0.0000168905 0.0000000023 0 0 0
1689007 0 109 0.4050036615 0.0001754022 0.0000000760 0 0 0
1690520 3 234 0.5912864068 0.0003908040 0.0000002583 0 0 0
1691784 0 62 0.0825005722 0.0000652694 0.0000000516 0 0 0
1693266 2 203 0.4592707416 0.0003098993 0.0000002091 62 78 63
1696433 0 93 0.5085870010 0.0001605895 0.0000000507 0 0 0
1697743 0 63 0.4924824606 0.0003759408 0.0000002870 0 0 0
1698648 0 62 0.1904891711 0.0002104853 0.0000002326 0 0 0
1700021 0 62 0.6714740212 0.0004890561 0.0000003562 0 0 0
1702330 0 62 0.9648356352 0.0004178587 0.0000001810 0 0 0
1703235 0 78 0.2637946918 0.0002914858 0.0000003221 0 0 0
1704873 0 93 0.8485499439 0.0005180403 0.0000003163 0 0 0
1707759 4 27440 0.0000000000 0.0000000000 0.0000000000 0 0 0
1735293 4 7363 0.0000000000 0.0000000000 0.0000000000 0 0 0
1746618 4 15944 0.0000000000 0.0000000000 0.0000000000 0 0 0
1763420 0 78 0.0280052548 0.0000016668 0.0000000001 0 0 0
1764808 0 94 0.1926488462 0.0001387960 0.0000001000 0 0 0
1766883 4 12511 0.0000000000 0.0000000000 0.0000000000 0 0 0
1779410 4 10155 0.0000000000 0.0000000000 0.0000000000 0 0 0
1798239 4 14836 0.0000000000 0.0000000000 0.0000000000 0 0 0
1825602 4 6770 0.0000000000 0.0000000000 0.0000000000 0 0 0
1834338 4 24414 0.0000000000 0.0000000000 0.0000000000 0 0 0
1859922 4 25600 0.0000000000 0.0000000000 0.0000000000 0 0 0
1903618 0 78 0.1993742796 0.0000181282 0.0000000016 0 0 0
1905381 0 109 0.2442211365 0.0001385259 0.0000000786 0 0 0
1910295 0 109 0.1527152475 0.0000310776 0.0000000063 0 0 0
1919421 0 109 0.2305703045 0.0000252652 0.0000000028 0 0 0
1919530 4 5616 0.0000000000 0.0000000000 0.0000000000 0 0 0
1925926 0 94 0.0164770816 0.0000025762 0.0000000004 0 0 0
1937142 4 17098 0.0000000000 0.0000000000 0.0000000000 0 0 0
1964926 4 9189 0.0000000000 0.0000000000 0.0000000000 0 0 0
1984614 3 4586 0.0929147763 0.0000047194 0.0000000002 0 0 0
1990495 3 1887 0.0076629871 0.0000013030 0.0000000002 0 0 0
1993958 0 62 0.3404499114 0.0000983107 0.0000000284 0 0 0
1995736 0 78 0.1599788796 0.0001738901 0.0000001890 0 0 0
1996392 0 93 0.2323519125 0.0003541950 0.0000005399 0 0 0
2005876 0 110 0.1483785932 0.0000156451 0.0000000016 0 0 0
2008076 0 94 0.7395536874 0.0003361608 0.0000001528 0 0 0
2008950 3 1372 0.3201776872 0.0003663360 0.0000004191 0 0 0
2010728 4 5070 0.0000000000 0.0000000000 0.0000000000 0 0 0
2016672 2 218 0.0408765544 0.0000068769 0.0000000012 78 47 93
2017639 2 343 0.0347614460 0.0000359477 0.0000000372 203 93 47
2019324 0 62 0.3112584938 0.0001847231 0.0000001096 0 0 0
2020151 2 234 0.4985466732 0.0006028376 0.0000007289 78 78 78
2022896 0 63 0.4235078942 0.0001542834 0.0000000562 0 0 0
2026999 4 8112 0.0000000000 0.0000000000 0.0000000000 0 0 0
2035891 2 218 0.0609870657 0.0000068586 0.0000000008 78 62 78
2036468 4 100980 0.0000000000 0.0000000000 0.0000000000 0 0 0
2137822 0 78 0.0016244880 0.0000000160 0.0000000000 0 0 0
2140162 0 109 0.0525265438 0.0000336709 0.0000000216 0 0 0
2144281 0 109 0.0000000000 0.0000000000 0.0000000000 0 0 0
2151644 2 203 0.0646777968 0.0000087842 0.0000000012 47 93 63
2152346 4 22714 0.0000000000 0.0000000000 0.0000000000 0 0 0
2175964 0 78 0.0357408655 0.0000015133 0.0000000001 0 0 0
2177337 0 94 0.1892173539 0.0001378131 0.0000001004 0 0 0
2181378 0 78 0.3523940621 0.0000872047 0.0000000216 0 0 0
2182314 0 93 0.3156543146 0.0003372375 0.0000003603 0 0 0
2183062 4 17597 0.0000000000 0.0000000000 0.0000000000 0 0 0
2201112 2 203 0.0091049841 0.0000005044 0.0000000000 62 63 78
2202219 4 6318 0.0000000000 0.0000000000 0.0000000000 0 0 0
2214918 0 93 0.1742059376 0.0000366133 0.0000000077 0 0 0
2216228 0 63 0.2351889710 0.0001795336 0.0000001370 0 0 0
2217117 4 9610 0.0000000000 0.0000000000 0.0000000000 0 0 0
2227367 0 62 0.0635776437 0.0000062027 0.0000000006 0 0 0
2228084 0 78 0.1228907958 0.0001713958 0.0000002390 0 0 0
2230814 0 78 0.0568605781 0.0000208281 0.0000000076 0 0 0
2232047 0 62 0.2530205381 0.0002052072 0.0000001664 0 0 0
2237257 0 78 0.1456619499 0.0000279581 0.0000000054 0 0 0
2239925 0 78 0.2526710584 0.0000947043 0.0000000355 0 0 0
2243404 3 951 0.1548700872 0.0001240946 0.0000000994 0 0 0
2244979 3 733 0.1102728819 0.0000700145 0.0000000445 0 0 0
2253871 0 78 0.0868897756 0.0000145058 0.0000000024 0 0 0
2257506 0 94 0.3250317116 0.0000894173 0.0000000246 0 0 0
2261609 3 1435 0.0400032349 0.0000097498 0.0000000024 0 0 0
2263684 0 109 0.1266795987 0.0000610504 0.0000000294 0 0 0
2266024 3 1076 0.1367199206 0.0000584273 0.0000000250 0 0 0
2271125 0 94 0.0194143525 0.0000038060 0.0000000007 0 0 0
2275275 0 78 0.0619167260 0.0000149197 0.0000000036 0 0 0
2277615 3 2792 0.0816363358 0.0000348873 0.0000000149 0 0 0
2284182 0 109 0.0872966700 0.0000132932 0.0000000020 0 0 0
2287443 0 93 0.0836108979 0.0000256396 0.0000000079 0 0 0
2288581 3 2465 0.0862484937 0.0000757895 0.0000000666 0 0 0
2292076 0 93 0.0330894984 0.0000094677 0.0000000027 0 0 0
2299595 0 78 0.3543025942 0.0001908958 0.0000001029 0 0 0
2301015 4 5335 0.0000000000 0.0000000000 0.0000000000 0 0 0
2306678 0 78 0.0312851473 0.0000055245 0.0000000010 0 0 0
2308706 0 93 0.3867665676 0.0001907133 0.0000000940 0 0 0
2310890 0 78 0.0600327593 0.0000274875 0.0000000126 0 0 0
2315242 0 109 0.2476239081 0.0000568989 0.0000000131 0 0 0
2316240 0 94 0.1358021154 0.0001360743 0.0000001363 0 0 0
2329173 4 10249 0.0000000000 0.0000000000 0.0000000000 0 0 0
2342573 4 5694 0.0000000000 0.0000000000 0.0000000000 0 0 0
2348486 4 8408 0.0000000000 0.0000000000 0.0000000000 0 0 0
2359328 0 109 0.1411258496 0.0000130166 0.0000000012 0 0 0
2366551 0 109 0.0008306798 0.0000001150 0.0000000000 0 0 0
2373399 4 5741 0.0000000000 0.0000000000 0.0000000000 0 0 0
2388001 4 10982 0.0000000000 0.0000000000 0.0000000000 0 0 0
2421136 3 4664 0.0831300578 0.0000025088 0.0000000001 0 0 0
2430449 4 7535 0.0000000000 0.0000000000 0.0000000000 0 0 0
2439544 3 1996 0.0497970775 0.0000054752 0.0000000006 0 0 0
2442086 2 219 0.0080307685 0.0000031592 0.0000000012 63 78 78
2448233 3 983 0.1230694230 0.0000200211 0.0000000033 0 0 0
2450776 3 998 0.0671291825 0.0000263976 0.0000000104 0 0 0
2452960 0 109 0.0896948372 0.0000410691 0.0000000188 0 0 0
2453631 0 93 0.1166770316 0.0001738853 0.0000002591 0 0 0
2454426 0 94 0.0779422431 0.0000980406 0.0000001233 0 0 0
2455315 3 1092 0.0252853866 0.0000284425 0.0000000320 0 0 0
2459995 0 78 0.1004295013 0.0000410084 0.0000000167 0 0 0
2460619 0 78 0.0596480128 0.0000955898 0.0000001532 0 0 0
2461384 2 218 0.0486295551 0.0000635680 0.0000000831 62 63 93
2462242 0 78 0.0533676117 0.0000622000 0.0000000725 0 0 0
2465814 0 109 0.0394879124 0.0000110548 0.0000000031 0 0 0
2466064 4 6505 0.0000000000 0.0000000000 0.0000000000 0 0 0
2473817 0 94 0.0208845441 0.0000026937 0.0000000003 0 0 0
2475517 0 94 0.1023679214 0.0000602164 0.0000000354 0 0 0
2482584 3 734 0.0186711874 0.0000026420 0.0000000004 0 0 0
2489963 3 1435 0.0354511900 0.0000048043 0.0000000007 0 0 0
2491804 4 9157 0.0000000000 0.0000000000 0.0000000000 0 0 0
2501726 0 62 0.0150166870 0.0000015135 0.0000000002 0 0 0
2508824 0 93 0.0584668633 0.0000082371 0.0000000012 0 0 0
2513441 0 110 0.0276750768 0.0000059942 0.0000000013 0 0 0
2518855 0 93 0.0359630685 0.0000066426 0.0000000012 0 0 0
2533363 0 78 0.0602868863 0.0000277948 0.0000000128 0 0 0
2536997 0 94 0.2600819617 0.0001149788 0.0000000508 0 0 0
2538635 0 78 0.3682908984 0.0002248418 0.0000001373 0 0 0
2540585 0 78 0.0389312977 0.0000297185 0.0000000227 0 0 0
2544002 0 62 0.0000000000 0.0000000000 0.0000000000 0 0 0
2548308 4 42619 0.0000000000 0.0000000000 0.0000000000 0 0 0
2594546 0 78 0.0890073668 0.0000019250 0.0000000000 0 0 0
2597167 0 109 0.3305227735 0.0001261056 0.0000000481 0 0 0
2599476 0 93 0.1355427046 0.0000587019 0.0000000254 0 0 0
2601972 4 8798 0.0000000000 0.0000000000 0.0000000000 0 0 0
2615856 0 109 0.1297901694 0.0000336855 0.0000000087 0 0 0
2619974 0 110 0.0481249212 0.0000116865 0.0000000028 0 0 0
2621768 0 78 0.0749047353 0.0000417529 0.0000000233 0 0 0
2623952 0 94 0.0572202978 0.0000378191 0.0000000250 0 0 0
2627213 4 7301 0.0000000000 0.0000000000 0.0000000000 0 0 0
2635621 3 577 0.0416644311 0.0000049553 0.0000000006 0 0 0
2636760 0 109 0.1123497071 0.0000986389 0.0000000866 0 0 0
2640036 0 94 0.1426813049 0.0000435535 0.0000000133 0 0 0
2641971 0 78 0.0769890385 0.0000397876 0.0000000206 0 0 0
2647602 0 94 0.2272349243 0.0000403543 0.0000000072 0 0 0
2649412 0 109 0.1729727857 0.0000955651 0.0000000528 0 0 0
2651471 0 94 0.6935050640 0.0003368164 0.0000001636 0 0 0
2655153 0 78 0.2049435284 0.0000556609 0.0000000151 0 0 0
2659365 0 93 0.2639759719 0.0001253447 0.0000000595 0 0 0
2660363 0 62 0.3170118745 0.0003176472 0.0000003183 0 0 0
2663467 4 28049 0.0000000000 0.0000000000 0.0000000000 0 0 0
2702530 3 468 0.0473810339 0.0000012129 0.0000000000 0 0 0
2703482 3 2246 0.1344613580 0.0001412409 0.0000001484 0 0 0
2710673 4 9064 0.0000000000 0.0000000000 0.0000000000 0 0 0
2720330 2 203 0.0375147556 0.0000038847 0.0000000004 62 63 78
2721266 0 78 0.0435801629 0.0000465600 0.0000000497 0 0 0
2722342 3 1092 0.0711287184 0.0000661048 0.0000000614 0 0 0
2723668 4 6006 0.0000000000 0.0000000000 0.0000000000 0 0 0
2730813 4 7051 0.0000000000 0.0000000000 0.0000000000 0 0 0
2746647 0 63 0.1002075678 0.0000063286 0.0000000004 0 0 0
2747786 0 62 0.6090778647 0.0005347479 0.0000004695 0 0 0
2748394 0 63 0.2007795690 0.0003302296 0.0000005431 0 0 0
2750984 0 62 0.4713129418 0.0001819741 0.0000000703 0 0 0
2751702 0 78 0.1580640507 0.0002201449 0.0000003066 0 0 0
2753433 0 78 0.6988267145 0.0004037127 0.0000002332 0 0 0
2764494 4 8471 0.0000000000 0.0000000000 0.0000000000 0 0 0
2777301 4 5055 0.0000000000 0.0000000000 0.0000000000 0 0 0
2783947 0 109 0.0853041031 0.0000128354 0.0000000019 0 0 0
2785226 4 5335 0.0000000000 0.0000000000 0.0000000000 0 0 0
2806099 4 12901 0.0000000000 0.0000000000 0.0000000000 0 0 0
2820623 4 9485 0.0000000000 0.0000000000 0.0000000000 0 0 0
2830326 4 8596 0.0000000000 0.0000000000 0.0000000000 0 0 0
2838953 4 16146 0.0000000000 0.0000000000 0.0000000000 0 0 0
2865146 3 2402 0.0450782992 0.0000017210 0.0000000001 0 0 0
2870169 4 5865 0.0000000000 0.0000000000 0.0000000000 0 0 0
2876315 3 4150 0.0006508298 0.0000001059 0.0000000000 0 0 0
2882306 0 109 0.1253000764 0.0000209147 0.0000000035 0 0 0
2892539 0 78 0.0906250648 0.0000088562 0.0000000009 0 0 0
2897765 0 94 0.0273405884 0.0000052316 0.0000000010 0 0 0
2898124 4 8315 0.0000000000 0.0000000000 0.0000000000 0 0 0
2906923 0 78 0.0132694682 0.0000015081 0.0000000002 0 0 0
2908124 0 93 0.0301101396 0.0000250709 0.0000000209 0 0 0
2908748 0 93 0.0384038302 0.0000615446 0.0000000986 0 0 0
2909715 0 62 0.2070164669 0.0002140811 0.0000002214 0 0 0
2909777 4 6396 0.0000000000 0.0000000000 0.0000000000 0 0 0
2933256 0 109 0.0544465952 0.0000023189 0.0000000001 0 0 0
2935486 3 1872 0.1943823241 0.0000871670 0.0000000391 0 0 0
2939808 3 608 0.1092671970 0.0000252816 0.0000000058 0 0 0
2941009 0 109 0.2636312894 0.0002195098 0.0000001828 0 0 0
2942194 0 110 0.0929038430 0.0000783999 0.0000000662 0 0 0
2947545 0 78 0.0939570130 0.0000338340 0.0000000122 0 0 0
2949121 4 5538 0.0000000000 0.0000000000 0.0000000000 0 0 0
2955330 0 109 0.0139915873 0.0000022534 0.0000000004 0 0 0
2957607 0 63 0.1513902571 0.0000664867 0.0000000292 0 0 0
2961039 0 94 0.2885102451 0.0000840648 0.0000000245 0 0 0
2965033 0 109 0.3661453648 0.0000916739 0.0000000230 0 0 0
2967966 0 78 0.3830102893 0.0002192389 0.0000001255 0 0 0
2972115 0 94 0.2144583895 0.0002991051 0.0000004172 0 0 0
2973285 0 78 0.1210558299 0.0001034665 0.0000000884 0 0 0
2975953 4 8596 0.0000000000 0.0000000000 0.0000000000 0 0 0
3007668 3 1108 0.0880688214 0.0000097003 0.0000000011 0 0 0
3010882 0 62 0.2517385829 0.0000783256 0.0000000244 0 0 0
3012208 2 234 0.5023039353 0.0003788114 0.0000002857 78 47 109
3016404 2 250 0.1660448048 0.0000395722 0.0000000094 78 63 109
3017793 0 93 0.4939555221 0.0003556195 0.0000002560 0 0 0
3019119 2 202 0.7975986312 0.0006015073 0.0000004536 31 78 93
3020304 0 78 0.1942368000 0.0001639129 0.0000001383 0 0 0
3021599 4 9001 0.0000000000 0.0000000000 0.0000000000 0 0 0
3040163 0 94 0.1896888868 0.0000728172 0.0000000280 0 0 0
3042597 3 1653 0.1716712528 0.0000705305 0.0000000290 0 0 0
3046388 0 62 0.0820688441 0.0000216483 0.0000000057 0 0 0
3052581 2 187 0.4765771003 0.0003968169 0.0000003304 47 78 62
3054609 0 62 0.0911558772 0.0000449487 0.0000000222 0 0 0
3056309 0 94 0.0811751231 0.0000477501 0.0000000281 0 0 0
3061504 0 94 0.0377386128 0.0000072644 0.0000000014 0 0 0
3064702 0 78 0.0856112593 0.0000267702 0.0000000084 0 0 0
3066543 3 1763 0.1348788791 0.0000732639 0.0000000398 0 0 0
3071738 0 109 0.1017501875 0.0000195862 0.0000000038 0 0 0
3075139 3 624 0.1723723446 0.0001042154 0.0000000630 0 0 0
3076246 3 1482 0.1110696941 0.0001003340 0.0000000906 0 0 0
3078196 2 219 0.0377398609 0.0000193538 0.0000000099 63 78 78
3081347 0 110 0.0622514463 0.0000197561 0.0000000063 0 0 0
3081925 3 1856 0.0546765318 0.0000945961 0.0000001637 0 0 0
3084686 3 671 0.2755049232 0.0000997845 0.0000000361 0 0 0
3086449 0 78 0.3803474126 0.0002157387 0.0000001224 0 0 0
3089459 3 890 0.3166882316 0.0001052120 0.0000000350 0 0 0
3093047 0 78 0.2049474201 0.0000571202 0.0000000159 0 0 0
3093937 2 187 0.8079516576 0.0009078109 0.0000010200 31 78 78
3097556 0 78 0.0387802126 0.0000436223 0.0000000491 0 0 0
3098320 3 718 0.0223357266 0.0000292352 0.0000000383 0 0 0
3100286 3 1419 0.0636553797 0.0000323781 0.0000000165 0 0 0
3104186 3 733 0.1094526615 0.0000280648 0.0000000072 0 0 0
3106058 3 3073 0.1130131770 0.0000603703 0.0000000322 0 0 0
3110582 0 62 0.0749220360 0.0000165610 0.0000000037 0 0 0
3111253 0 62 0.1829471226 0.0002726485 0.0000004063 0 0 0
3113359 2 203 0.0749759096 0.0000356011 0.0000000169 62 63 78
3114435 0 78 0.6219728980 0.0005780417 0.0000005372 0 0 0
3115512 2 187 0.6664457475 0.0006187983 0.0000005746 46 63 78
3116760 0 78 0.1830086320 0.0001466415 0.0000001175 0 0 0
3117446 3 2449 0.2639882922 0.0003848226 0.0000005610 0 0 0
3123826 0 94 0.0515836581 0.0000217561 0.0000000092 0 0 0
3127742 3 967 0.0440856766 0.0000112578 0.0000000029 0 0 0
3130425 0 94 0.1157184646 0.0000431303 0.0000000161 0 0 0
3131439 0 78 0.0777612615 0.0000766876 0.0000000756 0 0 0
3135526 2 235 0.1697954141 0.0000415452 0.0000000102 78 63 94
3136977 0 78 0.5336679898 0.0003677932 0.0000002535 0 0 0
3137820 2 218 0.9548989460 0.0011327390 0.0000013437 62 78 78
3138818 0 94 0.2330959405 0.0002335631 0.0000002340 0 0 0
3140721 3 1295 0.2805357086 0.0001474176 0.0000000775 0 0 0
3142547 0 93 0.1031394340 0.0000564838 0.0000000309 0 0 0
3144185 3 795 0.1299603893 0.0000793409 0.0000000484 0 0 0
3146275 3 1513 0.4932542585 0.0002360068 0.0000001129 0 0 0
3151922 3 1763 0.1727543899 0.0000679333 0.0000000267 0 0 0
3155105 0 78 0.1187774578 0.0000373162 0.0000000117 0 0 0
3155916 0 93 0.5318279740 0.0006557682 0.0000008086 0 0 0
3156945 0 78 0.5079998817 0.0004936831 0.0000004798 0 0 0
3157959 2 203 0.6252613218 0.0006166285 0.0000006081 47 78 78
3160736 0 94 0.0721926225 0.0000259966 0.0000000094 0 0 0
3162374 0 78 0.0543347247 0.0000331714 0.0000000203 0 0 0
3163747 2 187 0.1666851859 0.0001214022 0.0000000884 62 63 62
3166415 2 218 0.6742326204 0.0004500885 0.0000003005 62 62 94
3168770 3 671 0.0484960655 0.0000341762 0.0000000241 0 0 0
3170346 3 1248 0.1005531777 0.0000638028 0.0000000405 0 0 0
3172468 3 639 0.0771850885 0.0000363737 0.0000000171 0 0 0
3173622 0 78 0.0915150472 0.0000793025 0.0000000687 0 0 0
3174761 0 78 0.3160049203 0.0002774407 0.0000002436 0 0 0
3177460 0 109 0.1171584516 0.0000434081 0.0000000161 0 0 0
3180626 3 1155 0.0579849555 0.0000183149 0.0000000058 0 0 0
3182342 0 94 0.0946020609 0.0000551294 0.0000000321 0 0 0
3186929 3 1076 0.1632475074 0.0000355892 0.0000000078 0 0 0
3188411 0 109 0.0928937469 0.0000626813 0.0000000423 0 0 0
3191344 0 62 0.5526445645 0.0001884230 0.0000000642 0 0 0
3192576 0 94 0.1972412473 0.0001600984 0.0000001300 0 0 0
3193808 0 78 0.6343782634 0.0005149174 0.0000004180 0 0 0
3200548 0 109 0.4512899259 0.0001291244 0.0000000369 0 0 0
3202545 0 62 0.1353819723 0.0000677927 0.0000000339 0 0 0
3203559 0 62 0.7079193341 0.0006981453 0.0000006885 0 0 0
3206772 0 94 0.6748463265 0.0002100362 0.0000000654 0 0 0
3207958 0 78 1.0087532696 0.0008505508 0.0000007172 0 0 0
3211031 2 343 0.2253386315 0.0000733285 0.0000000239 62 188 93
3216397 0 63 0.0432915277 0.0000080677 0.0000000015 0 0 0
3219439 0 78 0.3723073423 0.0001223890 0.0000000402 0 0 0
3221218 0 62 0.2111302376 0.0001186792 0.0000000667 0 0 0
3226600 0 93 0.1781299766 0.0000330974 0.0000000061 0 0 0
3233480 0 109 0.3607469820 0.0001482116 0.0000000609 0 0 0
3234104 0 93 0.1782878494 0.0002857177 0.0000004579 0 0 0
3235149 0 93 0.2801623165 0.0002680979 0.0000002566 0 0 0
3236334 0 110 0.0611687126 0.0000516192 0.0000000436 0 0 0
3239283 3 156 0.0948123816 0.0001519429 0.0000002435 0 0 0
3241342 0 109 0.1294562442 0.0000953989 0.0000000703 0 0 0
3241966 2 250 0.2552567747 0.0004090653 0.0000006556 94 46 110
3242824 0 109 0.2026519875 0.0002361911 0.0000002753 0 0 0
3243261 4 19765 0.0000000000 0.0000000000 0.0000000000 0 0 0
3269734 4 18627 0.0000000000 0.0000000000 0.0000000000 0 0 0
3288782 4 16739 0.0000000000 0.0000000000 0.0000000000 0 0 0
3326394 4 5148 0.0000000000 0.0000000000 0.0000000000 0 0 0
3337407 0 78 0.2869203348 0.0000260529 0.0000000024 0 0 0
3338297 0 78 0.6055566178 0.0006804007 0.0000007645 0 0 0
3340917 0 94 0.4209453658 0.0001606662 0.0000000613 0 0 0
3342696 0 93 0.2915094097 0.0001638614 0.0000000921 0 0 0
3344427 0 94 0.4164347544 0.0002405747 0.0000001390 0 0 0
3345847 4 14586 0.0000000000 0.0000000000 0.0000000000 0 0 0
3363959 0 62 0.0054945055 0.0000050316 0.0000000046 0 0 0
3368140 0 78 0.2234758944 0.0000678845 0.0000000206 0 0 0
3370807 2 172 0.5940299661 0.0003885088 0.0000002541 47 62 63
3371728 0 78 0.0054288817 0.0000058946 0.0000000064 0 0 0
3376127 0 62 0.1553858601 0.0000353230 0.0000000080 0 0 0
3377125 0 78 0.1647616119 0.0001650918 0.0000001654 0 0 0
3379840 2 202 0.1945207010 0.0000716467 0.0000000264 46 94 62
3382258 0 93 0.0174793793 0.0000072289 0.0000000030 0 0 0
3391228 4 8767 0.0000000000 0.0000000000 0.0000000000 0 0 0
3407764 0 62 0.0486386106 0.0000029414 0.0000000002 0 0 0
3407826 4 32792 0.0000000000 0.0000000000 0.0000000000 0 0 0
3443862 0 94 0.0425904874 0.0000011819 0.0000000000 0 0 0
3443956 4 6303 0.0000000000 0.0000000000 0.0000000000 0 0 0
3451522 0 78 0.1129303707 0.0000149260 0.0000000020 0 0 0
3452349 0 62 0.1152138816 0.0001393155 0.0000001685 0 0 0
3453410 0 62 0.1899753930 0.0001790532 0.0000001688 0 0 0
3461335 3 1887 0.2165314453 0.0000273226 0.0000000034 0 0 0
3465593 0 63 0.1669173296 0.0000392009 0.0000000092 0 0 0
3466732 2 234 0.5656549944 0.0004966242 0.0000004360 63 78 93
3476825 3 1061 0.1444116349 0.0000418949 0.0000000122 0 0 0
3479805 0 94 0.2106510308 0.0000706883 0.0000000237 0 0 0
3480663 2 203 0.6066630209 0.0007070665 0.0000008241 63 93 47
3483300 2 265 0.0754238182 0.0000286021 0.0000000108 93 78 94
3486310 0 63 0.1895113850 0.0001868949 0.0000001843 0 0 0
3488026 2 390 0.2423716351 0.0001412422 0.0000000823 47 265 78
3489571 0 62 0.4019400075 0.0002601553 0.0000001684 0 0 0
3491271 0 78 0.6497369709 0.0003821982 0.0000002248 0 0 0
3491911 0 93 0.0224362088 0.0000350566 0.0000000548 0 0 0
3498978 0 78 0.0699085755 0.0000098923 0.0000000014 0 0 0
3503626 0 94 0.1759451529 0.0000378539 0.0000000081 0 0 0
3505436 3 406 0.2380079941 0.0001314961 0.0000000726 0 0 0
3506653 3 1029 0.1650106832 0.0001355881 0.0000001114 0 0 0
3509835 0 63 0.3679310188 0.0003628511 0.0000003578 0 0 0
3510693 2 188 0.5972508739 0.0006960966 0.0000008113 47 78 63
3513891 2 203 0.1323420163 0.0000413827 0.0000000129 63 62 78
3515093 0 93 0.6701404901 0.0005575212 0.0000004638 0 0 0
3516091 2 203 0.8685695627 0.0008703102 0.0000008721 62 63 78
3518197 0 78 0.5053365666 0.0002399509 0.0000001139 0 0 0
3520818 4 5741 0.0000000000 0.0000000000 0.0000000000 0 0 0
3527339 0 109 0.0817037546 0.0000125293 0.0000000019 0 0 0
3529632 0 93 0.3818597448 0.0001665328 0.0000000726 0 0 0
3532019 0 78 0.3040140553 0.0001273624 0.0000000534 0 0 0
3533594 2 203 0.5293779823 0.0003361130 0.0000002134 63 78 62
3542050 2 234 0.2321166011 0.0000274499 0.0000000032 78 93 63
3542284 4 27456 0.0000000000 0.0000000000 0.0000000000 0 0 0
3570691 0 78 0.0047677891 0.0000001678 0.0000000000 0 0 0
3571456 4 6084 0.0000000000 0.0000000000 0.0000000000 0 0 0
3577992 0 78 0.0139956405 0.0000021413 0.0000000003 0 0 0
3578710 0 78 0.8562402619 0.0011925352 0.0000016609 0 0 0
3579849 0 78 0.2018664799 0.0001772313 0.0000001556 0 0 0
3580738 2 390 0.5867406807 0.0006600008 0.0000007424 62 281 47
3583686 0 78 0.1805933494 0.0000612596 0.0000000208 0 0 0
3586151 0 62 0.6916867754 0.0002806032 0.0000001138 0 0 0
3588351 0 78 0.3753208621 0.0001706004 0.0000000775 0 0 0
3589193 0 62 0.4063201680 0.0004825655 0.0000005731 0 0 0
3595542 2 203 0.4910926696 0.0002861845 0.0000001668 47 78 78
3600019 4 6584 0.0000000000 0.0000000000 0.0000000000 0 0 0
3607991 0 78 0.0440158587 0.0000055213 0.0000000007 0 0 0
3610846 0 78 0.6947987790 0.0002433621 0.0000000852 0 0 0
3612219 1 109 0.6095006865 0.0004439189 0.0000003233 0 0 0
3614824 0 62 0.3367084892 0.0001292547 0.0000000496 0 0 0
3618381 0 93 0.0534308867 0.0000150213 0.0000000042 0 0 0
3620050 0 94 0.4172494754 0.0002499997 0.0000001498 0 0 0
3622374 0 63 0.5409555721 0.0002327692 0.0000001002 0 0 0
3623264 0 78 0.1189422529 0.0001336430 0.0000001502 0 0 0
3624668 2 187 0.6661398854 0.0004744586 0.0000003379 62 62 63
3629519 0 94 0.4200279980 0.0000865859 0.0000000178 0 0 0
3630876 0 78 0.3323978351 0.0002449505 0.0000001805 0 0 0
3631797 0 93 0.1802723426 0.0001957354 0.0000002125 0 0 0
3633014 2 187 0.7154891986 0.0005879122 0.0000004831 46 94 47
3637023 2 203 0.0805518159 0.0000200927 0.0000000050 47 93 63
3637975 4 16395 0.0000000000 0.0000000000 0.0000000000 0 0 0
3654760 0 78 0.0075518612 0.0000004499 0.0000000000 0 0 0
3655805 0 94 0.6860058527 0.0006564649 0.0000006282 0 0 0
3658317 0 78 0.2436375488 0.0000969895 0.0000000386 0 0 0
3658910 0 62 0.3310091723 0.0005581942 0.0000009413 0 0 0
3659861 4 26053 0.0000000000 0.0000000000 0.0000000000 0 0 0
3687006 0 93 0.0380052950 0.0000014001 0.0000000001 0 0 0
3688519 0 93 0.7753403425 0.0005124523 0.0000003387 0 0 0
