86.9603174603 14.5353432389
73.0000000000 7.0710678119
526.7500000000 64.8705441630
85.7500000000 7.7580603246
351.0000000000 60.2785202207
90.0000000000 13.2664991614
0.2388720321 0.2271191898
0.0001281524 0.0001662852
0.0000000962 0.0000001587

873 0 94 0.8552424881 0.0009796592 0.0000011222 0 0 0
9859 4 5101 0.0000000000 0.0000000000 0.0000000000 0 0 0
15834 0 78 0.1573257465 0.0000263307 0.0000000044 0 0 0
24866 0 94 0.3095972147 0.0003053227 0.0000003011 0 0 0
26364 2 593 0.5907448709 0.0003943557 0.0000002633 93 422 78
32370 4 8268 0.0000000000 0.0000000000 0.0000000000 0 0 0
41543 0 109 0.0297714814 0.0000032456 0.0000000004 0 0 0
42354 2 421 0.2792645219 0.0003443459 0.0000004246 78 265 78
44944 3 374 0.3450988349 0.0001332428 0.0000000514 0 0 0
45427 4 6583 0.0000000000 0.0000000000 0.0000000000 0 0 0
52790 0 94 0.0353449053 0.0000048003 0.0000000007 0 0 0
54444 1 78 0.0703259036 0.0000425187 0.0000000257 0 0 0
55271 0 62 0.1048858160 0.0001268269 0.0000001534 0 0 0
61495 4 44570 0.0000000000 0.0000000000 0.0000000000 0 0 0
107672 4 14679 0.0000000000 0.0000000000 0.0000000000 0 0 0
122991 4 13915 0.0000000000 0.0000000000 0.0000000000 0 0 0
138856 2 531 0.0212365255 0.0000013386 0.0000000001 94 327 110
140619 4 14960 0.0000000000 0.0000000000 0.0000000000 0 0 0
158575 0 78 0.0364746820 0.0000020313 0.0000000001 0 0 0
165096 4 12058 0.0000000000 0.0000000000 0.0000000000 0 0 0
181803 4 69202 0.0000000000 0.0000000000 0.0000000000 0 0 0
252331 0 94 0.0176420830 0.0000002501 0.0000000000 0 0 0
253844 4 5539 0.0000000000 0.0000000000 0.0000000000 0 0 0
340955 4 8861 0.0000000000 0.0000000000 0.0000000000 0 0 0
349832 4 7082 0.0000000000 0.0000000000 0.0000000000 0 0 0
362390 0 78 0.0462972647 0.0000036867 0.0000000003 0 0 0
368614 0 110 0.1248385071 0.0000200576 0.0000000032 0 0 0
374714 0 78 0.2036680407 0.0000333882 0.0000000055 0 0 0
386180 1 63 0.0469556594 0.0000040952 0.0000000004 0 0 0
386913 0 63 0.0917445873 0.0001251631 0.0000001708 0 0 0
388926 0 109 0.2259751829 0.0001122579 0.0000000558 0 0 0
393996 0 109 0.1953439030 0.0000385294 0.0000000076 0 0 0
395415 0 110 0.1479810543 0.0001042855 0.0000000735 0 0 0
397053 0 94 0.1674121665 0.0001022052 0.0000000624 0 0 0
411827 4 5694 0.0000000000 0.0000000000 0.0000000000 0 0 0
463557 4 6957 0.0000000000 0.0000000000 0.0000000000 0 0 0
483556 0 109 0.0391196867 0.0000019561 0.0000000001 0 0 0
491184 4 220352 0.0000000000 0.0000000000 0.0000000000 0 0 0
732346 0 94 0.0108054225 0.0000000448 0.0000000000 0 0 0
732534 4 8626 0.0000000000 0.0000000000 0.0000000000 0 0 0
741301 4 7659 0.0000000000 0.0000000000 0.0000000000 0 0 0
757073 4 11278 0.0000000000 0.0000000000 0.0000000000 0 0 0
770925 0 110 0.0911706268 0.0000065818 0.0000000005 0 0 0
775512 0 109 0.0025466893 0.0000010809 0.0000000005 0 0 0
782282 0 109 0.0176325206 0.0000026045 0.0000000004 0 0 0
785418 0 94 0.0376914830 0.0000120190 0.0000000038 0 0 0
786635 4 12995 0.0000000000 0.0000000000 0.0000000000 0 0 0
809426 0 94 0.2581731672 0.0000807296 0.0000000252 0 0 0
810050 0 94 0.1378205128 0.0002208662 0.0000003540 0 0 0
810721 0 94 0.1416369669 0.0002110834 0.0000003146 0 0 0
811938 0 78 0.1104832332 0.0000907833 0.0000000746 0 0 0
821205 0 109 0.0426110430 0.0000110563 0.0000000029 0 0 0
822219 0 78 0.0534252226 0.0000526876 0.0000000520 0 0 0
830019 0 109 0.2640239086 0.0000338492 0.0000000043 0 0 0
837787 4 272581 0.0000000000 0.0000000000 0.0000000000 0 0 0
1111132 0 110 0.0016562165 0.0000000061 0.0000000000 0 0 0
1112490 0 109 0.2183141447 0.0001607615 0.0000001184 0 0 0
1113223 0 78 0.4591180317 0.0006263547 0.0000008545 0 0 0
1118246 0 94 0.3815659605 0.0000759638 0.0000000151 0 0 0
1119416 0 78 0.1005160967 0.0000859112 0.0000000734 0 0 0
1120243 0 78 0.1562709407 0.0001889612 0.0000002285 0 0 0
1121163 0 94 0.0935058466 0.0001016368 0.0000001105 0 0 0
1122208 0 63 0.3243867926 0.0003104180 0.0000002971 0 0 0
1143206 3 94 0.4613435047 0.0000276386 0.0000000017 0 0 0
1143612 0 78 0.0436324548 0.0001074691 0.0000002647 0 0 0
1145125 0 78 0.9570896485 0.0006325774 0.0000004181 0 0 0
1146607 0 62 0.9399764785 0.0006342621 0.0000004280 0 0 0
1149649 0 78 0.4280723105 0.0003267728 0.0000002494 0 0 0
1156107 0 78 0.5492151316 0.0000850442 0.0000000132 0 0 0
1158354 0 62 0.8594289834 0.0003824784 0.0000001702 0 0 0
1165327 4 21263 0.0000000000 0.0000000000 0.0000000000 0 0 0
1188056 2 562 0.0802390004 0.0000035302 0.0000000002 78 390 94
1191177 0 78 0.0831548728 0.0000266437 0.0000000085 0 0 0
1194687 0 109 0.0966306205 0.0000275301 0.0000000078 0 0 0
1195420 0 93 0.0643831727 0.0000878352 0.0000001198 0 0 0
1197058 0 78 0.3054763799 0.0001864935 0.0000001139 0 0 0
1199242 0 78 0.0830552109 0.0000380289 0.0000000174 0 0 0
1201909 0 94 0.1081623006 0.0000405558 0.0000000152 0 0 0
1204047 0 93 0.4032670572 0.0001886188 0.0000000882 0 0 0
1213563 4 5678 0.0000000000 0.0000000000 0.0000000000 0 0 0
1220520 0 94 0.1051984961 0.0000151212 0.0000000022 0 0 0
1227244 0 109 0.0592841630 0.0000088168 0.0000000013 0 0 0
1229288 0 62 0.5323510150 0.0002604457 0.0000001274 0 0 0
1230177 0 78 0.1703174895 0.0001915832 0.0000002155 0 0 0
1230255 4 10842 0.0000000000 0.0000000000 0.0000000000 0 0 0
1241830 1 78 0.0598873317 0.0000051739 0.0000000004 0 0 0
1242813 0 78 0.0729330416 0.0000741943 0.0000000755 0 0 0
1244638 0 62 0.1995966347 0.0001093680 0.0000000599 0 0 0
1245278 4 30857 0.0000000000 0.0000000000 0.0000000000 0 0 0
1293654 4 14445 0.0000000000 0.0000000000 0.0000000000 0 0 0
1311422 0 78 0.2074841307 0.0000116774 0.0000000007 0 0 0
1313590 0 63 0.6010738231 0.0002772481 0.0000001279 0 0 0
1327022 4 51777 0.0000000000 0.0000000000 0.0000000000 0 0 0
1381545 4 164596 0.0000000000 0.0000000000 0.0000000000 0 0 0
1547280 0 94 0.0064075655 0.0000000387 0.0000000000 0 0 0
1547374 4 6848 0.0000000000 0.0000000000 0.0000000000 0 0 0
1561757 4 26816 0.0000000000 0.0000000000 0.0000000000 0 0 0
1610960 0 93 0.1274411704 0.0000025901 0.0000000001 0 0 0
1611974 4 63742 0.0000000000 0.0000000000 0.0000000000 0 0 0
1685918 0 78 0.0216498199 0.0000002928 0.0000000000 0 0 0
1692907 4 5819 0.0000000000 0.0000000000 0.0000000000 0 0 0
1699319 4 7020 0.0000000000 0.0000000000 0.0000000000 0 0 0
1707696 4 5085 0.0000000000 0.0000000000 0.0000000000 0 0 0
1724497 4 11232 0.0000000000 0.0000000000 0.0000000000 0 0 0
1740472 0 78 0.4108349995 0.0001016667 0.0000000252 0 0 0
1742983 0 94 0.3801916554 0.0002539690 0.0000001697 0 0 0
1749910 0 93 0.3282695524 0.0000794072 0.0000000192 0 0 0
1754527 0 94 0.4154578807 0.0000899844 0.0000000195 0 0 0
1757226 0 94 0.1272773069 0.0000471572 0.0000000175 0 0 0
1767070 4 66940 0.0000000000 0.0000000000 0.0000000000 0 0 0
1852527 4 25678 0.0000000000 0.0000000000 0.0000000000 0 0 0
1897549 4 13791 0.0000000000 0.0000000000 0.0000000000 0 0 0
1912619 0 78 0.0160924433 0.0000010678 0.0000000001 0 0 0
1916222 0 63 0.1212743075 0.0000336593 0.0000000093 0 0 0
1917236 0 94 0.2666856980 0.0002630036 0.0000002594 0 0 0
1918360 0 78 0.2191296217 0.0001949552 0.0000001734 0 0 0
1921090 0 109 0.0582020949 0.0000213194 0.0000000078 0 0 0
1922088 0 94 0.2139430883 0.0002143718 0.0000002148 0 0 0
1927735 0 109 0.0897505299 0.0000158935 0.0000000028 0 0 0
1929420 0 94 0.7828344578 0.0004645902 0.0000002757 0 0 0
1962960 4 104646 0.0000000000 0.0000000000 0.0000000000 0 0 0
2068620 4 5132 0.0000000000 0.0000000000 0.0000000000 0 0 0
2090475 4 5897 0.0000000000 0.0000000000 0.0000000000 0 0 0
2097340 4 8954 0.0000000000 0.0000000000 0.0000000000 0 0 0
2106294 0 109 0.0000000000 0.0000000000 0.0000000000 0 0 0
2109476 0 78 0.3848882402 0.0001209580 0.0000000380 0 0 0
2123969 4 73118 0.0000000000 0.0000000000 0.0000000000 0 0 0
2197991 0 94 0.0101459665 0.0000001371 0.0000000000 0 0 0
2198834 4 5039 0.0000000000 0.0000000000 0.0000000000 0 0 0
2209379 0 78 0.1573410900 0.0000149209 0.0000000014 0 0 0
2214449 0 78 0.2641853744 0.0000521076 0.0000000103 0 0 0
2218583 0 94 0.0996100288 0.0000240953 0.0000000058 0 0 0
2220643 0 78 0.1821205473 0.0000884080 0.0000000429 0 0 0
2220721 4 8315 0.0000000000 0.0000000000 0.0000000000 0 0 0
2229394 0 94 0.0090363395 0.0000010419 0.0000000001 0 0 0
2230549 0 78 0.2537189273 0.0002196701 0.0000001902 0 0 0
2240580 0 93 0.0967722374 0.0000096473 0.0000000010 0 0 0
2251781 0 78 0.3490473122 0.0000555189 0.0000000088 0 0 0
2257319 0 93 0.4504658271 0.0000813409 0.0000000147 0 0 0
2268301 0 109 0.1686108719 0.0000153534 0.0000000014 0 0 0
2299158 0 78 0.3050152043 0.0000098848 0.0000000003 0 0 0
2301061 4 220898 0.0000000000 0.0000000000 0.0000000000 0 0 0
2527746 4 19173 0.0000000000 0.0000000000 0.0000000000 0 0 0
2549087 0 94 0.1688258591 0.0000079109 0.0000000004 0 0 0
2550008 0 62 0.1884628325 0.0002046285 0.0000002222 0 0 0
2551271 0 78 0.8805863225 0.0006972180 0.0000005520 0 0 0
2552925 0 78 0.7839922660 0.0004739977 0.0000002866 0 0 0
2554344 0 78 0.0532959047 0.0000375588 0.0000000265 0 0 0
2556138 0 63 0.6792270286 0.0003786104 0.0000002110 0 0 0
2562597 4 326214 0.0000000000 0.0000000000 0.0000000000 0 0 0
2889684 0 78 0.0011239038 0.0000000034 0.0000000000 0 0 0
2907188 4 24819 0.0000000000 0.0000000000 0.0000000000 0 0 0
2932085 4 37550 0.0000000000 0.0000000000 0.0000000000 0 0 0
2971725 0 78 0.0217194227 0.0000005479 0.0000000000 0 0 0
2973410 4 8096 0.0000000000 0.0000000000 0.0000000000 0 0 0
2997231 4 88234 0.0000000000 0.0000000000 0.0000000000 0 0 0
3093375 4 90496 0.0000000000 0.0000000000 0.0000000000 0 0 0
3186944 0 78 0.0088654540 0.0000000947 0.0000000000 0 0 0
3188645 0 78 0.6552027591 0.0003851868 0.0000002264 0 0 0
3190064 0 109 0.2786098178 0.0001963424 0.0000001384 0 0 0
3198254 0 78 0.0755920322 0.0000092298 0.0000000011 0 0 0
3202232 0 78 0.3153335897 0.0000792694 0.0000000199 0 0 0
3205789 0 109 0.2848368749 0.0000800778 0.0000000225 0 0 0
3218690 4 6646 0.0000000000 0.0000000000 0.0000000000 0 0 0
3228534 0 94 0.1646428362 0.0000167252 0.0000000017 0 0 0
3237613 4 42261 0.0000000000 0.0000000000 0.0000000000 0 0 0
3281855 0 94 0.0212183889 0.0000004796 0.0000000000 0 0 0
3284804 0 62 0.5078663077 0.0001722164 0.0000000584 0 0 0
3286613 0 78 0.2438653604 0.0001348067 0.0000000745 0 0 0
3296862 0 78 0.0414475421 0.0000040441 0.0000000004 0 0 0
3298157 0 78 0.4214343525 0.0003254319 0.0000002513 0 0 0
3299655 0 78 0.3644195060 0.0002432707 0.0000001624 0 0 0
3310185 4 8674 0.0000000000 0.0000000000 0.0000000000 0 0 0
3318859 0 109 0.0000000000 0.0000000000 0.0000000000 0 0 0
3322587 0 78 0.4982980579 0.0001336636 0.0000000359 0 0 0
3325255 0 78 0.6123057492 0.0002294999 0.0000000860 0 0 0
3326300 0 78 0.2607790582 0.0002495493 0.0000002388 0 0 0
3327735 0 78 0.1975398655 0.0001376584 0.0000000959 0 0 0
3335738 4 15007 0.0000000000 0.0000000000 0.0000000000 0 0 0
3351900 4 5382 0.0000000000 0.0000000000 0.0000000000 0 0 0
3361478 0 62 0.3036014620 0.0000316978 0.0000000033 0 0 0
3363022 0 78 0.4185046253 0.0002710522 0.0000001756 0 0 0
3367156 0 110 0.0899497733 0.0000217585 0.0000000053 0 0 0
3368326 0 78 0.3861820300 0.0003300701 0.0000002821 0 0 0
3370386 0 109 0.5499775292 0.0002669794 0.0000001296 0 0 0
3372024 0 62 0.7678411837 0.0004687675 0.0000002862 0 0 0
3374442 0 93 0.1070255792 0.0000442620 0.0000000183 0 0 0
3376283 0 78 0.3226498579 0.0001752579 0.0000000952 0 0 0
3413879 4 28392 0.0000000000 0.0000000000 0.0000000000 0 0 0
3449307 4 186343 0.0000000000 0.0000000000 0.0000000000 0 0 0
3636867 0 109 0.0054022593 0.0000000288 0.0000000000 0 0 0
3641313 0 78 0.0994318576 0.0000223643 0.0000000050 0 0 0
3641391 4 6879 0.0000000000 0.0000000000 0.0000000000 0 0 0
3650985 0 93 0.3058085254 0.0000318750 0.0000000033 0 0 0
3656086 0 94 0.5480340110 0.0001268304 0.0000000294 0 0 0
3657880 3 624 0.0193972087 0.0000303081 0.0000000474 0 0 0
