100.7071129707 15.6907213351
100.0000000000 15.8871016866
561.6222222222 79.1657302089
105.0666666667 32.2396581178
353.6000000000 84.2025072205
102.9555555556 35.3980260313
0.2448428908 0.2261984944
0.0001637740 0.0002485437
0.0000001785 0.0000005390

2278 0 93 0.5341256352 0.0002344713 0.0000001029 0 0 0
5772 0 94 0.3399004310 0.0000972812 0.0000000278 0 0 0
8097 0 78 0.3606440738 0.0001551157 0.0000000667 0 0 0
9033 0 109 0.6370494466 0.0006806084 0.0000007271 0 0 0
22574 4 6988 0.0000000000 0.0000000000 0.0000000000 0 0 0
50810 0 109 0.0167983773 0.0000005949 0.0000000000 0 0 0
75817 3 1451 0.1168622901 0.0000254768 0.0000000056 0 0 0
89202 0 93 0.0797523285 0.0000059583 0.0000000004 0 0 0
96378 0 109 0.2686534249 0.0000374378 0.0000000052 0 0 0
97111 0 109 0.1526796174 0.0002082942 0.0000002842 0 0 0
98530 0 78 0.0000000000 0.0000000000 0.0000000000 0 0 0
100434 0 109 0.4667867934 0.0002451611 0.0000001288 0 0 0
105941 2 592 0.1926478316 0.0000349824 0.0000000064 109 390 93
121868 0 125 0.1659999338 0.0000104225 0.0000000007 0 0 0
124005 4 9376 0.0000000000 0.0000000000 0.0000000000 0 0 0
155752 4 10093 0.0000000000 0.0000000000 0.0000000000 0 0 0
168825 4 6271 0.0000000000 0.0000000000 0.0000000000 0 0 0
199432 4 8034 0.0000000000 0.0000000000 0.0000000000 0 0 0
208418 0 93 0.1427281601 0.0000158834 0.0000000018 0 0 0
211460 0 78 0.6507009041 0.0002139056 0.0000000703 0 0 0
214798 0 94 0.9565420164 0.0004115930 0.0000001771 0 0 0
215843 0 109 0.4229267940 0.0004047146 0.0000003873 0 0 0
216498 0 94 0.2265156065 0.0003458254 0.0000005280 0 0 0
220820 0 124 0.0420894138 0.0000097384 0.0000000023 0 0 0
220944 4 10702 0.0000000000 0.0000000000 0.0000000000 0 0 0
236981 0 110 0.0400764420 0.0000024990 0.0000000002 0 0 0
240803 4 10905 0.0000000000 0.0000000000 0.0000000000 0 0 0
254656 0 109 0.0707501256 0.0000051072 0.0000000004 0 0 0
260569 0 93 0.1752572882 0.0002201725 0.0000002766 0 0 0
262706 0 109 0.0945733448 0.0000739432 0.0000000578 0 0 0
264547 0 109 0.5457977484 0.0002964681 0.0000001610 0 0 0
268260 4 5694 0.0000000000 0.0000000000 0.0000000000 0 0 0
284343 0 125 0.0198512143 0.0000012343 0.0000000001 0 0 0
289086 0 109 0.0007199424 0.0000005183 0.0000000004 0 0 0
291831 0 125 0.3885180695 0.0001415366 0.0000000516 0 0 0
303500 0 109 0.1820074481 0.0000155975 0.0000000013 0 0 0
309896 0 109 0.3546399119 0.0000762831 0.0000000164 0 0 0
310973 0 93 0.7307352195 0.0006784914 0.0000006300 0 0 0
312845 0 109 0.1551886250 0.0000828999 0.0000000443 0 0 0
313484 2 499 0.7657259202 0.0011983191 0.0000018753 109 281 109
322033 4 36364 0.0000000000 0.0000000000 0.0000000000 0 0 0
359005 0 94 0.0320635639 0.0000008672 0.0000000000 0 0 0
359863 0 125 0.0366566644 0.0000427234 0.0000000498 0 0 0
367024 0 78 0.1742198741 0.0000243290 0.0000000034 0 0 0
374465 0 109 0.4314566285 0.0000579837 0.0000000078 0 0 0
387554 0 93 0.1906486431 0.0000330299 0.0000000057 0 0 0
389504 0 93 0.6666160466 0.0005545891 0.0000004614 0 0 0
392951 0 78 0.2549932732 0.0001267362 0.0000000630 0 0 0
394667 0 94 0.2339026856 0.0001363069 0.0000000794 0 0 0
395837 0 78 0.4702538606 0.0004019264 0.0000003435 0 0 0
397226 2 608 0.4681668989 0.0003370532 0.0000002427 78 436 94
399066 4 5632 0.0000000000 0.0000000000 0.0000000000 0 0 0
414557 0 94 0.1071320128 0.0000069158 0.0000000004 0 0 0
415306 0 109 0.5719387421 0.0007636031 0.0000010195 0 0 0
415915 0 109 0.7584088404 0.0012453347 0.0000020449 0 0 0
416991 2 406 0.4918218877 0.0004570835 0.0000004248 109 234 63
435992 4 10468 0.0000000000 0.0000000000 0.0000000000 0 0 0
447520 4 8986 0.0000000000 0.0000000000 0.0000000000 0 0 0
457317 4 17550 0.0000000000 0.0000000000 0.0000000000 0 0 0
481170 0 125 0.0175541969 0.0000007359 0.0000000000 0 0 0
485257 4 12215 0.0000000000 0.0000000000 0.0000000000 0 0 0
498813 4 18799 0.0000000000 0.0000000000 0.0000000000 0 0 0
519343 4 6599 0.0000000000 0.0000000000 0.0000000000 0 0 0
530747 4 17909 0.0000000000 0.0000000000 0.0000000000 0 0 0
550606 0 78 0.0231844135 0.0000011675 0.0000000001 0 0 0
554787 0 109 0.1529108090 0.0000365728 0.0000000087 0 0 0
565239 0 93 0.2741609913 0.0000262305 0.0000000025 0 0 0
577360 0 109 0.1274477077 0.0000105146 0.0000000009 0 0 0
583272 0 110 0.0863117123 0.0000145994 0.0000000025 0 0 0
593740 0 109 0.0805625729 0.0000076961 0.0000000007 0 0 0
600386 0 109 0.1847677058 0.0000278013 0.0000000042 0 0 0
602523 0 125 0.1608162604 0.0000752533 0.0000000352 0 0 0
603319 4 36597 0.0000000000 0.0000000000 0.0000000000 0 0 0
642896 0 125 0.0173920413 0.0000004394 0.0000000000 0 0 0
647950 4 7395 0.0000000000 0.0000000000 0.0000000000 0 0 0
656640 0 109 0.0576222726 0.0000066309 0.0000000008 0 0 0
660477 0 109 0.1682081743 0.0000438385 0.0000000114 0 0 0
661086 4 7051 0.0000000000 0.0000000000 0.0000000000 0 0 0
668839 0 109 0.0428761095 0.0000055303 0.0000000007 0 0 0
668948 4 8752 0.0000000000 0.0000000000 0.0000000000 0 0 0
677918 0 94 0.0157500337 0.0000017559 0.0000000002 0 0 0
678698 4 9922 0.0000000000 0.0000000000 0.0000000000 0 0 0
689696 0 109 0.0604780759 0.0000054990 0.0000000005 0 0 0
691069 2 452 0.4931701509 0.0003591917 0.0000002616 78 250 124
691787 2 546 0.3370473538 0.0004694253 0.0000006538 140 281 125
692613 0 94 0.1101694915 0.0001333771 0.0000001615 0 0 0
694954 0 109 0.4369468070 0.0002568764 0.0000001510 0 0 0
695063 4 5647 0.0000000000 0.0000000000 0.0000000000 0 0 0
708541 0 94 0.0447037339 0.0000033168 0.0000000002 0 0 0
709805 4 53945 0.0000000000 0.0000000000 0.0000000000 0 0 0
765731 0 94 0.0862494000 0.0000015422 0.0000000000 0 0 0
767151 0 109 0.5135808767 0.0003616767 0.0000002547 0 0 0
773094 0 125 0.2843041209 0.0001146388 0.0000000462 0 0 0
774342 0 110 0.2370259886 0.0001899247 0.0000001522 0 0 0
775700 0 93 0.8874311640 0.0006534839 0.0000004812 0 0 0
779974 1 78 0.2929336461 0.0000685385 0.0000000160 0 0 0
780333 0 93 0.2637092775 0.0007345662 0.0000020461 0 0 0
780582 1 94 0.0762265317 0.0003061306 0.0000012294 0 0 0
781160 1 109 0.0000000000 0.0000000000 0.0000000000 0 0 0
781440 2 609 0.0250000000 0.0000892857 0.0000003189 110 358 141
783281 0 94 0.9020146880 0.0004899591 0.0000002661 0 0 0
790099 4 5803 0.0000000000 0.0000000000 0.0000000000 0 0 0
798507 0 78 0.0368020039 0.0000302399 0.0000000248 0 0 0
799693 4 6037 0.0000000000 0.0000000000 0.0000000000 0 0 0
809879 0 78 0.1398603975 0.0000446126 0.0000000142 0 0 0
814856 0 78 0.1408239240 0.0000282949 0.0000000057 0 0 0
833061 0 125 0.1861614498 0.0000216190 0.0000000025 0 0 0
838927 4 9485 0.0000000000 0.0000000000 0.0000000000 0 0 0
854075 4 28907 0.0000000000 0.0000000000 0.0000000000 0 0 0
887396 2 640 0.0585883415 0.0000017583 0.0000000001 47 499 94
891312 0 78 0.3552755981 0.0000907241 0.0000000232 0 0 0
893683 0 78 0.4314664747 0.0001819766 0.0000000768 0 0 0
895898 0 110 0.0957967161 0.0000432491 0.0000000195 0 0 0
902575 2 577 0.3213016783 0.0000481207 0.0000000072 47 452 78
904073 0 93 0.2348901461 0.0001568025 0.0000001047 0 0 0
907364 4 8549 0.0000000000 0.0000000000 0.0000000000 0 0 0
919626 0 78 0.0498813354 0.0000040680 0.0000000003 0 0 0
926303 0 94 0.3143893591 0.0003801564 0.0000004597 0 0 0
934711 0 110 0.2441535661 0.0000290382 0.0000000035 0 0 0
939079 0 110 0.1513068798 0.0000346399 0.0000000079 0 0 0
940062 0 125 0.0513458637 0.0000522338 0.0000000531 0 0 0
950546 0 109 0.0244538541 0.0000023325 0.0000000002 0 0 0
957987 4 10904 0.0000000000 0.0000000000 0.0000000000 0 0 0
968954 4 76097 0.0000000000 0.0000000000 0.0000000000 0 0 0
1047453 0 94 0.0352949248 0.0000004496 0.0000000000 0 0 0
1049076 0 109 0.6889122204 0.0004244684 0.0000002615 0 0 0
1054863 1 125 0.1520848652 0.0000262804 0.0000000045 0 0 0
1056018 0 109 0.2689397365 0.0002328483 0.0000002016 0 0 0
1060339 0 109 0.1422895886 0.0000329298 0.0000000076 0 0 0
1066283 0 124 0.3843252963 0.0001423954 0.0000000528 0 0 0
1067109 4 76347 0.0000000000 0.0000000000 0.0000000000 0 0 0
1143456 3 203 0.0000000000 0.0000000000 0.0000000000 0 0 0
1156997 2 437 0.5531343990 0.0000854394 0.0000000132 78 219 140
1164813 0 78 0.3615743408 0.0001379528 0.0000000526 0 0 0
1171942 4 72229 0.0000000000 0.0000000000 0.0000000000 0 0 0
1247010 4 37300 0.0000000000 0.0000000000 0.0000000000 0 0 0
1295199 2 639 0.3730974142 0.0001868290 0.0000000936 78 483 78
1296244 2 530 0.2284238608 0.0002185874 0.0000002092 78 374 78
1298225 0 109 0.1114672154 0.0001099282 0.0000001084 0 0 0
1299021 2 577 0.3017028823 0.0003790237 0.0000004762 109 374 94
1299894 2 624 0.0783667967 0.0000897672 0.0000001028 109 390 125
1300924 0 125 0.0582524272 0.0000565558 0.0000000549 0 0 0
1302359 0 94 0.1617560286 0.0001127220 0.0000000786 0 0 0
1304309 0 125 0.0951097893 0.0000487743 0.0000000250 0 0 0
1304434 4 6240 0.0000000000 0.0000000000 0.0000000000 0 0 0
1310674 0 125 0.0000000000 0.0000000000 0.0000000000 0 0 0
1315057 4 8425 0.0000000000 0.0000000000 0.0000000000 0 0 0
1332686 4 45380 0.0000000000 0.0000000000 0.0000000000 0 0 0
1379080 0 94 0.0130628170 0.0000002816 0.0000000000 0 0 0
1379892 4 73648 0.0000000000 0.0000000000 0.0000000000 0 0 0
1455443 0 125 0.0570437388 0.0000007550 0.0000000000 0 0 0
1463430 0 78 0.3056246310 0.0000382653 0.0000000048 0 0 0
1465271 0 78 0.3031885966 0.0001646869 0.0000000895 0 0 0
1466644 0 93 0.4136926438 0.0003013056 0.0000002195 0 0 0
1467346 0 93 0.3321862442 0.0004731998 0.0000006741 0 0 0
1468500 0 94 0.8633082649 0.0007481007 0.0000006483 0 0 0
1469795 0 78 1.0244989937 0.0007911189 0.0000006109 0 0 0
1470762 0 109 0.7384613855 0.0007636622 0.0000007897 0 0 0
1475364 2 593 0.1392424934 0.0000302570 0.0000000066 125 406 62
1479701 0 78 0.1248205098 0.0001482429 0.0000001761 0 0 0
1483804 0 78 0.0421239160 0.0000102666 0.0000000025 0 0 0
1492867 0 110 0.3662964230 0.0001909783 0.0000000996 0 0 0
1493491 2 500 0.1764219043 0.0002827274 0.0000004531 125 265 110
1494225 0 78 0.0131564772 0.0000179244 0.0000000244 0 0 0
1495161 0 78 0.0876260754 0.0000936176 0.0000001000 0 0 0
1502836 3 827 0.1415700812 0.0000235088 0.0000000039 0 0 0
1504037 0 109 0.2498624544 0.0002080453 0.0000001732 0 0 0
1506237 3 1825 0.0373287571 0.0000169676 0.0000000077 0 0 0
1509825 0 78 0.1437957384 0.0000400769 0.0000000112 0 0 0
1512149 3 1045 0.4506398878 0.0001939070 0.0000000834 0 0 0
1516268 0 78 0.1703404909 0.0000413548 0.0000000100 0 0 0
1516346 4 160135 0.0000000000 0.0000000000 0.0000000000 0 0 0
1676496 4 70684 0.0000000000 0.0000000000 0.0000000000 0 0 0
1747196 4 89841 0.0000000000 0.0000000000 0.0000000000 0 0 0
1860874 0 125 0.2773097804 0.0001111017 0.0000000445 0 0 0
1863822 0 109 0.4001440185 0.0002397508 0.0000001436 0 0 0
1863931 4 6537 0.0000000000 0.0000000000 0.0000000000 0 0 0
1870749 0 78 0.0503070090 0.0000073786 0.0000000011 0 0 0
1874461 0 78 0.3308119443 0.0001099043 0.0000000365 0 0 0
1875507 0 78 0.7763598359 0.0007422178 0.0000007096 0 0 0
1876396 0 109 0.3821403054 0.0004298541 0.0000004835 0 0 0
1879032 0 94 0.0000000000 0.0000000000 0.0000000000 0 0 0
1882262 0 93 0.4543224739 0.0001406571 0.0000000435 0 0 0
1894055 2 468 0.0877776552 0.0000123128 0.0000000017 47 359 62
1895022 0 94 0.0228780823 0.0000236588 0.0000000245 0 0 0
1900373 0 109 0.1837751654 0.0001636466 0.0000001457 0 0 0
1901606 4 13962 0.0000000000 0.0000000000 0.0000000000 0 0 0
1919452 2 421 0.0726192856 0.0000040692 0.0000000002 94 281 46
1920295 0 93 0.0083036773 0.0000098502 0.0000000117 0 0 0
1921090 0 78 0.0518817141 0.0000652600 0.0000000821 0 0 0
1922213 0 94 0.5835692965 0.0005196521 0.0000004627 0 0 0
1926940 4 52775 0.0000000000 0.0000000000 0.0000000000 0 0 0
1987063 0 109 0.0210362066 0.0000003499 0.0000000000 0 0 0
1990058 4 124099 0.0000000000 0.0000000000 0.0000000000 0 0 0
2145716 4 7691 0.0000000000 0.0000000000 0.0000000000 0 0 0
2153422 4 13307 0.0000000000 0.0000000000 0.0000000000 0 0 0
2167353 4 14586 0.0000000000 0.0000000000 0.0000000000 0 0 0
2182454 2 593 0.0088810349 0.0000005881 0.0000000000 94 218 281
2183187 4 66192 0.0000000000 0.0000000000 0.0000000000 0 0 0
2251453 0 125 0.0146672096 0.0000002149 0.0000000000 0 0 0
2255790 0 78 0.0435785105 0.0000100481 0.0000000023 0 0 0
2256648 0 78 0.3263783542 0.0003803944 0.0000004434 0 0 0
2258910 0 78 0.0004420866 0.0000001954 0.0000000001 0 0 0
2262140 3 4258 0.5345405187 0.0001654924 0.0000000512 0 0 0
2269269 0 78 0.3131277612 0.0002907407 0.0000002700 0 0 0
2271702 4 7566 0.0000000000 0.0000000000 0.0000000000 0 0 0
2283995 0 109 0.0963033060 0.0000078340 0.0000000006 0 0 0
2288488 0 94 0.3498024987 0.0000778550 0.0000000173 0 0 0
2294650 0 109 0.0001622850 0.0000000263 0.0000000000 0 0 0
2296647 0 94 0.8263175880 0.0004137795 0.0000002072 0 0 0
2297365 0 78 0.4512534819 0.0006284867 0.0000008753 0 0 0
2300391 0 78 0.4081456449 0.0001348796 0.0000000446 0 0 0
2302388 0 93 0.7684862963 0.0003848204 0.0000001927 0 0 0
2303729 2 593 0.2836197629 0.0002114987 0.0000001577 156 344 93
2310968 0 78 0.3054170081 0.0000556214 0.0000000101 0 0 0
2312621 4 9220 0.0000000000 0.0000000000 0.0000000000 0 0 0
2326240 0 78 0.0434396943 0.0000031896 0.0000000002 0 0 0
2327036 4 12137 0.0000000000 0.0000000000 0.0000000000 0 0 0
2340858 4 13915 0.0000000000 0.0000000000 0.0000000000 0 0 0
2363010 4 29843 0.0000000000 0.0000000000 0.0000000000 0 0 0
2393945 4 7254 0.0000000000 0.0000000000 0.0000000000 0 0 0
2409124 0 109 0.3976955430 0.0001300509 0.0000000425 0 0 0
2409483 3 156 0.7799442897 0.0021725468 0.0000060517 0 0 0
2409795 2 639 0.5544871795 0.0017772025 0.0000056962 124 422 93
2410606 0 109 0.1726263872 0.0002128562 0.0000002625 0 0 0
2413882 0 93 0.5471588905 0.0001670204 0.0000000510 0 0 0
2414475 3 811 0.0674536256 0.0001137498 0.0000001918 0 0 0
2415613 2 578 0.4072582416 0.0003578719 0.0000003145 110 358 110
2416596 0 125 0.1790437436 0.0001821401 0.0000001853 0 0 0
2418094 0 125 0.4846461949 0.0003235288 0.0000002160 0 0 0
2418921 2 483 0.3293946600 0.0003983007 0.0000004816 109 281 93
2420980 0 93 0.2675164205 0.0002597247 0.0000002522 0 0 0
2422415 0 94 0.5745536396 0.0004003858 0.0000002790 0 0 0
2424630 0 94 0.3021939268 0.0001364307 0.0000000616 0 0 0
2429170 0 109 0.2881829635 0.0000634764 0.0000000140 0 0 0
2440792 0 109 0.0602975115 0.0000051882 0.0000000004 0 0 0
2448405 4 5397 0.0000000000 0.0000000000 0.0000000000 0 0 0
2456751 0 125 0.0244778527 0.0000029329 0.0000000004 0 0 0
2457468 4 6131 0.0000000000 0.0000000000 0.0000000000 0 0 0
2471727 0 94 0.0558988011 0.0000039202 0.0000000003 0 0 0
2488700 4 22573 0.0000000000 0.0000000000 0.0000000000 0 0 0
2516109 0 125 0.0161956252 0.0000005909 0.0000000000 0 0 0
2516967 0 109 0.2435897436 0.0002839041 0.0000003309 0 0 0
2518090 0 110 0.4537116882 0.0004040175 0.0000003598 0 0 0
2521491 0 125 0.1893349311 0.0001134421 0.0000000680 0 0 0
2528917 0 109 0.0000000000 0.0000000000 0.0000000000 0 0 0
2530180 2 515 0.0054065140 0.0000042807 0.0000000034 110 312 93
2534985 0 94 1.0084901991 0.0002799029 0.0000000777 0 0 0
2551724 0 78 0.3205050132 0.0000191472 0.0000000011 0 0 0
2555874 0 93 0.2805520800 0.0000676029 0.0000000163 0 0 0
2558510 0 94 0.1477752831 0.0000560604 0.0000000213 0 0 0
2559945 0 110 0.1736212809 0.0001209904 0.0000000843 0 0 0
2561552 0 78 0.1672970683 0.0001041052 0.0000000648 0 0 0
2561630 4 7036 0.0000000000 0.0000000000 0.0000000000 0 0 0
2571006 0 94 0.6849686411 0.0004720666 0.0000003253 0 0 0
2572457 3 203 0.2371582712 0.0001634447 0.0000001126 0 0 0
2572722 0 78 0.0000000000 0.0000000000 0.0000000000 0 0 0
2573330 0 78 0.1069530109 0.0001759096 0.0000002893 0 0 0
2587979 2 468 0.1862503512 0.0000132506 0.0000000009 109 250 109
2589710 0 78 0.3388803338 0.0001957714 0.0000001131 0 0 0
2596200 0 78 0.0918849727 0.0000141579 0.0000000022 0 0 0
2598025 0 94 0.5357323727 0.0002935520 0.0000001609 0 0 0
2606044 0 109 0.0710712843 0.0000088629 0.0000000011 0 0 0
2606153 4 18361 0.0000000000 0.0000000000 0.0000000000 0 0 0
2633734 4 93788 0.0000000000 0.0000000000 0.0000000000 0 0 0
2727522 0 78 0.0000000000 0.0000000000 0.0000000000 0 0 0
2731125 0 125 0.9485519514 0.0004984508 0.0000002619 0 0 0
2733029 0 109 0.0000000000 0.0000000000 0.0000000000 0 0 0
2735883 3 156 0.3467667244 0.0001215020 0.0000000426 0 0 0
2741390 0 109 0.2091543164 0.0000603969 0.0000000174 0 0 0
2743137 0 110 0.6085295973 0.0003483283 0.0000001994 0 0 0
2744573 2 421 0.6376532180 0.0004440482 0.0000003092 78 265 78
2745306 0 109 0.2141882674 0.0002922077 0.0000003986 0 0 0
2750906 0 78 0.5775991750 0.0001198339 0.0000000249 0 0 0
2754494 0 110 0.1419141914 0.0000669091 0.0000000315 0 0 0
2755758 0 125 0.1205509885 0.0000953726 0.0000000755 0 0 0
2755930 4 13260 0.0000000000 0.0000000000 0.0000000000 0 0 0
2769985 0 109 0.0047111044 0.0000003352 0.0000000000 0 0 0
2778643 2 562 0.0969748370 0.0000112006 0.0000000013 125 328 109
2781358 2 608 0.1066410343 0.0000864891 0.0000000701 109 359 140
2783401 0 94 0.1252341180 0.0000612991 0.0000000300 0 0 0
2787348 4 12589 0.0000000000 0.0000000000 0.0000000000 0 0 0
2802371 2 686 0.0852107879 0.0000056720 0.0000000004 109 499 78
2803619 2 437 0.0921474359 0.0000738361 0.0000000592 31 281 125
2806833 4 6957 0.0000000000 0.0000000000 0.0000000000 0 0 0
2816520 0 125 0.1223995106 0.0000126354 0.0000000013 0 0 0
2824757 0 94 0.1465066187 0.0000177864 0.0000000022 0 0 0
2830061 0 125 0.0000000000 0.0000000000 0.0000000000 0 0 0
2832011 4 10374 0.0000000000 0.0000000000 0.0000000000 0 0 0
2842994 0 124 0.0640134345 0.0000058284 0.0000000005 0 0 0
2843930 0 124 0.3301282051 0.0003527011 0.0000003768 0 0 0
2850217 0 93 0.5102081062 0.0000811529 0.0000000129 0 0 0
2851901 0 125 0.5821749058 0.0003457096 0.0000002053 0 0 0
2868578 4 6162 0.0000000000 0.0000000000 0.0000000000 0 0 0
2875021 4 8720 0.0000000000 0.0000000000 0.0000000000 0 0 0
2884350 4 9516 0.0000000000 0.0000000000 0.0000000000 0 0 0
2897859 0 78 0.0748618692 0.0000055416 0.0000000004 0 0 0
2906096 0 109 0.1112782727 0.0000429646 0.0000000166 0 0 0
2906580 4 8595 0.0000000000 0.0000000000 0.0000000000 0 0 0
2920214 0 109 0.0731010474 0.0000053617 0.0000000004 0 0 0
2921166 2 624 0.2237394958 0.0002350205 0.0000002469 125 374 125
2922195 0 110 0.1098153547 0.0001067205 0.0000001037 0 0 0
2944082 0 125 0.1367836636 0.0000073496 0.0000000004 0 0 0
2944207 4 9033 0.0000000000 0.0000000000 0.0000000000 0 0 0
2961196 2 499 0.1276354251 0.0000269103 0.0000000057 109 296 94
2962194 0 109 0.0000000000 0.0000000000 0.0000000000 0 0 0
2980571 0 109 0.1563847796 0.0000196562 0.0000000025 0 0 0
2983831 4 18892 0.0000000000 0.0000000000 0.0000000000 0 0 0
3002739 4 11357 0.0000000000 0.0000000000 0.0000000000 0 0 0
3018838 0 109 0.0390882968 0.0000024280 0.0000000002 0 0 0
3026685 2 624 0.1673625344 0.0000259115 0.0000000040 93 422 109
3027621 2 655 0.1581196581 0.0001689313 0.0000001805 156 390 109
3029118 0 78 0.4327374138 0.0002890697 0.0000001931 0 0 0
3039539 0 94 0.1719080483 0.0000164963 0.0000000016 0 0 0
3041318 0 125 0.2144244742 0.0001205309 0.0000000678 0 0 0
3050584 0 94 0.1218132687 0.0000131463 0.0000000014 0 0 0
3050678 4 8112 0.0000000000 0.0000000000 0.0000000000 0 0 0
3059414 4 21497 0.0000000000 0.0000000000 0.0000000000 0 0 0
3113905 2 671 0.0000000000 0.0000000000 0.0000000000 125 483 63
3114701 2 530 0.0000000000 0.0000000000 0.0000000000 218 203 109
3116307 0 94 0.3861231272 0.0004060180 0.0000004269 0 0 0
3130675 4 7691 0.0000000000 0.0000000000 0.0000000000 0 0 0
3146946 0 125 0.1094430801 0.0000067263 0.0000000004 0 0 0
3151844 0 94 0.2813857496 0.0001030717 0.0000000378 0 0 0
3160019 0 78 0.2603531979 0.0000318475 0.0000000039 0 0 0
3161844 2 687 0.3028846154 0.0004853920 0.0000007779 94 499 94
3164512 0 93 0.1840329835 0.0000689779 0.0000000259 0 0 0
3165354 0 94 0.3380425923 0.0004014758 0.0000004768 0 0 0
3166072 0 78 0.2451253482 0.0003414002 0.0000004755 0 0 0
3168162 2 609 0.2608370105 0.0001248024 0.0000000597 109 422 78
3169223 2 624 0.1368267254 0.0001289602 0.0000001215 109 421 94
3169847 4 6942 0.0000000000 0.0000000000 0.0000000000 0 0 0
3179176 0 125 0.1179229806 0.0000126405 0.0000000014 0 0 0
3180034 4 7784 0.0000000000 0.0000000000 0.0000000000 0 0 0
3195384 4 8019 0.0000000000 0.0000000000 0.0000000000 0 0 0
3213309 0 109 0.0770362075 0.0000083835 0.0000000009 0 0 0
3215462 0 109 0.1396925313 0.0000648827 0.0000000301 0 0 0
3219268 4 12433 0.0000000000 0.0000000000 0.0000000000 0 0 0
3234338 0 93 0.0463279125 0.0000030742 0.0000000002 0 0 0
3237739 0 93 0.1318949146 0.0000387812 0.0000000114 0 0 0
3242107 0 124 0.2454194162 0.0000561858 0.0000000129 0 0 0
3246755 0 125 0.1824352714 0.0000392503 0.0000000084 0 0 0
3253947 4 6147 0.0000000000 0.0000000000 0.0000000000 0 0 0
3260858 0 94 0.1164937255 0.0000168563 0.0000000024 0 0 0
3262590 0 93 0.1050808314 0.0000606702 0.0000000350 0 0 0
3265117 0 93 0.2436290928 0.0000964104 0.0000000382 0 0 0
3266146 4 5414 0.0000000000 0.0000000000 0.0000000000 0 0 0
3272230 4 14306 0.0000000000 0.0000000000 0.0000000000 0 0 0
3287207 0 109 0.0237884992 0.0000015883 0.0000000001 0 0 0
3300435 0 125 0.1312715302 0.0000099238 0.0000000008 0 0 0
3301574 2 671 0.2329065752 0.0002044834 0.0000001795 141 468 62
3306254 0 109 0.0350427350 0.0000074878 0.0000000016 0 0 0
3307268 4 18986 0.0000000000 0.0000000000 0.0000000000 0 0 0
3326831 4 10155 0.0000000000 0.0000000000 0.0000000000 0 0 0
3340106 4 47144 0.0000000000 0.0000000000 0.0000000000 0 0 0
3387624 4 9314 0.0000000000 0.0000000000 0.0000000000 0 0 0
3397936 0 125 0.0865868757 0.0000083967 0.0000000008 0 0 0
3400869 0 125 0.6720670085 0.0002291398 0.0000000781 0 0 0
3402897 0 109 0.3222850523 0.0001589177 0.0000000784 0 0 0
3406407 0 125 0.1347146890 0.0000383803 0.0000000109 0 0 0
3407390 0 93 0.1711405815 0.0001741003 0.0000001771 0 0 0
3413817 2 562 0.2179401324 0.0001194193 0.0000000654 125 312 125
3414581 2 453 0.2238219895 0.0002929607 0.0000003835 94 234 125
3419090 4 46831 0.0000000000 0.0000000000 0.0000000000 0 0 0
3466779 1 94 0.0066943471 0.0000001404 0.0000000000 0 0 0
3467356 2 562 0.0698922058 0.0001211303 0.0000002099 78 359 125
3468745 4 7504 0.0000000000 0.0000000000 0.0000000000 0 0 0
3483581 4 6942 0.0000000000 0.0000000000 0.0000000000 0 0 0
3491677 4 7238 0.0000000000 0.0000000000 0.0000000000 0 0 0
3501427 4 28486 0.0000000000 0.0000000000 0.0000000000 0 0 0
3531348 0 94 0.0304841442 0.0000010188 0.0000000000 0 0 0
3531442 4 31699 0.0000000000 0.0000000000 0.0000000000 0 0 0
3566979 0 93 0.0395059944 0.0000011117 0.0000000000 0 0 0
3567587 4 5164 0.0000000000 0.0000000000 0.0000000000 0 0 0
3573063 4 15927 0.0000000000 0.0000000000 0.0000000000 0 0 0
3589568 0 109 0.0133742591 0.0000008103 0.0000000000 0 0 0
3590878 4 8065 0.0000000000 0.0000000000 0.0000000000 0 0 0
3599302 0 109 0.1405273135 0.0000166818 0.0000000020 0 0 0
3600753 0 94 0.0307681807 0.0000580532 0.0000001095 0 0 0
3606665 0 110 0.2106707594 0.0000356344 0.0000000060 0 0 0
3611860 0 78 0.7160341335 0.0006204802 0.0000005377 0 0 0
3613093 0 78 0.1914030819 0.0001552336 0.0000001259 0 0 0
3613810 2 531 0.1492329149 0.0002081352 0.0000002903 78 343 110
3617414 0 93 0.6240420423 0.0002469498 0.0000000977 0 0 0
3627242 0 94 0.0000000000 0.0000000000 0.0000000000 0 0 0
3636696 0 93 0.1455965554 0.0000154005 0.0000000016 0 0 0
3641454 0 124 0.2192097520 0.0000460718 0.0000000097 0 0 0
3643263 0 109 0.1995249406 0.0002369655 0.0000002814 0 0 0
3644776 0 78 0.6947842265 0.0004592097 0.0000003035 0 0 0
3646836 4 6926 0.0000000000 0.0000000000 0.0000000000 0 0 0
3660689 2 670 0.0827728458 0.0000059751 0.0000000004 140 437 93
3661843 0 94 0.0529212026 0.0000458589 0.0000000397 0 0 0
3665790 0 93 0.7762907514 0.0001966787 0.0000000498 0 0 0
3667677 0 94 0.6271882869 0.0003323732 0.0000001761 0 0 0
3669846 0 109 0.3797220066 0.0001750678 0.0000000807 0 0 0
3670641 3 531 0.5977519542 0.0007518893 0.0000009458 0 0 0
