101.9775280899 15.8702445965
109.0000000000 0.0000000000
579.8888888889 57.7070079404
107.4444444444 25.0471160953
361.3333333333 75.7173105116
111.1111111111 17.2655369286
0.1682778527 0.1653355597
0.0000901366 0.0001278471
0.0000000666 0.0000001162

1390 0 110 0.3954046703 0.0002844638 0.0000002047 0 0 0
9578 0 94 0.2442562438 0.0000610641 0.0000000153 0 0 0
11406 0 109 0.4457432924 0.0002438421 0.0000001334 0 0 0
18203 4 75125 0.0000000000 0.0000000000 0.0000000000 0 0 0
94515 3 3688 0.0140715368 0.0000001844 0.0000000000 0 0 0
104047 2 500 0.1249992880 0.0000294116 0.0000000069 93 313 94
104968 0 94 0.0462562152 0.0000502239 0.0000000545 0 0 0
106250 0 109 0.2356070261 0.0001837808 0.0000001434 0 0 0
113109 4 36313 0.0000000000 0.0000000000 0.0000000000 0 0 0
153500 4 35797 0.0000000000 0.0000000000 0.0000000000 0 0 0
203297 3 1171 0.0139417463 0.0000002800 0.0000000000 0 0 0
205281 4 17937 0.0000000000 0.0000000000 0.0000000000 0 0 0
247578 4 168375 0.0000000000 0.0000000000 0.0000000000 0 0 0
419953 0 94 0.0099489188 0.0000000577 0.0000000000 0 0 0
423172 0 109 0.0399228511 0.0000124023 0.0000000039 0 0 0
424047 0 125 0.2389674665 0.0002731057 0.0000003121 0 0 0
426625 4 109718 0.0000000000 0.0000000000 0.0000000000 0 0 0
546140 4 7141 0.0000000000 0.0000000000 0.0000000000 0 0 0
565047 4 196390 0.0000000000 0.0000000000 0.0000000000 0 0 0
762656 4 6328 0.0000000000 0.0000000000 0.0000000000 0 0 0
769984 4 18719 0.0000000000 0.0000000000 0.0000000000 0 0 0
797687 3 13406 0.1793276854 0.0000538845 0.0000000162 0 0 0
818078 4 21937 0.0000000000 0.0000000000 0.0000000000 0 0 0
841656 3 6453 0.0202202409 0.0000008576 0.0000000000 0 0 0
851515 2 516 0.4786756677 0.0003648443 0.0000002781 125 250 141
852968 3 860 0.5213234913 0.0003587911 0.0000002469 0 0 0
853828 4 33390 0.0000000000 0.0000000000 0.0000000000 0 0 0
910547 4 86531 0.0000000000 0.0000000000 0.0000000000 0 0 0
999922 3 671 0.0060455506 0.0000000676 0.0000000000 0 0 0
1005218 3 704 0.0049997562 0.0000009441 0.0000000002 0 0 0
1005922 4 41843 0.0000000000 0.0000000000 0.0000000000 0 0 0
1051578 0 109 0.2833046547 0.0000893142 0.0000000282 0 0 0
1063297 4 6484 0.0000000000 0.0000000000 0.0000000000 0 0 0
1072234 4 5016 0.0000000000 0.0000000000 0.0000000000 0 0 0
1079703 4 13531 0.0000000000 0.0000000000 0.0000000000 0 0 0
1099218 0 125 0.0744892297 0.0000038170 0.0000000002 0 0 0
1110984 4 62766 0.0000000000 0.0000000000 0.0000000000 0 0 0
1175937 4 62000 0.0000000000 0.0000000000 0.0000000000 0 0 0
1248828 4 5250 0.0000000000 0.0000000000 0.0000000000 0 0 0
1258297 0 109 0.1473067375 0.0000155567 0.0000000016 0 0 0
1259515 3 625 0.0851437580 0.0000699046 0.0000000574 0 0 0
1266172 4 9265 0.0000000000 0.0000000000 0.0000000000 0 0 0
1276812 3 1000 0.0233685779 0.0000021963 0.0000000002 0 0 0
1278484 0 125 0.1012680032 0.0000605670 0.0000000362 0 0 0
1279140 3 891 0.1365321131 0.0002081282 0.0000003173 0 0 0
1286593 0 125 0.2002069244 0.0000268626 0.0000000036 0 0 0
1288390 3 4938 0.4700862501 0.0002615950 0.0000001456 0 0 0
1294359 3 7359 0.0051662245 0.0000008655 0.0000000001 0 0 0
1308187 4 67719 0.0000000000 0.0000000000 0.0000000000 0 0 0
1377140 3 4735 0.0065403159 0.0000000949 0.0000000000 0 0 0
1383797 2 578 0.1109170757 0.0000166617 0.0000000025 156 281 141
1385297 0 125 0.5808238117 0.0003872159 0.0000002581 0 0 0
1393406 3 8812 0.0000000000 0.0000000000 0.0000000000 0 0 0
1406703 0 109 0.0073602313 0.0000005535 0.0000000000 0 0 0
1417437 2 625 0.0840900870 0.0000097847 0.0000000011 125 391 109
1418062 4 88063 0.0000000000 0.0000000000 0.0000000000 0 0 0
1522984 0 125 0.0376868761 0.0000482546 0.0000000618 0 0 0
1528750 2 562 0.1272999599 0.0000325825 0.0000000083 93 360 109
1532125 0 109 0.0000000000 0.0000000000 0.0000000000 0 0 0
1535047 0 109 0.1548563199 0.0001415506 0.0000001294 0 0 0
1538390 3 3516 0.2146370624 0.0001073185 0.0000000537 0 0 0
1542593 0 125 0.0054722817 0.0000013020 0.0000000003 0 0 0
1543906 0 78 0.3029483854 0.0002307299 0.0000001757 0 0 0
1545343 0 94 0.0048712596 0.0000033899 0.0000000024 0 0 0
1551500 0 125 0.0912415910 0.0000148192 0.0000000024 0 0 0
1554015 3 5969 0.3838488116 0.0001526238 0.0000000607 0 0 0
1567468 4 30454 0.0000000000 0.0000000000 0.0000000000 0 0 0
1610765 0 94 0.0429936113 0.0000047941 0.0000000005 0 0 0
1619172 0 78 0.1325998466 0.0000365793 0.0000000101 0 0 0
1620000 0 78 0.1970020928 0.0002379252 0.0000002873 0 0 0
1621125 0 93 0.3021228126 0.0002685536 0.0000002387 0 0 0
1621890 0 110 0.0667961039 0.0000873152 0.0000001141 0 0 0
1625031 0 109 0.2885048949 0.0000918513 0.0000000292 0 0 0
1632984 2 672 0.1001147105 0.0000125883 0.0000000016 109 454 109
1635640 0 94 0.0344839673 0.0000129834 0.0000000049 0 0 0
1636734 0 125 0.0357615225 0.0000326888 0.0000000299 0 0 0
1638297 0 125 0.1542634744 0.0000986970 0.0000000631 0 0 0
1641234 0 94 0.1754131878 0.0000597253 0.0000000203 0 0 0
1646047 0 109 0.2125321275 0.0000441579 0.0000000092 0 0 0
1648218 0 79 0.2746102646 0.0001264902 0.0000000583 0 0 0
1648672 4 52406 0.0000000000 0.0000000000 0.0000000000 0 0 0
1703156 0 94 0.0398554919 0.0000007315 0.0000000000 0 0 0
1706656 4 14781 0.0000000000 0.0000000000 0.0000000000 0 0 0
1724187 0 78 0.0265633587 0.0000015152 0.0000000001 0 0 0
1724703 4 47281 0.0000000000 0.0000000000 0.0000000000 0 0 0
1773953 3 3594 0.0170273390 0.0000003457 0.0000000000 0 0 0
1779937 0 78 0.2426344105 0.0000405472 0.0000000068 0 0 0
1780875 0 93 0.6942064101 0.0007400921 0.0000007890 0 0 0
1790843 4 119188 0.0000000000 0.0000000000 0.0000000000 0 0 0
1911484 0 109 0.0105334291 0.0000000873 0.0000000000 0 0 0
1913062 0 78 0.1598176864 0.0001012786 0.0000000642 0 0 0
1913140 4 25922 0.0000000000 0.0000000000 0.0000000000 0 0 0
1939734 0 94 0.0397526593 0.0000014948 0.0000000001 0 0 0
1941265 2 516 0.5799629623 0.0003788132 0.0000002474 110 297 109
1943234 0 94 0.1689498987 0.0000858049 0.0000000436 0 0 0
1944562 0 94 0.5185549680 0.0003904781 0.0000002940 0 0 0
1947625 0 109 0.1704613095 0.0000556517 0.0000000182 0 0 0
1951218 4 6094 0.0000000000 0.0000000000 0.0000000000 0 0 0
1960734 0 109 0.0854820758 0.0000089830 0.0000000009 0 0 0
1961953 0 109 0.2675133462 0.0002194531 0.0000001800 0 0 0
1962953 0 94 0.1548752640 0.0001548753 0.0000001549 0 0 0
1973047 0 125 0.1512158946 0.0000149808 0.0000000015 0 0 0
1975000 0 93 0.4708635888 0.0002410976 0.0000001234 0 0 0
1991015 4 11813 0.0000000000 0.0000000000 0.0000000000 0 0 0
2011015 0 125 0.0181010529 0.0000009051 0.0000000000 0 0 0
2012593 4 29829 0.0000000000 0.0000000000 0.0000000000 0 0 0
2064281 3 2437 0.0362666507 0.0000007016 0.0000000000 0 0 0
2068406 0 109 0.0444660987 0.0000107797 0.0000000026 0 0 0
2069797 3 3390 0.1066321319 0.0000766586 0.0000000551 0 0 0
2079234 0 94 0.1179886889 0.0001238076 0.0000001299 0 0 0
2079890 0 78 0.0565007547 0.0000861292 0.0000001313 0 0 0
2080312 4 19344 0.0000000000 0.0000000000 0.0000000000 0 0 0
2107547 4 5578 0.0000000000 0.0000000000 0.0000000000 0 0 0
2116890 3 3875 0.0747749075 0.0000080033 0.0000000009 0 0 0
2121672 2 609 0.0179549884 0.0000037547 0.0000000008 62 453 94
2124312 3 1094 0.2359720053 0.0000893833 0.0000000339 0 0 0
2127187 0 94 0.0263031559 0.0000091489 0.0000000032 0 0 0
2129437 3 3656 0.1277867323 0.0000567941 0.0000000252 0 0 0
2134062 2 641 0.0147348811 0.0000031859 0.0000000007 94 453 94
2143640 0 78 0.0895717165 0.0000093518 0.0000000010 0 0 0
2145953 4 7797 0.0000000000 0.0000000000 0.0000000000 0 0 0
2158156 0 109 0.1330894180 0.0000109063 0.0000000009 0 0 0
2159968 4 24485 0.0000000000 0.0000000000 0.0000000000 0 0 0
2190640 0 110 0.0499921576 0.0000016299 0.0000000001 0 0 0
2193718 0 110 0.3494915483 0.0001135450 0.0000000369 0 0 0
2195437 0 78 0.2116829097 0.0001231431 0.0000000716 0 0 0
2206672 0 93 0.3966086273 0.0000443733 0.0000000050 0 0 0
2239672 4 5734 0.0000000000 0.0000000000 0.0000000000 0 0 0
2246468 0 79 0.1238775913 0.0000182280 0.0000000027 0 0 0
2250578 4 8594 0.0000000000 0.0000000000 0.0000000000 0 0 0
2261656 3 4281 0.0219351946 0.0000019801 0.0000000002 0 0 0
2266578 4 8797 0.0000000000 0.0000000000 0.0000000000 0 0 0
2287031 4 36719 0.0000000000 0.0000000000 0.0000000000 0 0 0
2325375 4 514718 0.0000000000 0.0000000000 0.0000000000 0 0 0
2845750 0 125 0.0078261568 0.0000000150 0.0000000000 0 0 0
2853953 0 109 0.1883629572 0.0000229627 0.0000000028 0 0 0
2855172 4 5687 0.0000000000 0.0000000000 0.0000000000 0 0 0
2863422 0 125 0.1558012873 0.0000188850 0.0000000023 0 0 0
2867625 0 109 0.3172527817 0.0000754825 0.0000000180 0 0 0
2872015 0 94 0.2505270106 0.0000570677 0.0000000130 0 0 0
2878359 0 125 0.2627327104 0.0000414144 0.0000000065 0 0 0
2886312 4 19641 0.0000000000 0.0000000000 0.0000000000 0 0 0
2916031 4 73641 0.0000000000 0.0000000000 0.0000000000 0 0 0
2998375 4 66218 0.0000000000 0.0000000000 0.0000000000 0 0 0
3071797 3 3718 0.0537303867 0.0000157015 0.0000000046 0 0 0
3081437 4 7656 0.0000000000 0.0000000000 0.0000000000 0 0 0
3090828 4 35297 0.0000000000 0.0000000000 0.0000000000 0 0 0
3126234 4 37891 0.0000000000 0.0000000000 0.0000000000 0 0 0
3164140 4 43641 0.0000000000 0.0000000000 0.0000000000 0 0 0
3209562 3 781 0.0135732166 0.0000002988 0.0000000000 0 0 0
3214453 0 78 0.0355843994 0.0000244903 0.0000000169 0 0 0
3215359 0 109 0.1477822071 0.0001631150 0.0000001800 0 0 0
3223515 0 110 0.1553706936 0.0000190499 0.0000000023 0 0 0
3223781 4 115937 0.0000000000 0.0000000000 0.0000000000 0 0 0
3340265 4 124188 0.0000000000 0.0000000000 0.0000000000 0 0 0
3473547 4 7187 0.0000000000 0.0000000000 0.0000000000 0 0 0
3481703 0 109 0.1573033713 0.0000192868 0.0000000024 0 0 0
3504047 3 2468 0.1393123927 0.0000126464 0.0000000011 0 0 0
3507640 0 94 0.0342840448 0.0000095419 0.0000000027 0 0 0
3508250 0 93 0.0565003498 0.0000926235 0.0000001518 0 0 0
3511234 4 6531 0.0000000000 0.0000000000 0.0000000000 0 0 0
3525843 0 110 0.0809846126 0.0000055435 0.0000000004 0 0 0
3527609 0 94 0.6433885437 0.0003643197 0.0000002063 0 0 0
3528281 0 125 0.1651785714 0.0002458014 0.0000003658 0 0 0
3533718 4 18516 0.0000000000 0.0000000000 0.0000000000 0 0 0
3572375 0 78 0.0821304196 0.0000021246 0.0000000001 0 0 0
3573593 3 657 0.8149634057 0.0006690997 0.0000005493 0 0 0
3575281 4 8687 0.0000000000 0.0000000000 0.0000000000 0 0 0
3584562 0 78 0.0429558271 0.0000046284 0.0000000005 0 0 0
3596593 4 48610 0.0000000000 0.0000000000 0.0000000000 0 0 0
3648000 1 109 0.0160165764 0.0000003116 0.0000000000 0 0 0
3649125 0 125 0.0000000000 0.0000000000 0.0000000000 0 0 0
3651172 0 93 0.2958894783 0.0001445479 0.0000000706 0 0 0
3652437 0 94 0.0864906068 0.0000683720 0.0000000540 0 0 0
3654843 0 79 0.2041122759 0.0000848347 0.0000000353 0 0 0
3657062 0 110 0.3203212748 0.0001443539 0.0000000651 0 0 0
3659031 0 109 0.4818037846 0.0002446947 0.0000001243 0 0 0
3660281 0 94 0.3159071431 0.0002527257 0.0000002022 0 0 0
3661859 0 78 0.2879870678 0.0001825013 0.0000001157 0 0 0
3663031 0 94 0.1714862150 0.0001463193 0.0000001248 0 0 0
3667687 0 78 0.1136804878 0.0000244159 0.0000000052 0 0 0
3674750 0 125 0.3753910705 0.0000531490 0.0000000075 0 0 0
