144.6549295775 15.3219192040
192.6666666667 7.3181661334
718.0000000000 0.0000000000
125.0000000000 0.0000000000
468.0000000000 0.0000000000
125.0000000000 0.0000000000
0.1272372420 0.1189126237
0.0000440248 0.0000678536
0.0000000259 0.0000000687

5757 0 171 0.1436013158 0.0000249438 0.0000000043 0 0 0
7894 0 125 0.3413903659 0.0001597522 0.0000000748 0 0 0
10140 4 9391 0.0000000000 0.0000000000 0.0000000000 0 0 0
21372 4 6584 0.0000000000 0.0000000000 0.0000000000 0 0 0
28065 4 15241 0.0000000000 0.0000000000 0.0000000000 0 0 0
50747 0 156 0.0662766493 0.0000029220 0.0000000001 0 0 0
59000 0 171 0.1651007356 0.0000200049 0.0000000024 0 0 0
61324 0 125 0.2883287176 0.0001240657 0.0000000534 0 0 0
76144 0 125 0.0785865547 0.0000053027 0.0000000004 0 0 0
79046 0 125 0.1337989434 0.0000461058 0.0000000159 0 0 0
80325 4 11248 0.0000000000 0.0000000000 0.0000000000 0 0 0
92743 0 125 0.0101194023 0.0000008149 0.0000000001 0 0 0
100137 0 141 0.0891592505 0.0000141119 0.0000000022 0 0 0
101260 0 125 0.1902921909 0.0001694499 0.0000001509 0 0 0
102072 0 124 0.2691784731 0.0003315006 0.0000004083 0 0 0
103990 4 14836 0.0000000000 0.0000000000 0.0000000000 0 0 0
127141 0 156 0.1677654893 0.0000072466 0.0000000003 0 0 0
131462 4 7129 0.0000000000 0.0000000000 0.0000000000 0 0 0
151836 4 20218 0.0000000000 0.0000000000 0.0000000000 0 0 0
180244 0 140 0.0252757566 0.0000231463 0.0000000212 0 0 0
182849 0 125 0.0232236373 0.0000252431 0.0000000274 0 0 0
184955 0 172 0.0516543603 0.0000245272 0.0000000116 0 0 0
187560 0 141 0.0105025618 0.0000040317 0.0000000015 0 0 0
189105 0 124 0.0295152920 0.0000191037 0.0000000124 0 0 0
190680 0 141 0.0256737308 0.0000163008 0.0000000103 0 0 0
191866 0 140 0.0240179438 0.0000202512 0.0000000171 0 0 0
193317 0 140 0.0550972812 0.0000379719 0.0000000262 0 0 0
195641 0 140 0.2195454111 0.0000944688 0.0000000406 0 0 0
199510 0 125 0.1199325153 0.0000309983 0.0000000080 0 0 0
202162 0 156 0.0941079137 0.0000354856 0.0000000134 0 0 0
203425 0 125 0.1797065187 0.0001422854 0.0000001127 0 0 0
205001 0 125 0.3928061255 0.0002492425 0.0000001581 0 0 0
208386 0 125 0.3235094513 0.0000955715 0.0000000282 0 0 0
211693 0 156 0.0796684028 0.0000240908 0.0000000073 0 0 0
215516 0 156 0.1646662622 0.0000430725 0.0000000113 0 0 0
217497 0 156 0.0229206998 0.0000115703 0.0000000058 0 0 0
221615 0 141 0.1863259071 0.0000452467 0.0000000110 0 0 0
222411 0 140 0.0266784774 0.0000335157 0.0000000421 0 0 0
223893 0 125 0.1808286573 0.0001220166 0.0000000823 0 0 0
225765 0 140 0.3351826929 0.0001790506 0.0000000956 0 0 0
227512 0 140 0.1913367527 0.0001095230 0.0000000627 0 0 0
228167 0 172 0.0396497854 0.0000605340 0.0000000924 0 0 0
230289 0 156 0.1504959573 0.0000709218 0.0000000334 0 0 0
232348 0 125 0.2437372508 0.0001183765 0.0000000575 0 0 0
234938 0 140 0.3899736754 0.0001505690 0.0000000581 0 0 0
244703 0 141 0.1683261636 0.0000172377 0.0000000018 0 0 0
245780 0 156 0.0262037484 0.0000243303 0.0000000226 0 0 0
247106 0 171 0.0158371041 0.0000119435 0.0000000090 0 0 0
250117 0 171 0.0119109510 0.0000039558 0.0000000013 0 0 0
257402 0 140 0.0313959454 0.0000043097 0.0000000006 0 0 0
258728 0 125 0.0239176294 0.0000180374 0.0000000136 0 0 0
259898 0 125 0.0248909551 0.0000212743 0.0000000182 0 0 0
261099 0 140 0.0387182524 0.0000322383 0.0000000268 0 0 0
261973 0 140 0.0329844704 0.0000377397 0.0000000432 0 0 0
277542 0 156 0.0521804256 0.0000033516 0.0000000002 0 0 0
279211 0 140 0.0154753907 0.0000092723 0.0000000056 0 0 0
281629 0 156 0.0233537690 0.0000096583 0.0000000040 0 0 0
283080 0 140 0.0182041444 0.0000125459 0.0000000086 0 0 0
286808 0 125 0.0214832245 0.0000149709 0.0000000104 0 0 0
291613 0 140 0.0203002447 0.0000042248 0.0000000009 0 0 0
293703 0 141 0.0128705717 0.0000061582 0.0000000029 0 0 0
296386 0 156 0.0223278194 0.0000083220 0.0000000031 0 0 0
301768 0 125 0.0258193721 0.0000047974 0.0000000009 0 0 0
303406 0 141 0.0239276467 0.0000146078 0.0000000089 0 0 0
304686 0 156 0.0188003868 0.0000146878 0.0000000115 0 0 0
305918 0 156 0.0202523089 0.0000164386 0.0000000133 0 0 0
306839 0 140 0.0162866450 0.0000176837 0.0000000192 0 0 0
308523 0 141 0.0220136982 0.0000130723 0.0000000078 0 0 0
314763 2 718 0.0165138198 0.0000026464 0.0000000004 125 468 125
316589 0 140 0.0212019587 0.0000116111 0.0000000064 0 0 0
317821 0 140 0.0187211811 0.0000151958 0.0000000123 0 0 0
320442 0 125 0.0164330667 0.0000062698 0.0000000024 0 0 0
326214 0 140 0.0173134751 0.0000035119 0.0000000007 0 0 0
332797 0 156 0.0603305682 0.0000091646 0.0000000014 0 0 0
334638 4 5444 0.0000000000 0.0000000000 0.0000000000 0 0 0
345776 0 141 0.0526948608 0.0000047311 0.0000000004 0 0 0
347898 0 140 0.0266652776 0.0000125661 0.0000000059 0 0 0
350893 0 125 0.1774861223 0.0000592608 0.0000000198 0 0 0
352500 0 172 0.1460477131 0.0000908822 0.0000000566 0 0 0
355792 0 171 0.1482772895 0.0000450417 0.0000000137 0 0 0
364590 0 140 0.2493027848 0.0000283363 0.0000000032 0 0 0
367476 4 12106 0.0000000000 0.0000000000 0.0000000000 0 0 0
385603 0 141 0.1483868827 0.0000081860 0.0000000005 0 0 0
386602 0 140 0.0819062673 0.0000819883 0.0000000821 0 0 0
387429 0 140 0.4610990424 0.0005575563 0.0000006742 0 0 0
387569 4 22901 0.0000000000 0.0000000000 0.0000000000 0 0 0
411110 4 8658 0.0000000000 0.0000000000 0.0000000000 0 0 0
433886 0 125 0.2341976506 0.0000102827 0.0000000005 0 0 0
436413 3 4805 0.2323244425 0.0000919369 0.0000000364 0 0 0
448175 0 156 0.0821205940 0.0000069819 0.0000000006 0 0 0
453838 0 156 0.1017220811 0.0000179626 0.0000000032 0 0 0
456194 0 140 0.3653381611 0.0001550671 0.0000000658 0 0 0
477301 0 125 0.1813803368 0.0000085934 0.0000000004 0 0 0
490998 0 171 0.3543020806 0.0000328666 0.0000000030 0 0 0
497550 4 5990 0.0000000000 0.0000000000 0.0000000000 0 0 0
504273 4 6256 0.0000000000 0.0000000000 0.0000000000 0 0 0
525521 4 7332 0.0000000000 0.0000000000 0.0000000000 0 0 0
537626 0 156 0.1955108531 0.0000161512 0.0000000013 0 0 0
537782 4 27410 0.0000000000 0.0000000000 0.0000000000 0 0 0
565223 4 30249 0.0000000000 0.0000000000 0.0000000000 0 0 0
601821 4 7503 0.0000000000 0.0000000000 0.0000000000 0 0 0
609402 4 5710 0.0000000000 0.0000000000 0.0000000000 0 0 0
617265 4 9828 0.0000000000 0.0000000000 0.0000000000 0 0 0
646749 4 6677 0.0000000000 0.0000000000 0.0000000000 0 0 0
665017 4 31309 0.0000000000 0.0000000000 0.0000000000 0 0 0
697465 4 40217 0.0000000000 0.0000000000 0.0000000000 0 0 0
738743 4 10873 0.0000000000 0.0000000000 0.0000000000 0 0 0
750833 4 54585 0.0000000000 0.0000000000 0.0000000000 0 0 0
805683 4 22105 0.0000000000 0.0000000000 0.0000000000 0 0 0
838708 4 5772 0.0000000000 0.0000000000 0.0000000000 0 0 0
844496 4 10920 0.0000000000 0.0000000000 0.0000000000 0 0 0
856664 4 13837 0.0000000000 0.0000000000 0.0000000000 0 0 0
870595 4 8970 0.0000000000 0.0000000000 0.0000000000 0 0 0
880267 4 5148 0.0000000000 0.0000000000 0.0000000000 0 0 0
888691 4 12371 0.0000000000 0.0000000000 0.0000000000 0 0 0
901078 4 6832 0.0000000000 0.0000000000 0.0000000000 0 0 0
908862 4 6490 0.0000000000 0.0000000000 0.0000000000 0 0 0
923651 4 6677 0.0000000000 0.0000000000 0.0000000000 0 0 0
930343 4 19906 0.0000000000 0.0000000000 0.0000000000 0 0 0
956224 4 7800 0.0000000000 0.0000000000 0.0000000000 0 0 0
968423 0 141 0.0527267491 0.0000043222 0.0000000004 0 0 0
975459 0 140 0.1165599508 0.0000165662 0.0000000024 0 0 0
994725 4 5725 0.0000000000 0.0000000000 0.0000000000 0 0 0
1008796 0 156 0.1277885515 0.0000090817 0.0000000006 0 0 0
1026721 0 140 0.2450451690 0.0000468896 0.0000000090 0 0 0
1032508 0 156 0.0477551591 0.0000082521 0.0000000014 0 0 0
1032664 4 5180 0.0000000000 0.0000000000 0.0000000000 0 0 0
1045020 0 140 0.0448218417 0.0000036275 0.0000000003 0 0 0
1045519 4 15257 0.0000000000 0.0000000000 0.0000000000 0 0 0
1076844 0 140 0.0639995294 0.0000512817 0.0000000411 0 0 0
1080120 0 140 0.1564157027 0.0000477459 0.0000000146 0 0 0
1084425 0 156 0.0993969764 0.0000230887 0.0000000054 0 0 0
1090837 4 6771 0.0000000000 0.0000000000 0.0000000000 0 0 0
1103348 4 5850 0.0000000000 0.0000000000 0.0000000000 0 0 0
1114674 0 125 0.1880190369 0.0000166007 0.0000000015 0 0 0
1120852 4 13494 0.0000000000 0.0000000000 0.0000000000 0 0 0
1135313 4 275295 0.0000000000 0.0000000000 0.0000000000 0 0 0
1411840 4 10094 0.0000000000 0.0000000000 0.0000000000 0 0 0
1422776 4 10156 0.0000000000 0.0000000000 0.0000000000 0 0 0
1434149 4 5616 0.0000000000 0.0000000000 0.0000000000 0 0 0
1441184 0 125 0.0794236122 0.0000112898 0.0000000016 0 0 0
1441715 4 30342 0.0000000000 0.0000000000 0.0000000000 0 0 0
1473086 4 155799 0.0000000000 0.0000000000 0.0000000000 0 0 0
1637964 4 13681 0.0000000000 0.0000000000 0.0000000000 0 0 0
1677947 0 171 0.4765579638 0.0000119190 0.0000000003 0 0 0
1678555 4 32823 0.0000000000 0.0000000000 0.0000000000 0 0 0
1713843 0 125 0.2003809428 0.0001528459 0.0000001166 0 0 0
1714264 4 21918 0.0000000000 0.0000000000 0.0000000000 0 0 0
1736822 0 156 0.0128391264 0.0000005692 0.0000000000 0 0 0
1739864 0 140 0.4073191407 0.0001338985 0.0000000440 0 0 0
1748085 0 125 0.0703959555 0.0000618051 0.0000000543 0 0 0
1755121 4 5865 0.0000000000 0.0000000000 0.0000000000 0 0 0
1763669 0 156 0.0408605114 0.0000047801 0.0000000006 0 0 0
1771157 0 172 0.0786914309 0.0000105090 0.0000000014 0 0 0
1794979 0 125 0.1564523843 0.0000103392 0.0000000007 0 0 0
1799300 0 140 0.2201317958 0.0000509446 0.0000000118 0 0 0
1803278 4 8705 0.0000000000 0.0000000000 0.0000000000 0 0 0
1865164 4 30888 0.0000000000 0.0000000000 0.0000000000 0 0 0
1901996 3 8002 0.0275513024 0.0000007480 0.0000000000 0 0 0
1910513 1 203 0.0013200236 0.0000001550 0.0000000000 0 0 0
1914912 1 188 0.1659049789 0.0000377142 0.0000000086 0 0 0
1921480 0 156 0.3250951186 0.0000494968 0.0000000075 0 0 0
1923180 0 172 0.0870404168 0.0000512002 0.0000000301 0 0 0
1929935 0 172 0.0524796760 0.0000077690 0.0000000012 0 0 0
1949654 0 140 0.1331528657 0.0000129124 0.0000000013 0 0 0
1950293 4 9797 0.0000000000 0.0000000000 0.0000000000 0 0 0
1968421 0 125 0.0666071116 0.0000036743 0.0000000002 0 0 0
1968546 4 141477 0.0000000000 0.0000000000 0.0000000000 0 0 0
2110818 0 156 0.0007571803 0.0000000053 0.0000000000 0 0 0
2124016 4 20280 0.0000000000 0.0000000000 0.0000000000 0 0 0
2144593 4 6068 0.0000000000 0.0000000000 0.0000000000 0 0 0
2162143 4 29936 0.0000000000 0.0000000000 0.0000000000 0 0 0
2201751 4 8596 0.0000000000 0.0000000000 0.0000000000 0 0 0
2219848 0 140 0.0705788419 0.0000430884 0.0000000263 0 0 0
2224465 0 172 0.0656489977 0.0000142190 0.0000000031 0 0 0
2226852 0 140 0.1484788445 0.0000622031 0.0000000261 0 0 0
2229176 0 156 0.0783008597 0.0000336923 0.0000000145 0 0 0
2231189 0 171 0.4714586675 0.0002342070 0.0000001163 0 0 0
2239363 0 141 0.1356037453 0.0000165896 0.0000000020 0 0 0
2241438 0 125 0.0876229905 0.0000422279 0.0000000204 0 0 0
2243107 0 156 0.1159936202 0.0000694989 0.0000000416 0 0 0
2250533 0 125 0.4798139974 0.0001373251 0.0000000393 0 0 0
2271219 4 8018 0.0000000000 0.0000000000 0.0000000000 0 0 0
2279253 4 33696 0.0000000000 0.0000000000 0.0000000000 0 0 0
2317847 0 125 0.0357455802 0.0000009262 0.0000000000 0 0 0
2322559 0 124 0.3175369147 0.0000673890 0.0000000143 0 0 0
2326334 0 140 0.2075178001 0.0000549716 0.0000000146 0 0 0
2335725 0 156 0.2555528015 0.0000298404 0.0000000035 0 0 0
2338658 0 156 0.1474527890 0.0000502737 0.0000000171 0 0 0
2338814 4 19734 0.0000000000 0.0000000000 0.0000000000 0 0 0
2360248 4 7130 0.0000000000 0.0000000000 0.0000000000 0 0 0
2367378 0 171 0.0000000000 0.0000000000 0.0000000000 0 0 0
2378048 4 8440 0.0000000000 0.0000000000 0.0000000000 0 0 0
2386581 4 58111 0.0000000000 0.0000000000 0.0000000000 0 0 0
2460666 0 156 0.0349140631 0.0000004713 0.0000000000 0 0 0
2487779 0 141 0.3584740430 0.0000407449 0.0000000046 0 0 0
2490806 4 39577 0.0000000000 0.0000000000 0.0000000000 0 0 0
2560211 4 11965 0.0000000000 0.0000000000 0.0000000000 0 0 0
2572347 4 9314 0.0000000000 0.0000000000 0.0000000000 0 0 0
2597495 0 171 0.1385380433 0.0000055089 0.0000000002 0 0 0
2623828 0 171 0.2741669455 0.0000420437 0.0000000064 0 0 0
2636027 3 2371 0.1748708018 0.0000311380 0.0000000055 0 0 0
2639085 1 187 0.0606004196 0.0000198170 0.0000000065 0 0 0
2640613 0 141 0.0716447428 0.0000468879 0.0000000307 0 0 0
2642610 0 141 0.2391712981 0.0001197653 0.0000000600 0 0 0
2646276 0 141 0.3851955154 0.0001050724 0.0000000287 0 0 0
2659568 0 156 0.0758657878 0.0000057076 0.0000000004 0 0 0
2666837 4 12995 0.0000000000 0.0000000000 0.0000000000 0 0 0
2688397 0 140 0.0436724967 0.0000020256 0.0000000001 0 0 0
2700752 4 6115 0.0000000000 0.0000000000 0.0000000000 0 0 0
2713123 0 171 0.0290894112 0.0000023514 0.0000000002 0 0 0
2789095 0 125 0.0972406124 0.0000012800 0.0000000000 0 0 0
2816193 4 6286 0.0000000000 0.0000000000 0.0000000000 0 0 0
2832900 4 5819 0.0000000000 0.0000000000 0.0000000000 0 0 0
2839203 4 7737 0.0000000000 0.0000000000 0.0000000000 0 0 0
2860544 4 5101 0.0000000000 0.0000000000 0.0000000000 0 0 0
2878827 4 5226 0.0000000000 0.0000000000 0.0000000000 0 0 0
2894957 0 156 0.0928709929 0.0000057577 0.0000000004 0 0 0
2897516 4 7519 0.0000000000 0.0000000000 0.0000000000 0 0 0
2907219 4 11014 0.0000000000 0.0000000000 0.0000000000 0 0 0
2921212 4 14665 0.0000000000 0.0000000000 0.0000000000 0 0 0
2946188 4 10889 0.0000000000 0.0000000000 0.0000000000 0 0 0
2962038 4 11404 0.0000000000 0.0000000000 0.0000000000 0 0 0
2975766 4 12293 0.0000000000 0.0000000000 0.0000000000 0 0 0
2989712 4 34570 0.0000000000 0.0000000000 0.0000000000 0 0 0
3024454 4 20779 0.0000000000 0.0000000000 0.0000000000 0 0 0
3045717 4 16255 0.0000000000 0.0000000000 0.0000000000 0 0 0
3062191 4 6099 0.0000000000 0.0000000000 0.0000000000 0 0 0
3078181 4 13697 0.0000000000 0.0000000000 0.0000000000 0 0 0
3091909 4 5522 0.0000000000 0.0000000000 0.0000000000 0 0 0
3097696 4 33837 0.0000000000 0.0000000000 0.0000000000 0 0 0
3133779 4 9158 0.0000000000 0.0000000000 0.0000000000 0 0 0
3149333 4 36208 0.0000000000 0.0000000000 0.0000000000 0 0 0
3185556 4 7083 0.0000000000 0.0000000000 0.0000000000 0 0 0
3195696 4 14446 0.0000000000 0.0000000000 0.0000000000 0 0 0
3215805 4 19593 0.0000000000 0.0000000000 0.0000000000 0 0 0
3241701 4 5070 0.0000000000 0.0000000000 0.0000000000 0 0 0
3252356 4 10951 0.0000000000 0.0000000000 0.0000000000 0 0 0
3266911 4 12636 0.0000000000 0.0000000000 0.0000000000 0 0 0
3279672 4 5163 0.0000000000 0.0000000000 0.0000000000 0 0 0
3298782 4 20966 0.0000000000 0.0000000000 0.0000000000 0 0 0
3325598 0 141 0.0458119347 0.0000017084 0.0000000001 0 0 0
3331277 0 156 0.3793866154 0.0000668052 0.0000000118 0 0 0
3334132 4 6349 0.0000000000 0.0000000000 0.0000000000 0 0 0
3350356 0 140 0.1112557429 0.0000432229 0.0000000168 0 0 0
3350496 4 24726 0.0000000000 0.0000000000 0.0000000000 0 0 0
3380105 4 136532 0.0000000000 0.0000000000 0.0000000000 0 0 0
3520163 0 156 0.0103512668 0.0000000739 0.0000000000 0 0 0
3532502 0 172 0.2607595644 0.0000211330 0.0000000017 0 0 0
3534608 4 8736 0.0000000000 0.0000000000 0.0000000000 0 0 0
3553063 4 9610 0.0000000000 0.0000000000 0.0000000000 0 0 0
3562720 4 6162 0.0000000000 0.0000000000 0.0000000000 0 0 0
3572017 0 125 0.0852114386 0.0000091655 0.0000000010 0 0 0
3577665 4 18065 0.0000000000 0.0000000000 0.0000000000 0 0 0
3595776 4 30920 0.0000000000 0.0000000000 0.0000000000 0 0 0
3629535 4 5210 0.0000000000 0.0000000000 0.0000000000 0 0 0
3642467 0 156 0.0200721872 0.0000015521 0.0000000001 0 0 0
3653871 4 8003 0.0000000000 0.0000000000 0.0000000000 0 0 0
