187.0000000000 0.0000000000
125.0000000000 0.0000000000
358.0000000000 0.0000000000
109.0000000000 0.0000000000
62.0000000000 0.0000000000
187.0000000000 0.0000000000
0.0054957743 0.0077721986
0.0000000933 0.0000001319
0.0000000000 0.0000000000

90231 4 19469 0.0000000000 0.0000000000 0.0000000000 0 0 0
118545 4 14789 0.0000000000 0.0000000000 0.0000000000 0 0 0
144316 4 5507 0.0000000000 0.0000000000 0.0000000000 0 0 0
150338 4 2839187 0.0000000000 0.0000000000 0.0000000000 0 0 0
2990601 4 10640 0.0000000000 0.0000000000 0.0000000000 0 0 0
3004969 4 58204 0.0000000000 0.0000000000 0.0000000000 0 0 0
3063891 2 358 0.0164873230 0.0000002798 0.0000000000 109 62 187
3067260 1 125 0.0000000000 0.0000000000 0.0000000000 0 0 0
3098086 4 125331 0.0000000000 0.0000000000 0.0000000000 0 0 0
3224930 4 16599 0.0000000000 0.0000000000 0.0000000000 0 0 0
3246833 4 192630 0.0000000000 0.0000000000 0.0000000000 0 0 0
3449790 4 281832 0.0000000000 0.0000000000 0.0000000000 0 0 0
3738626 0 187 0.0000000000 0.0000000000 0.0000000000 0 0 0
