158.0000000000 13.7201466553
nan nan
nan nan
nan nan
nan nan
nan nan
0.0685135407 0.0632607052
0.0000088284 0.0000169842
0.0000000028 0.0000000098

16 4 6255 0.0000000000 0.0000000000 0.0000000000 0 0 0
9407 0 156 0.0994876644 0.0000105939 0.0000000011 0 0 0
11934 0 156 0.1578875762 0.0000624802 0.0000000247 0 0 0
12855 4 44039 0.0000000000 0.0000000000 0.0000000000 0 0 0
68672 4 10202 0.0000000000 0.0000000000 0.0000000000 0 0 0
82665 4 101525 0.0000000000 0.0000000000 0.0000000000 0 0 0
190477 0 156 0.1266311260 0.0000820150 0.0000000531 0 0 0
193036 4 5241 0.0000000000 0.0000000000 0.0000000000 0 0 0
209634 0 156 0.1697371091 0.0000168691 0.0000000017 0 0 0
210180 4 27862 0.0000000000 0.0000000000 0.0000000000 0 0 0
244110 0 156 0.0600086967 0.0000017686 0.0000000001 0 0 0
247776 4 6085 0.0000000000 0.0000000000 0.0000000000 0 0 0
254391 4 11326 0.0000000000 0.0000000000 0.0000000000 0 0 0
272144 4 499297 0.0000000000 0.0000000000 0.0000000000 0 0 0
800644 0 172 0.1989707367 0.0000069243 0.0000000002 0 0 0
815605 4 7488 0.0000000000 0.0000000000 0.0000000000 0 0 0
835573 4 5506 0.0000000000 0.0000000000 0.0000000000 0 0 0
842811 4 47284 0.0000000000 0.0000000000 0.0000000000 0 0 0
893777 4 40404 0.0000000000 0.0000000000 0.0000000000 0 0 0
934196 4 9329 0.0000000000 0.0000000000 0.0000000000 0 0 0
946255 0 156 0.0204200913 0.0000016933 0.0000000001 0 0 0
946411 4 9282 0.0000000000 0.0000000000 0.0000000000 0 0 0
955990 4 10967 0.0000000000 0.0000000000 0.0000000000 0 0 0
969827 4 12886 0.0000000000 0.0000000000 0.0000000000 0 0 0
984335 0 156 0.0294569245 0.0000020304 0.0000000001 0 0 0
985006 4 1067796 0.0000000000 0.0000000000 0.0000000000 0 0 0
2087387 4 10577 0.0000000000 0.0000000000 0.0000000000 0 0 0
2117043 4 17082 0.0000000000 0.0000000000 0.0000000000 0 0 0
2151347 0 141 0.1359037491 0.0000039617 0.0000000001 0 0 0
2151488 4 10374 0.0000000000 0.0000000000 0.0000000000 0 0 0
2183920 0 172 0.1278573327 0.0000039423 0.0000000001 0 0 0
2190551 4 5616 0.0000000000 0.0000000000 0.0000000000 0 0 0
2199677 0 140 0.0405486067 0.0000044432 0.0000000005 0 0 0
2203608 4 47533 0.0000000000 0.0000000000 0.0000000000 0 0 0
2261235 4 77423 0.0000000000 0.0000000000 0.0000000000 0 0 0
2341450 4 17285 0.0000000000 0.0000000000 0.0000000000 0 0 0
2360014 0 156 0.0205484324 0.0000011069 0.0000000001 0 0 0
2372307 0 141 0.1457016796 0.0000118524 0.0000000010 0 0 0
2385848 4 10203 0.0000000000 0.0000000000 0.0000000000 0 0 0
2402696 0 156 0.0024191110 0.0000007315 0.0000000002 0 0 0
2403835 4 221054 0.0000000000 0.0000000000 0.0000000000 0 0 0
2633609 0 172 0.0063811116 0.0000013499 0.0000000003 0 0 0
2652345 0 140 0.0100368228 0.0000017627 0.0000000003 0 0 0
2655090 0 156 0.0081005712 0.0000029510 0.0000000011 0 0 0
2658444 4 76519 0.0000000000 0.0000000000 0.0000000000 0 0 0
2737412 0 156 0.0106951099 0.0000001354 0.0000000000 0 0 0
2741515 0 171 0.0220471020 0.0000053734 0.0000000013 0 0 0
2741686 4 5539 0.0000000000 0.0000000000 0.0000000000 0 0 0
2769377 0 187 0.0041353999 0.0000012159 0.0000000004 0 0 0
2781420 4 8627 0.0000000000 0.0000000000 0.0000000000 0 0 0
2809875 4 149261 0.0000000000 0.0000000000 0.0000000000 0 0 0
2974939 0 156 0.0187998084 0.0000001139 0.0000000000 0 0 0
2975407 4 13291 0.0000000000 0.0000000000 0.0000000000 0 0 0
2991007 0 172 0.0196591120 0.0000012602 0.0000000001 0 0 0
2999806 0 140 0.1737803798 0.0000197500 0.0000000022 0 0 0
3017964 4 21076 0.0000000000 0.0000000000 0.0000000000 0 0 0
3076948 0 172 0.0886876043 0.0000015036 0.0000000000 0 0 0
3081191 0 172 0.0372364891 0.0000087760 0.0000000021 0 0 0
3093609 0 141 0.1200998288 0.0000096714 0.0000000008 0 0 0
3093750 4 5179 0.0000000000 0.0000000000 0.0000000000 0 0 0
3099646 4 8456 0.0000000000 0.0000000000 0.0000000000 0 0 0
3118242 0 140 0.1961946163 0.0000105504 0.0000000006 0 0 0
3127461 4 14415 0.0000000000 0.0000000000 0.0000000000 0 0 0
3142266 4 8408 0.0000000000 0.0000000000 0.0000000000 0 0 0
3152780 4 6740 0.0000000000 0.0000000000 0.0000000000 0 0 0
3168318 4 5288 0.0000000000 0.0000000000 0.0000000000 0 0 0
3175447 0 141 0.0482906703 0.0000067738 0.0000000010 0 0 0
3179410 4 5678 0.0000000000 0.0000000000 0.0000000000 0 0 0
3185307 4 12464 0.0000000000 0.0000000000 0.0000000000 0 0 0
3209455 4 67284 0.0000000000 0.0000000000 0.0000000000 0 0 0
3287097 0 141 0.0149188622 0.0000001921 0.0000000000 0 0 0
3293088 4 5569 0.0000000000 0.0000000000 0.0000000000 0 0 0
3306597 4 5866 0.0000000000 0.0000000000 0.0000000000 0 0 0
3320622 4 23431 0.0000000000 0.0000000000 0.0000000000 0 0 0
3345816 0 172 0.0221964838 0.0000008810 0.0000000000 0 0 0
3346596 4 176343 0.0000000000 0.0000000000 0.0000000000 0 0 0
3527698 0 156 0.0150823422 0.0000000833 0.0000000000 0 0 0
3543469 4 14196 0.0000000000 0.0000000000 0.0000000000 0 0 0
3570145 4 5913 0.0000000000 0.0000000000 0.0000000000 0 0 0
3578445 4 10857 0.0000000000 0.0000000000 0.0000000000 0 0 0
3591237 0 187 0.0266551142 0.0000020837 0.0000000002 0 0 0
3592376 4 6973 0.0000000000 0.0000000000 0.0000000000 0 0 0
3605058 0 172 0.0823705774 0.0000064951 0.0000000005 0 0 0
