152.3174603175 12.0077030790
218.0000000000 0.0000000000
343.0000000000 0.0000000000
125.0000000000 0.0000000000
62.0000000000 0.0000000000
156.0000000000 0.0000000000
0.1075150961 0.0960945616
0.0000222651 0.0000286667
0.0000000072 0.0000000111

34882 0 156 0.1754712677 0.0000066011 0.0000000002 0 0 0
42511 3 2574 0.0642284122 0.0000084190 0.0000000011 0 0 0
52011 0 141 0.1658676726 0.0000174598 0.0000000018 0 0 0
60810 0 156 0.1947362525 0.0000221316 0.0000000025 0 0 0
72572 0 141 0.1361824998 0.0000469271 0.0000000162 0 0 0
74241 0 141 0.0682946290 0.0000409195 0.0000000245 0 0 0
78500 0 141 0.0207714139 0.0000048771 0.0000000011 0 0 0
83898 4 7784 0.0000000000 0.0000000000 0.0000000000 0 0 0
91713 4 5944 0.0000000000 0.0000000000 0.0000000000 0 0 0
105098 0 141 0.0829014520 0.0000439329 0.0000000233 0 0 0
107423 0 156 0.0745463465 0.0000320629 0.0000000138 0 0 0
109217 0 140 0.1456673066 0.0000811969 0.0000000453 0 0 0
124427 0 140 0.3446655587 0.0000390335 0.0000000044 0 0 0
133413 0 156 0.1149286867 0.0000127897 0.0000000014 0 0 0
138093 0 140 0.1607521649 0.0000343488 0.0000000073 0 0 0
141540 0 156 0.1226280256 0.0000355753 0.0000000103 0 0 0
143646 0 141 0.0494656398 0.0000234880 0.0000000112 0 0 0
145674 0 141 0.0253002992 0.0000124755 0.0000000062 0 0 0
147375 0 156 0.0000000000 0.0000000000 0.0000000000 0 0 0
147531 4 12246 0.0000000000 0.0000000000 0.0000000000 0 0 0
164285 0 140 0.0441761298 0.0000274898 0.0000000171 0 0 0
190431 0 156 0.2851290173 0.0000528212 0.0000000098 0 0 0
195048 3 1373 0.0000000000 0.0000000000 0.0000000000 0 0 0
198434 3 4056 0.0093928283 0.0000065455 0.0000000046 0 0 0
210446 0 140 0.2464293439 0.0000782067 0.0000000248 0 0 0
215531 0 172 0.1113867208 0.0000408010 0.0000000149 0 0 0
246872 0 156 0.1949274246 0.0000062196 0.0000000002 0 0 0
250507 4 12605 0.0000000000 0.0000000000 0.0000000000 0 0 0
267059 4 31465 0.0000000000 0.0000000000 0.0000000000 0 0 0
307073 3 702 0.0393042761 0.0000009823 0.0000000000 0 0 0
309600 3 4056 0.0152967558 0.0000106598 0.0000000074 0 0 0
319116 0 172 0.0425059284 0.0000044668 0.0000000005 0 0 0
320302 0 156 0.0436390167 0.0000367951 0.0000000310 0 0 0
357508 4 9532 0.0000000000 0.0000000000 0.0000000000 0 0 0
367804 4 36270 0.0000000000 0.0000000000 0.0000000000 0 0 0
412139 4 6818 0.0000000000 0.0000000000 0.0000000000 0 0 0
421047 0 141 0.1686214155 0.0000189292 0.0000000021 0 0 0
426507 4 16833 0.0000000000 0.0000000000 0.0000000000 0 0 0
444650 0 156 0.0599413142 0.0000033038 0.0000000002 0 0 0
459377 0 171 0.0626746640 0.0000115764 0.0000000021 0 0 0
474867 0 141 0.0636818397 0.0000189023 0.0000000056 0 0 0
478409 0 140 0.1658853220 0.0000604098 0.0000000220 0 0 0
478549 4 6568 0.0000000000 0.0000000000 0.0000000000 0 0 0
486084 4 11684 0.0000000000 0.0000000000 0.0000000000 0 0 0
505054 0 140 0.3188857801 0.0001129199 0.0000000400 0 0 0
507362 4 57424 0.0000000000 0.0000000000 0.0000000000 0 0 0
568265 0 156 0.0048199415 0.0000000791 0.0000000000 0 0 0
570980 4 15023 0.0000000000 0.0000000000 0.0000000000 0 0 0
588124 0 156 0.0488636877 0.0000028502 0.0000000002 0 0 0
589450 4 6412 0.0000000000 0.0000000000 0.0000000000 0 0 0
601135 0 140 0.1644520643 0.0000140738 0.0000000012 0 0 0
604302 0 156 0.5232704136 0.0001652259 0.0000000522 0 0 0
604458 4 12542 0.0000000000 0.0000000000 0.0000000000 0 0 0
622788 0 140 0.1030849867 0.0000056238 0.0000000003 0 0 0
622928 4 7550 0.0000000000 0.0000000000 0.0000000000 0 0 0
644534 4 7005 0.0000000000 0.0000000000 0.0000000000 0 0 0
654986 4 27347 0.0000000000 0.0000000000 0.0000000000 0 0 0
684127 0 172 0.0205855002 0.0000007064 0.0000000000 0 0 0
687356 4 5148 0.0000000000 0.0000000000 0.0000000000 0 0 0
720351 4 5756 0.0000000000 0.0000000000 0.0000000000 0 0 0
731676 0 141 0.0498031586 0.0000043976 0.0000000004 0 0 0
736247 2 343 0.0345656017 0.0000175906 0.0000000090 125 62 156
737230 0 140 0.0116116109 0.0000118124 0.0000000120 0 0 0
746262 3 1623 0.1778870237 0.0000232715 0.0000000030 0 0 0
770552 4 7347 0.0000000000 0.0000000000 0.0000000000 0 0 0
799646 0 140 0.1461941363 0.0000050249 0.0000000002 0 0 0
799786 4 13947 0.0000000000 0.0000000000 0.0000000000 0 0 0
816837 4 5476 0.0000000000 0.0000000000 0.0000000000 0 0 0
823764 4 11544 0.0000000000 0.0000000000 0.0000000000 0 0 0
848209 4 7051 0.0000000000 0.0000000000 0.0000000000 0 0 0
856212 0 156 0.0908637873 0.0000113537 0.0000000014 0 0 0
873154 0 140 0.1154679467 0.0000068155 0.0000000004 0 0 0
878302 4 5319 0.0000000000 0.0000000000 0.0000000000 0 0 0
887724 4 14695 0.0000000000 0.0000000000 0.0000000000 0 0 0
902482 4 15397 0.0000000000 0.0000000000 0.0000000000 0 0 0
923168 4 6099 0.0000000000 0.0000000000 0.0000000000 0 0 0
929283 4 13681 0.0000000000 0.0000000000 0.0000000000 0 0 0
943572 4 6818 0.0000000000 0.0000000000 0.0000000000 0 0 0
950515 4 74740 0.0000000000 0.0000000000 0.0000000000 0 0 0
1036190 4 5819 0.0000000000 0.0000000000 0.0000000000 0 0 0
1042181 4 10249 0.0000000000 0.0000000000 0.0000000000 0 0 0
1054286 4 50124 0.0000000000 0.0000000000 0.0000000000 0 0 0
1106828 4 6910 0.0000000000 0.0000000000 0.0000000000 0 0 0
1122162 0 156 0.0439614499 0.0000028669 0.0000000002 0 0 0
1147060 4 10858 0.0000000000 0.0000000000 0.0000000000 0 0 0
1168526 4 48984 0.0000000000 0.0000000000 0.0000000000 0 0 0
1217666 4 8565 0.0000000000 0.0000000000 0.0000000000 0 0 0
1226870 4 10234 0.0000000000 0.0000000000 0.0000000000 0 0 0
1239538 4 10280 0.0000000000 0.0000000000 0.0000000000 0 0 0
1260005 0 156 0.1468767988 0.0000071763 0.0000000004 0 0 0
1260161 4 45615 0.0000000000 0.0000000000 0.0000000000 0 0 0
1317195 0 156 0.0159798749 0.0000002802 0.0000000000 0 0 0
1317491 4 10936 0.0000000000 0.0000000000 0.0000000000 0 0 0
1355758 0 141 0.0951573255 0.0000100824 0.0000000011 0 0 0
1360766 4 11856 0.0000000000 0.0000000000 0.0000000000 0 0 0
1373574 4 24320 0.0000000000 0.0000000000 0.0000000000 0 0 0
1403885 4 31028 0.0000000000 0.0000000000 0.0000000000 0 0 0
1436551 0 172 0.0107735510 0.0000003298 0.0000000000 0 0 0
1438220 4 13183 0.0000000000 0.0000000000 0.0000000000 0 0 0
1452245 4 6958 0.0000000000 0.0000000000 0.0000000000 0 0 0
1459234 4 15225 0.0000000000 0.0000000000 0.0000000000 0 0 0
1474475 4 6755 0.0000000000 0.0000000000 0.0000000000 0 0 0
1491495 4 7737 0.0000000000 0.0000000000 0.0000000000 0 0 0
1499248 4 15834 0.0000000000 0.0000000000 0.0000000000 0 0 0
1520293 4 13088 0.0000000000 0.0000000000 0.0000000000 0 0 0
1547468 0 140 0.2178497206 0.0000513433 0.0000000121 0 0 0
1549387 4 5101 0.0000000000 0.0000000000 0.0000000000 0 0 0
1562085 3 827 0.0221431077 0.0000017438 0.0000000001 0 0 0
1565985 3 2512 0.0250206718 0.0000064156 0.0000000016 0 0 0
1569589 3 2153 0.0046623929 0.0000012937 0.0000000004 0 0 0
1577607 4 18440 0.0000000000 0.0000000000 0.0000000000 0 0 0
1597981 4 5866 0.0000000000 0.0000000000 0.0000000000 0 0 0
1614985 4 54211 0.0000000000 0.0000000000 0.0000000000 0 0 0
1672362 4 25569 0.0000000000 0.0000000000 0.0000000000 0 0 0
1711893 4 9251 0.0000000000 0.0000000000 0.0000000000 0 0 0
1748678 4 8814 0.0000000000 0.0000000000 0.0000000000 0 0 0
1765729 0 172 0.1834151530 0.0000107569 0.0000000006 0 0 0
1765901 4 5226 0.0000000000 0.0000000000 0.0000000000 0 0 0
1777195 1 218 0.3339967911 0.0000671215 0.0000000135 0 0 0
1780003 0 140 0.2514310844 0.0000895410 0.0000000319 0 0 0
1788817 4 18065 0.0000000000 0.0000000000 0.0000000000 0 0 0
1822435 4 10858 0.0000000000 0.0000000000 0.0000000000 0 0 0
1833309 4 10701 0.0000000000 0.0000000000 0.0000000000 0 0 0
1844026 4 7114 0.0000000000 0.0000000000 0.0000000000 0 0 0
1856225 4 7457 0.0000000000 0.0000000000 0.0000000000 0 0 0
1877472 0 156 0.0708607350 0.0000277016 0.0000000108 0 0 0
1888127 0 156 0.1949156531 0.0000182934 0.0000000017 0 0 0
1910810 4 35568 0.0000000000 0.0000000000 0.0000000000 0 0 0
1956222 4 10389 0.0000000000 0.0000000000 0.0000000000 0 0 0
1976003 0 140 0.1641936093 0.0000083006 0.0000000004 0 0 0
1987344 4 20545 0.0000000000 0.0000000000 0.0000000000 0 0 0
2024659 4 20452 0.0000000000 0.0000000000 0.0000000000 0 0 0
2048169 0 171 0.0146653554 0.0000006238 0.0000000000 0 0 0
2050119 4 6879 0.0000000000 0.0000000000 0.0000000000 0 0 0
2064268 4 7301 0.0000000000 0.0000000000 0.0000000000 0 0 0
2079275 4 8190 0.0000000000 0.0000000000 0.0000000000 0 0 0
2087980 4 7129 0.0000000000 0.0000000000 0.0000000000 0 0 0
2095811 4 12169 0.0000000000 0.0000000000 0.0000000000 0 0 0
2121037 4 7893 0.0000000000 0.0000000000 0.0000000000 0 0 0
2132222 0 141 0.0757807775 0.0000067752 0.0000000006 0 0 0
2132363 4 26457 0.0000000000 0.0000000000 0.0000000000 0 0 0
2159273 4 15413 0.0000000000 0.0000000000 0.0000000000 0 0 0
2181284 4 6240 0.0000000000 0.0000000000 0.0000000000 0 0 0
2191424 0 141 0.1246572424 0.0000122936 0.0000000012 0 0 0
2194373 0 156 0.1178706447 0.0000399697 0.0000000136 0 0 0
2199615 0 171 0.1190276847 0.0000227065 0.0000000043 0 0 0
2216244 4 8253 0.0000000000 0.0000000000 0.0000000000 0 0 0
2228724 0 156 0.0657343732 0.0000052672 0.0000000004 0 0 0
2232468 0 172 0.0631157194 0.0000168578 0.0000000045 0 0 0
2236228 4 5273 0.0000000000 0.0000000000 0.0000000000 0 0 0
2248630 4 29157 0.0000000000 0.0000000000 0.0000000000 0 0 0
2286648 4 98124 0.0000000000 0.0000000000 0.0000000000 0 0 0
2390373 4 22292 0.0000000000 0.0000000000 0.0000000000 0 0 0
2416643 4 21029 0.0000000000 0.0000000000 0.0000000000 0 0 0
2438795 4 21840 0.0000000000 0.0000000000 0.0000000000 0 0 0
2480198 4 5803 0.0000000000 0.0000000000 0.0000000000 0 0 0
2509542 0 156 0.1328226982 0.0000045264 0.0000000002 0 0 0
2509698 4 137608 0.0000000000 0.0000000000 0.0000000000 0 0 0
2665980 4 184112 0.0000000000 0.0000000000 0.0000000000 0 0 0
2888406 4 9157 0.0000000000 0.0000000000 0.0000000000 0 0 0
2908842 0 171 0.0477326970 0.0000023357 0.0000000001 0 0 0
2916299 0 171 0.0689675286 0.0000092487 0.0000000012 0 0 0
2920402 4 14804 0.0000000000 0.0000000000 0.0000000000 0 0 0
2936360 0 172 0.0262293769 0.0000016437 0.0000000001 0 0 0
2957358 4 278306 0.0000000000 0.0000000000 0.0000000000 0 0 0
3240453 0 172 0.0085198298 0.0000000301 0.0000000000 0 0 0
3241046 4 160728 0.0000000000 0.0000000000 0.0000000000 0 0 0
