134.7857142857 16.3059085322
179.0000000000 8.0000000000
335.5000000000 23.5000000000
132.5000000000 7.5000000000
94.0000000000 31.0000000000
109.0000000000 0.0000000000
0.2344435409 0.2254082552
0.0001072072 0.0001521236
0.0000000637 0.0000001154

23509 0 141 0.1498204610 0.0000185398 0.0000000023 0 0 0
51153 1 187 0.3162750367 0.0003023662 0.0000002891 0 0 0
64241 0 156 0.0768379135 0.0000131707 0.0000000023 0 0 0
67689 2 312 0.0312368562 0.0000090594 0.0000000026 140 63 109
68001 4 5351 0.0000000000 0.0000000000 0.0000000000 0 0 0
73352 1 171 0.0000000000 0.0000000000 0.0000000000 0 0 0
80715 0 125 0.1552905197 0.0000210907 0.0000000029 0 0 0
82446 2 359 0.1727728644 0.0000998110 0.0000000577 125 125 109
82805 4 5647 0.0000000000 0.0000000000 0.0000000000 0 0 0
90527 0 125 0.0897423082 0.0000116216 0.0000000015 0 0 0
92228 0 156 0.5564851653 0.0003271518 0.0000001923 0 0 0
101260 0 156 0.1654581695 0.0000387127 0.0000000091 0 0 0
102742 0 125 0.5685807305 0.0003836577 0.0000002589 0 0 0
107500 0 156 0.2612509061 0.0000549077 0.0000000115 0 0 0
109341 4 2547450 0.0000000000 0.0000000000 0.0000000000 0 0 0
2658054 3 156 0.0000751625 0.0000000000 0.0000000000 0 0 0
2662563 0 156 0.4133231318 0.0000916663 0.0000000203 0 0 0
2680534 0 140 0.1109865517 0.0000237151 0.0000000051 0 0 0
2680721 4 12012 0.0000000000 0.0000000000 0.0000000000 0 0 0
2697164 0 156 0.0599430252 0.0000036455 0.0000000002 0 0 0
2697881 4 165782 0.0000000000 0.0000000000 0.0000000000 0 0 0
2881182 4 34508 0.0000000000 0.0000000000 0.0000000000 0 0 0
2923911 4 6146 0.0000000000 0.0000000000 0.0000000000 0 0 0
2930291 4 44648 0.0000000000 0.0000000000 0.0000000000 0 0 0
2978106 4 6973 0.0000000000 0.0000000000 0.0000000000 0 0 0
2989806 4 40139 0.0000000000 0.0000000000 0.0000000000 0 0 0
3044812 4 5741 0.0000000000 0.0000000000 0.0000000000 0 0 0
3053470 4 10655 0.0000000000 0.0000000000 0.0000000000 0 0 0
3073766 4 11731 0.0000000000 0.0000000000 0.0000000000 0 0 0
3088430 0 140 0.0717525543 0.0000048931 0.0000000003 0 0 0
3094077 0 140 0.1582766578 0.0000280285 0.0000000050 0 0 0
3095590 4 38922 0.0000000000 0.0000000000 0.0000000000 0 0 0
3140362 4 6100 0.0000000000 0.0000000000 0.0000000000 0 0 0
3149317 4 10811 0.0000000000 0.0000000000 0.0000000000 0 0 0
3163154 4 5195 0.0000000000 0.0000000000 0.0000000000 0 0 0
3169519 4 19063 0.0000000000 0.0000000000 0.0000000000 0 0 0
3192420 0 109 0.0913911610 0.0000039907 0.0000000002 0 0 0
3195930 0 156 0.6664561313 0.0003008831 0.0000001358 0 0 0
3196616 4 6443 0.0000000000 0.0000000000 0.0000000000 0 0 0
3204120 0 109 0.0598925541 0.0000079814 0.0000000011 0 0 0
3206304 0 140 0.4563638781 0.0002089578 0.0000000957 0 0 0
3210625 0 125 0.5170676845 0.0001196639 0.0000000277 0 0 0
3212747 0 125 0.7109370650 0.0003350316 0.0000001579 0 0 0
3216007 0 125 0.3334787889 0.0001022941 0.0000000314 0 0 0
3217209 0 124 0.7286266169 0.0006061785 0.0000005043 0 0 0
3230313 4 7612 0.0000000000 0.0000000000 0.0000000000 0 0 0
3240889 4 6943 0.0000000000 0.0000000000 0.0000000000 0 0 0
3249376 4 35506 0.0000000000 0.0000000000 0.0000000000 0 0 0
3285319 4 88281 0.0000000000 0.0000000000 0.0000000000 0 0 0
3375628 0 124 0.0146829047 0.0000001626 0.0000000000 0 0 0
3379450 0 109 0.1711806446 0.0000447882 0.0000000117 0 0 0
3385066 4 18361 0.0000000000 0.0000000000 0.0000000000 0 0 0
3404644 0 109 0.0420467931 0.0000021477 0.0000000001 0 0 0
3408138 4 5928 0.0000000000 0.0000000000 0.0000000000 0 0 0
3421866 4 7925 0.0000000000 0.0000000000 0.0000000000 0 0 0
3435860 0 156 0.0829653739 0.0000059286 0.0000000004 0 0 0
3436936 0 125 0.0061805591 0.0000057440 0.0000000053 0 0 0
3437435 4 168200 0.0000000000 0.0000000000 0.0000000000 0 0 0
3610596 0 141 0.0114799713 0.0000000663 0.0000000000 0 0 0
3611938 0 125 0.4857787090 0.0003619812 0.0000002697 0 0 0
