83.2906976744 15.5816426568
93.6666666667 12.6578916974
279.2727272727 73.2481348308
80.9090909091 18.5445632584
120.4545454545 79.7728179228
77.9090909091 11.6965771641
0.3663447990 0.2882232464
0.0002034444 0.0002429162
0.0000001599 0.0000002717

6896 0 78 0.4981484124 0.0001438073 0.0000000415 0 0 0
10125 0 78 0.2879316994 0.0000891705 0.0000000276 0 0 0
10936 0 109 0.0349254690 0.0000430647 0.0000000531 0 0 0
52963 0 93 0.1937764872 0.0000180023 0.0000000017 0 0 0
58048 4 5164 0.0000000000 0.0000000000 0.0000000000 0 0 0
66535 4 6209 0.0000000000 0.0000000000 0.0000000000 0 0 0
72759 4 10858 0.0000000000 0.0000000000 0.0000000000 0 0 0
95192 4 12808 0.0000000000 0.0000000000 0.0000000000 0 0 0
113959 0 94 0.4245472098 0.0000226220 0.0000000012 0 0 0
115613 0 109 0.1198097477 0.0000724364 0.0000000438 0 0 0
117376 0 78 0.3490817196 0.0001980044 0.0000001123 0 0 0
120979 0 78 0.2101030804 0.0000583134 0.0000000162 0 0 0
132430 0 62 0.3699687894 0.0000323089 0.0000000028 0 0 0
138155 0 62 0.4532927125 0.0000791778 0.0000000138 0 0 0
139777 0 63 0.9292481149 0.0005729027 0.0000003532 0 0 0
141181 0 78 0.7040533335 0.0005014625 0.0000003572 0 0 0
142570 2 234 0.5296857140 0.0003813432 0.0000002745 78 78 78
143880 0 78 0.3301300918 0.0002520077 0.0000001924 0 0 0
147858 2 234 0.2131334687 0.0000535780 0.0000000135 78 63 93
148716 2 359 0.0046620047 0.0000054336 0.0000000063 109 188 62
157437 0 78 0.0968804099 0.0000805993 0.0000000671 0 0 0
160385 0 78 0.0233047126 0.0000079053 0.0000000027 0 0 0
166110 0 63 1.1144553543 0.0003468582 0.0000001080 0 0 0
167265 0 62 0.4735045710 0.0004099607 0.0000003549 0 0 0
173084 3 7690 0.2223752931 0.0000382154 0.0000000066 0 0 0
182412 3 2699 0.0525137586 0.0000056297 0.0000000006 0 0 0
185454 1 94 0.0145636273 0.0000047875 0.0000000016 0 0 0
186172 1 109 0.0000000000 0.0000000000 0.0000000000 0 0 0
187638 0 110 0.0708984258 0.0000483618 0.0000000330 0 0 0
193036 2 421 1.1213486370 0.0007333869 0.0000004797 63 280 78
210321 0 94 0.2393537854 0.0000138475 0.0000000008 0 0 0
228495 0 78 0.2578224568 0.0000577948 0.0000000130 0 0 0
238074 0 109 0.3292828991 0.0000343755 0.0000000036 0 0 0
245562 0 109 0.1402625076 0.0000187316 0.0000000025 0 0 0
258525 3 38033 0.3067968855 0.0000950130 0.0000000294 0 0 0
301332 0 78 0.0266115399 0.0000006217 0.0000000000 0 0 0
303485 0 93 0.5717541636 0.0002655616 0.0000001233 0 0 0
315356 0 110 0.3120952472 0.0000300409 0.0000000029 0 0 0
323734 0 78 0.1456010142 0.0000173790 0.0000000021 0 0 0
333593 3 5710 0.1180435973 0.0000119732 0.0000000012 0 0 0
343015 0 110 0.1498490895 0.0000159042 0.0000000017 0 0 0
373108 4 1804557 0.0000000000 0.0000000000 0.0000000000 0 0 0
2178944 0 78 0.0013216985 0.0000000007 0.0000000000 0 0 0
2181066 0 94 0.6607479976 0.0003113798 0.0000001467 0 0 0
2187322 0 109 0.5586848961 0.0000893039 0.0000000143 0 0 0
2187587 4 9344 0.0000000000 0.0000000000 0.0000000000 0 0 0
2198663 0 94 0.0549645234 0.0000049625 0.0000000004 0 0 0
2201284 0 62 0.6592270570 0.0002515174 0.0000000960 0 0 0
2202922 0 78 0.8629647655 0.0005268405 0.0000003216 0 0 0
2204154 3 1014 0.6920829043 0.0005617556 0.0000004560 0 0 0
2206884 0 63 0.4885220491 0.0005310022 0.0000005772 0 0 0
2207524 0 78 0.5980423963 0.0009344412 0.0000014601 0 0 0
2213062 0 109 0.1621457896 0.0000292788 0.0000000053 0 0 0
2221673 0 94 0.3460831785 0.0001304989 0.0000000492 0 0 0
2236727 0 78 0.0518910295 0.0000723724 0.0000001009 0 0 0
2237648 0 109 0.0719449481 0.0000781161 0.0000000848 0 0 0
2239676 0 109 0.8493614762 0.0004188173 0.0000002065 0 0 0
2241033 0 78 0.7102157507 0.0005233720 0.0000003857 0 0 0
2243856 2 234 0.7523594996 0.0005882404 0.0000004599 94 62 78
2245697 2 265 0.7241432641 0.0003933423 0.0000002137 109 78 78
2249410 3 11497 0.2148195827 0.0000578561 0.0000000156 0 0 0
2263279 0 93 0.3637170854 0.0004018973 0.0000004441 0 0 0
2266024 3 593 0.4374616263 0.0001593667 0.0000000581 0 0 0
2268005 3 1623 0.1462638490 0.0000738333 0.0000000373 0 0 0
2280345 0 94 0.2369925743 0.0000192052 0.0000000016 0 0 0
2281484 2 234 0.8805585927 0.0007730980 0.0000006788 78 62 94
2285306 2 250 0.3804286842 0.0000995365 0.0000000260 94 78 78
2287974 3 2371 0.3484675149 0.0001306100 0.0000000490 0 0 0
2294338 4 125706 0.0000000000 0.0000000000 0.0000000000 0 0 0
2420590 4 37019 0.0000000000 0.0000000000 0.0000000000 0 0 0
2465206 0 63 0.0671486378 0.0000015050 0.0000000000 0 0 0
2472507 0 94 0.1981077754 0.0000271343 0.0000000037 0 0 0
2475783 0 63 0.3555951011 0.0001085455 0.0000000331 0 0 0
2480323 0 93 0.8468544843 0.0003667624 0.0000001588 0 0 0
2481602 0 78 0.3723733347 0.0002911441 0.0000002276 0 0 0
2486001 0 78 0.3455870331 0.0000785604 0.0000000179 0 0 0
2493770 0 78 0.0568892139 0.0000145870 0.0000000037 0 0 0
2494753 2 405 0.2095051167 0.0002131283 0.0000002168 78 265 62
2497342 0 63 0.4121583564 0.0001591960 0.0000000615 0 0 0
2499745 0 62 0.6537755756 0.0002720664 0.0000001132 0 0 0
2513707 0 78 0.2246797899 0.0000160922 0.0000000012 0 0 0
2515969 0 62 0.2377546352 0.0001051081 0.0000000465 0 0 0
2538792 0 109 0.0609850720 0.0000026721 0.0000000001 0 0 0
2544486 0 78 0.6084758609 0.0001068626 0.0000000188 0 0 0
2545968 0 62 0.1873283013 0.0001264024 0.0000000853 0 0 0
2549572 0 62 1.1085990287 0.0006898563 0.0000004293 0 0 0
2550648 0 78 1.0727676000 0.0009969959 0.0000009266 0 0 0
2552302 0 93 0.3538181393 0.0002139167 0.0000001293 0 0 0
2557886 0 110 0.1609200248 0.0000288181 0.0000000052 0 0 0
2559103 0 94 0.1382835160 0.0001136266 0.0000000934 0 0 0
2559602 4 34960 0.0000000000 0.0000000000 0.0000000000 0 0 0
2598946 0 94 0.5032219189 0.0001581464 0.0000000497 0 0 0
2637525 4 15740 0.0000000000 0.0000000000 0.0000000000 0 0 0
2654779 0 78 0.0417223888 0.0000024181 0.0000000001 0 0 0
2660691 0 94 0.2211027544 0.0000373990 0.0000000063 0 0 0
2670784 4 343437 0.0000000000 0.0000000000 0.0000000000 0 0 0
3016935 0 94 0.0109835006 0.0000000317 0.0000000000 0 0 0
3029649 3 2262 0.3365213680 0.0000778804 0.0000000180 0 0 0
3036201 0 78 0.1051770425 0.0000160527 0.0000000025 0 0 0
3037106 2 218 0.9726489361 0.0010747502 0.0000011876 47 109 62
3038682 2 218 0.5133496963 0.0003257295 0.0000002067 62 62 94
3042020 3 1092 0.2861297058 0.0000857189 0.0000000257 0 0 0
3045624 0 78 0.2404046146 0.0000667049 0.0000000185 0 0 0
3046310 1 78 0.6035392223 0.0008797948 0.0000012825 0 0 0
3053283 0 78 0.3222065590 0.0000462077 0.0000000066 0 0 0
3054048 0 62 0.3947432950 0.0005160043 0.0000006745 0 0 0
3054547 3 374 0.1480102168 0.0002966137 0.0000005944 0 0 0
3055233 0 94 0.3846479845 0.0005607113 0.0000008174 0 0 0
3060085 4 103273 0.0000000000 0.0000000000 0.0000000000 0 0 0
3169800 0 63 0.0280099592 0.0000002553 0.0000000000 0 0 0
3181688 0 78 0.8100320026 0.0002718228 0.0000000912 0 0 0
3183201 0 62 0.4070143533 0.0002690115 0.0000001778 0 0 0
3207553 0 78 0.1262361162 0.0000454577 0.0000000164 0 0 0
3212888 4 23743 0.0000000000 0.0000000000 0.0000000000 0 0 0
3238441 0 78 0.0655897567 0.0000025668 0.0000000001 0 0 0
3240048 0 62 0.6434492147 0.0004004040 0.0000002492 0 0 0
3250874 0 109 0.1149666786 0.0000106195 0.0000000010 0 0 0
3252497 0 78 0.3586837643 0.0002210005 0.0000001362 0 0 0
3254774 0 78 0.2176629972 0.0002051489 0.0000001934 0 0 0
3254852 4 46691 0.0000000000 0.0000000000 0.0000000000 0 0 0
3308298 0 94 0.0213337046 0.0000003992 0.0000000000 0 0 0
3315006 0 94 0.4302582310 0.0000641411 0.0000000096 0 0 0
3315927 0 93 0.5419248588 0.0005884092 0.0000006389 0 0 0
3316566 4 18907 0.0000000000 0.0000000000 0.0000000000 0 0 0
3339685 0 78 0.1656086655 0.0000071633 0.0000000003 0 0 0
3343851 0 78 1.0910150778 0.0004725054 0.0000002046 0 0 0
3346300 0 62 0.5595875390 0.0002284963 0.0000000933 0 0 0
