84.6301369863 14.5101194567
118.8000000000 16.0049992190
389.0000000000 59.3809733837
81.2000000000 37.2486241357
232.6500000000 68.7424723152
75.1500000000 16.0601214192
0.2933035436 0.2453842558
0.0001861982 0.0002405490
0.0000001747 0.0000003040

1891 0 78 1.0191644726 0.0012787509 0.0000016045 0 0 0
2219 4 12594 0.0000000000 0.0000000000 0.0000000000 0 0 0
20734 0 79 0.1084282542 0.0000058562 0.0000000003 0 0 0
28625 2 281 0.3929618990 0.0000497987 0.0000000063 47 187 47
29297 4 16094 0.0000000000 0.0000000000 0.0000000000 0 0 0
45406 4 12766 0.0000000000 0.0000000000 0.0000000000 0 0 0
86281 4 9563 0.0000000000 0.0000000000 0.0000000000 0 0 0
97859 4 5047 0.0000000000 0.0000000000 0.0000000000 0 0 0
125406 4 7469 0.0000000000 0.0000000000 0.0000000000 0 0 0
136453 4 5031 0.0000000000 0.0000000000 0.0000000000 0 0 0
142281 0 94 0.2728095382 0.0000468101 0.0000000080 0 0 0
143719 0 109 0.0000000000 0.0000000000 0.0000000000 0 0 0
148766 0 93 0.1745834651 0.0000345915 0.0000000069 0 0 0
151969 4 11547 0.0000000000 0.0000000000 0.0000000000 0 0 0
183266 4 10328 0.0000000000 0.0000000000 0.0000000000 0 0 0
212672 4 11625 0.0000000000 0.0000000000 0.0000000000 0 0 0
239453 4 7516 0.0000000000 0.0000000000 0.0000000000 0 0 0
258125 0 63 0.1052387395 0.0000056362 0.0000000003 0 0 0
264578 0 94 0.1895760602 0.0000293780 0.0000000046 0 0 0
272813 0 62 0.2684401498 0.0000325975 0.0000000040 0 0 0
281328 0 94 0.3438350343 0.0000403799 0.0000000047 0 0 0
284344 0 78 0.5481822623 0.0001817580 0.0000000603 0 0 0
287172 0 62 0.8948942777 0.0003164407 0.0000001119 0 0 0
303578 4 5813 0.0000000000 0.0000000000 0.0000000000 0 0 0
309984 0 94 0.0494378939 0.0000077174 0.0000000012 0 0 0
321891 0 93 0.1860101871 0.0000156219 0.0000000013 0 0 0
322844 0 94 0.4024497385 0.0004222977 0.0000004431 0 0 0
324156 0 110 0.2212891688 0.0001686655 0.0000001286 0 0 0
324984 0 110 0.2314095796 0.0002794802 0.0000003375 0 0 0
326516 0 78 0.7438092441 0.0004855152 0.0000003169 0 0 0
327500 0 94 0.3577057124 0.0003635221 0.0000003694 0 0 0
328078 3 703 0.1061398037 0.0001836329 0.0000003177 0 0 0
331859 4 14000 0.0000000000 0.0000000000 0.0000000000 0 0 0
347094 0 78 0.1056381539 0.0000069339 0.0000000005 0 0 0
348172 0 78 0.4932902254 0.0004575976 0.0000004245 0 0 0
353250 2 469 0.0017416423 0.0000021449 0.0000000026 94 312 63
357234 0 79 0.5870834965 0.0002609260 0.0000001160 0 0 0
362391 0 78 0.3068006895 0.0000594921 0.0000000115 0 0 0
366125 4 8094 0.0000000000 0.0000000000 0.0000000000 0 0 0
377141 4 6125 0.0000000000 0.0000000000 0.0000000000 0 0 0
385000 4 23844 0.0000000000 0.0000000000 0.0000000000 0 0 0
418938 0 62 0.0496553066 0.0000014631 0.0000000000 0 0 0
423516 0 78 0.3025885436 0.0000660962 0.0000000144 0 0 0
427828 4 5063 0.0000000000 0.0000000000 0.0000000000 0 0 0
435844 4 6687 0.0000000000 0.0000000000 0.0000000000 0 0 0
442547 4 8000 0.0000000000 0.0000000000 0.0000000000 0 0 0
454672 4 18797 0.0000000000 0.0000000000 0.0000000000 0 0 0
473953 4 38078 0.0000000000 0.0000000000 0.0000000000 0 0 0
535047 4 6969 0.0000000000 0.0000000000 0.0000000000 0 0 0
542031 4 38657 0.0000000000 0.0000000000 0.0000000000 0 0 0
581250 0 78 0.0123903507 0.0000003159 0.0000000000 0 0 0
581547 4 38797 0.0000000000 0.0000000000 0.0000000000 0 0 0
620359 4 41329 0.0000000000 0.0000000000 0.0000000000 0 0 0
665016 4 5656 0.0000000000 0.0000000000 0.0000000000 0 0 0
673438 0 93 0.3394550038 0.0000403057 0.0000000048 0 0 0
681547 4 6937 0.0000000000 0.0000000000 0.0000000000 0 0 0
704078 4 40969 0.0000000000 0.0000000000 0.0000000000 0 0 0
748844 0 78 0.1942686835 0.0002258938 0.0000002627 0 0 0
765172 4 56203 0.0000000000 0.0000000000 0.0000000000 0 0 0
824422 0 78 0.0701481152 0.0000011839 0.0000000000 0 0 0
838234 0 110 0.0581159365 0.0000042076 0.0000000003 0 0 0
857344 4 6640 0.0000000000 0.0000000000 0.0000000000 0 0 0
867875 0 109 0.0538293384 0.0000051115 0.0000000005 0 0 0
872906 0 94 0.1538685150 0.0000305841 0.0000000061 0 0 0
878609 0 110 0.4058052416 0.0000711565 0.0000000125 0 0 0
882063 0 78 0.2905259801 0.0000841129 0.0000000244 0 0 0
893922 0 109 0.1405273813 0.0000118499 0.0000000010 0 0 0
900172 0 94 0.2478647513 0.0000396584 0.0000000063 0 0 0
910250 4 55047 0.0000000000 0.0000000000 0.0000000000 0 0 0
976750 4 29250 0.0000000000 0.0000000000 0.0000000000 0 0 0
1009594 4 7015 0.0000000000 0.0000000000 0.0000000000 0 0 0
1017172 4 19328 0.0000000000 0.0000000000 0.0000000000 0 0 0
1041703 4 7953 0.0000000000 0.0000000000 0.0000000000 0 0 0
1051906 3 1157 0.2034180039 0.0000199371 0.0000000020 0 0 0
1055422 0 78 0.6922504234 0.0001968858 0.0000000560 0 0 0
1068719 3 937 0.1370914268 0.0000103100 0.0000000008 0 0 0
1069891 4 6547 0.0000000000 0.0000000000 0.0000000000 0 0 0
1078656 0 94 0.0966976250 0.0000110322 0.0000000013 0 0 0
1091531 0 94 0.1780994995 0.0000138330 0.0000000011 0 0 0
1095594 0 109 0.1499796063 0.0000369135 0.0000000091 0 0 0
1120672 4 11844 0.0000000000 0.0000000000 0.0000000000 0 0 0
1138922 0 109 0.0273212796 0.0000014971 0.0000000001 0 0 0
1141734 0 94 0.3737300563 0.0001329054 0.0000000473 0 0 0
1147094 4 67531 0.0000000000 0.0000000000 0.0000000000 0 0 0
1220781 4 22094 0.0000000000 0.0000000000 0.0000000000 0 0 0
1280266 4 7687 0.0000000000 0.0000000000 0.0000000000 0 0 0
1296609 4 6204 0.0000000000 0.0000000000 0.0000000000 0 0 0
1305453 0 94 0.0745528258 0.0000084298 0.0000000010 0 0 0
1311734 0 110 0.0385342597 0.0000503716 0.0000000658 0 0 0
1320891 4 14625 0.0000000000 0.0000000000 0.0000000000 0 0 0
1337844 0 94 0.0019788918 0.0000013053 0.0000000009 0 0 0
1338469 0 78 0.2153305737 0.0003445289 0.0000005512 0 0 0
1340859 0 94 0.5875659319 0.0002458435 0.0000001029 0 0 0
1341750 0 94 0.1018231976 0.0001142797 0.0000001283 0 0 0
1342578 0 94 0.0485516822 0.0000586373 0.0000000708 0 0 0
1349734 1 141 0.6250131689 0.0003449300 0.0000001904 0 0 0
1350484 0 94 0.1031074348 0.0001374766 0.0000001833 0 0 0
1356063 0 109 0.2516367458 0.0000451043 0.0000000081 0 0 0
1357391 0 109 0.5706601482 0.0004297140 0.0000003236 0 0 0
1359219 2 390 0.2042211267 0.0001117183 0.0000000611 62 250 78
1363297 2 391 0.2051160872 0.0000502982 0.0000000123 94 218 79
1372516 4 36781 0.0000000000 0.0000000000 0.0000000000 0 0 0
1410438 3 1031 0.0173981566 0.0000004588 0.0000000000 0 0 0
1412531 0 110 0.0465761980 0.0000828758 0.0000001475 0 0 0
1413766 0 93 0.9282968239 0.0007516573 0.0000006086 0 0 0
1414531 0 63 0.0739366996 0.0000966493 0.0000001263 0 0 0
1415063 1 109 0.0588344443 0.0001105911 0.0000002079 0 0 0
1415672 0 94 0.1843121253 0.0003026472 0.0000004970 0 0 0
1424609 4 11079 0.0000000000 0.0000000000 0.0000000000 0 0 0
1436484 4 14938 0.0000000000 0.0000000000 0.0000000000 0 0 0
1457703 0 63 0.0524252588 0.0000024707 0.0000000001 0 0 0
1459406 0 94 0.5162016843 0.0003031131 0.0000001780 0 0 0
1459578 4 11235 0.0000000000 0.0000000000 0.0000000000 0 0 0
1499281 4 14782 0.0000000000 0.0000000000 0.0000000000 0 0 0
1515266 0 93 0.0440236872 0.0000027541 0.0000000002 0 0 0
1518172 0 94 0.4596299686 0.0001581659 0.0000000544 0 0 0
1525188 4 6640 0.0000000000 0.0000000000 0.0000000000 0 0 0
1536609 4 8625 0.0000000000 0.0000000000 0.0000000000 0 0 0
1545250 4 6000 0.0000000000 0.0000000000 0.0000000000 0 0 0
1551266 4 7922 0.0000000000 0.0000000000 0.0000000000 0 0 0
1566422 4 5953 0.0000000000 0.0000000000 0.0000000000 0 0 0
1573547 4 7297 0.0000000000 0.0000000000 0.0000000000 0 0 0
1584766 4 5172 0.0000000000 0.0000000000 0.0000000000 0 0 0
1590188 4 14640 0.0000000000 0.0000000000 0.0000000000 0 0 0
1642156 4 6782 0.0000000000 0.0000000000 0.0000000000 0 0 0
1649922 4 10562 0.0000000000 0.0000000000 0.0000000000 0 0 0
1660500 4 5344 0.0000000000 0.0000000000 0.0000000000 0 0 0
1674234 0 79 0.1111968152 0.0000080965 0.0000000006 0 0 0
1689656 0 94 0.2298085275 0.0000149013 0.0000000010 0 0 0
1708125 0 94 0.1103493408 0.0000059748 0.0000000003 0 0 0
1709453 0 110 0.6633843695 0.0004995364 0.0000003762 0 0 0
1712828 0 78 0.2062129961 0.0001039380 0.0000000524 0 0 0
1715500 0 63 0.1258648121 0.0001579232 0.0000001981 0 0 0
1719531 0 78 0.4844723359 0.0001201866 0.0000000298 0 0 0
1721828 0 63 0.5025034747 0.0002187651 0.0000000952 0 0 0
1728906 0 110 0.6242606902 0.0000881973 0.0000000125 0 0 0
1733141 0 62 0.3407712542 0.0000804655 0.0000000190 0 0 0
1742344 3 2859 0.1311556902 0.0000142514 0.0000000015 0 0 0
1746297 0 94 0.2433862173 0.0000615700 0.0000000156 0 0 0
1751906 0 78 0.2416068226 0.0000430748 0.0000000077 0 0 0
1752922 0 94 0.2804946338 0.0002760774 0.0000002717 0 0 0
1764125 3 313 0.1269528140 0.0000113320 0.0000000010 0 0 0
1774984 0 79 0.1605330521 0.0000147834 0.0000000014 0 0 0
1782844 0 94 0.2679181748 0.0000340863 0.0000000043 0 0 0
1788063 2 359 0.1932769488 0.0000370333 0.0000000071 109 156 94
1788734 2 407 0.1234845802 0.0001840307 0.0000002743 94 203 110
1789672 4 6937 0.0000000000 0.0000000000 0.0000000000 0 0 0
1797094 0 78 0.2022292460 0.0000272473 0.0000000037 0 0 0
1798234 0 94 0.9726551549 0.0008532063 0.0000007484 0 0 0
1802156 0 78 0.3184569939 0.0000811976 0.0000000207 0 0 0
1808859 0 79 0.1980217447 0.0000295423 0.0000000044 0 0 0
1818422 0 109 0.3029570369 0.0000316801 0.0000000033 0 0 0
1829125 2 391 0.0600279466 0.0000441707 0.0000000325 219 109 63
1831203 2 375 0.2077600578 0.0000999808 0.0000000481 63 203 109
1832391 0 78 0.2080973702 0.0001751661 0.0000001474 0 0 0
1834688 0 78 0.0167974895 0.0000113114 0.0000000076 0 0 0
1836719 0 94 0.1200177614 0.0000590929 0.0000000291 0 0 0
1839469 0 62 0.6568191218 0.0004887047 0.0000003636 0 0 0
1840359 1 94 0.9606660370 0.0010794000 0.0000012128 0 0 0
1841547 0 109 0.3355160401 0.0002824209 0.0000002377 0 0 0
1844359 0 94 0.3482053423 0.0001769336 0.0000000899 0 0 0
1846375 0 94 0.2654731341 0.0001930714 0.0000001404 0 0 0
1847438 0 62 0.3772896407 0.0003549291 0.0000003339 0 0 0
1848141 0 78 0.3775286197 0.0005370251 0.0000007639 0 0 0
1859078 4 34469 0.0000000000 0.0000000000 0.0000000000 0 0 0
1893813 4 5140 0.0000000000 0.0000000000 0.0000000000 0 0 0
1900219 0 78 0.0570069833 0.0000088990 0.0000000014 0 0 0
1900891 0 93 0.2787321808 0.0004147800 0.0000006172 0 0 0
1902000 0 78 0.1765400585 0.0001591885 0.0000001435 0 0 0
1902578 0 94 0.0069204152 0.0000119730 0.0000000207 0 0 0
1903547 0 94 0.3277430247 0.0003382281 0.0000003490 0 0 0
1906188 3 312 0.2723632889 0.0001031288 0.0000000390 0 0 0
1908125 0 63 0.0727489663 0.0000375575 0.0000000194 0 0 0
1912484 0 79 0.2930812298 0.0001631855 0.0000000909 0 0 0
1913125 3 1016 0.4068044618 0.0006346403 0.0000009901 0 0 0
1914703 0 63 0.2981864785 0.0001889648 0.0000001197 0 0 0
1918500 3 281 0.1571852439 0.0000413972 0.0000000109 0 0 0
1919641 4 11281 0.0000000000 0.0000000000 0.0000000000 0 0 0
1931469 0 78 0.0121169698 0.0000010244 0.0000000001 0 0 0
1931734 4 8500 0.0000000000 0.0000000000 0.0000000000 0 0 0
1941125 0 78 0.0296911628 0.0000031617 0.0000000003 0 0 0
1943406 3 563 0.2267377958 0.0001813902 0.0000001451 0 0 0
1945516 2 312 0.4672969794 0.0002214678 0.0000001050 47 187 78
1947016 0 109 0.6833210058 0.0004555473 0.0000003037 0 0 0
1948141 0 62 0.7139643903 0.0006346350 0.0000005641 0 0 0
1958625 4 7500 0.0000000000 0.0000000000 0.0000000000 0 0 0
1967000 0 109 0.1778871455 0.0000212403 0.0000000025 0 0 0
1967703 0 78 0.4812359743 0.0006845462 0.0000009737 0 0 0
1973266 0 78 0.2826505572 0.0000508090 0.0000000091 0 0 0
1974000 0 94 0.8775369929 0.0011955545 0.0000016288 0 0 0
1975406 3 532 0.4116512516 0.0002927818 0.0000002082 0 0 0
1977344 0 62 0.5837406029 0.0003012077 0.0000001554 0 0 0
1978938 0 93 0.4854474070 0.0003045467 0.0000001911 0 0 0
1984953 1 125 0.5458919322 0.0002795146 0.0000001431 0 0 0
1986188 3 359 0.6818492803 0.0011177857 0.0000018324 0 0 0
1988656 0 94 0.2613885783 0.0001059111 0.0000000429 0 0 0
1993547 0 94 0.6840990920 0.0006635297 0.0000006436 0 0 0
1994516 0 62 0.9175043084 0.0009468569 0.0000009771 0 0 0
1996109 0 94 0.6975520935 0.0004378858 0.0000002749 0 0 0
1997266 0 93 0.1805511665 0.0001560511 0.0000001349 0 0 0
2001438 2 406 0.9784819493 0.0005131001 0.0000002691 62 281 63
2002344 0 62 0.6837847398 0.0007547293 0.0000008330 0 0 0
2003859 0 79 0.9957160316 0.0010811249 0.0000011739 0 0 0
2004750 0 78 0.3517242338 0.0003947522 0.0000004430 0 0 0
2010891 0 78 0.3804874888 0.0000619586 0.0000000101 0 0 0
2011563 0 93 0.3157809286 0.0004699121 0.0000006993 0 0 0
2015078 0 78 0.3848451012 0.0001094865 0.0000000311 0 0 0
2016188 0 109 0.3784339681 0.0003409315 0.0000003071 0 0 0
2016375 1 125 0.0000000000 0.0000000000 0.0000000000 0 0 0
2018344 3 469 0.3073679450 0.0004917887 0.0000007869 0 0 0
2025375 0 94 0.4403091777 0.0003477956 0.0000002747 0 0 0
2026000 0 78 0.6513444967 0.0010421512 0.0000016674 0 0 0
2027578 2 360 0.1077600960 0.0000682890 0.0000000433 63 234 63
2028234 4 34063 0.0000000000 0.0000000000 0.0000000000 0 0 0
2064156 0 94 0.0242879151 0.0000006761 0.0000000000 0 0 0
2067156 4 49688 0.0000000000 0.0000000000 0.0000000000 0 0 0
2117406 0 78 0.0235156237 0.0000004680 0.0000000000 0 0 0
2118891 0 78 0.0692506207 0.0000466334 0.0000000314 0 0 0
2121578 0 94 0.8633193784 0.0003212949 0.0000001196 0 0 0
2122969 4 27672 0.0000000000 0.0000000000 0.0000000000 0 0 0
2150656 4 35797 0.0000000000 0.0000000000 0.0000000000 0 0 0
2187547 0 78 0.0170376673 0.0000004618 0.0000000000 0 0 0
2190391 0 62 0.4025325893 0.0001415375 0.0000000498 0 0 0
2194641 4 32312 0.0000000000 0.0000000000 0.0000000000 0 0 0
2229906 0 94 0.4912791609 0.0002577540 0.0000001352 0 0 0
2230266 4 112015 0.0000000000 0.0000000000 0.0000000000 0 0 0
2343281 0 110 0.0026382934 0.0000000233 0.0000000000 0 0 0
2343563 4 23390 0.0000000000 0.0000000000 0.0000000000 0 0 0
2371344 3 3422 0.0755808231 0.0000027206 0.0000000001 0 0 0
2382172 3 2453 0.1309579058 0.0000120944 0.0000000011 0 0 0
2394297 0 62 0.0429605934 0.0000035431 0.0000000003 0 0 0
2394641 3 1031 0.1373332578 0.0003992246 0.0000011605 0 0 0
2397328 4 63860 0.0000000000 0.0000000000 0.0000000000 0 0 0
2466078 0 94 0.0195046774 0.0000002837 0.0000000000 0 0 0
2470438 4 6734 0.0000000000 0.0000000000 0.0000000000 0 0 0
2487031 3 2032 0.0212250445 0.0000012792 0.0000000001 0 0 0
2494813 3 1234 0.1204486788 0.0000154779 0.0000000020 0 0 0
2497313 0 78 0.0794631888 0.0000317853 0.0000000127 0 0 0
2498031 0 78 0.0572234088 0.0000796983 0.0000001110 0 0 0
2498469 3 1015 0.0251141553 0.0000573383 0.0000001309 0 0 0
2504078 0 63 0.0315498125 0.0000229453 0.0000000167 0 0 0
2509719 0 78 0.0865920050 0.0000153505 0.0000000027 0 0 0
2510047 4 15297 0.0000000000 0.0000000000 0.0000000000 0 0 0
2534641 0 93 0.1434370963 0.0000244773 0.0000000042 0 0 0
2548031 0 63 0.0676168838 0.0000050498 0.0000000004 0 0 0
2551906 0 94 0.7440186633 0.0005232199 0.0000003679 0 0 0
2554672 3 1562 0.3760946634 0.0001359706 0.0000000492 0 0 0
2557359 0 79 0.1551880668 0.0000577551 0.0000000215 0 0 0
2558250 0 78 0.1241715789 0.0001393620 0.0000001564 0 0 0
2558859 0 110 0.1073399151 0.0001762560 0.0000002894 0 0 0
2564125 0 63 0.7238608018 0.0002517777 0.0000000876 0 0 0
2565375 0 63 0.8313252504 0.0006650602 0.0000005320 0 0 0
2572328 0 63 0.1150622495 0.0000165486 0.0000000024 0 0 0
2572547 4 23906 0.0000000000 0.0000000000 0.0000000000 0 0 0
2600516 0 62 0.2893150506 0.0001218169 0.0000000513 0 0 0
2603172 2 437 0.6357699193 0.0002393712 0.0000000901 62 297 78
2606391 4 9812 0.0000000000 0.0000000000 0.0000000000 0 0 0
2616922 0 62 0.0354021884 0.0000033617 0.0000000003 0 0 0
2617219 4 20562 0.0000000000 0.0000000000 0.0000000000 0 0 0
2641391 4 11078 0.0000000000 0.0000000000 0.0000000000 0 0 0
2653453 4 27610 0.0000000000 0.0000000000 0.0000000000 0 0 0
2681922 4 12531 0.0000000000 0.0000000000 0.0000000000 0 0 0
2699688 4 9671 0.0000000000 0.0000000000 0.0000000000 0 0 0
2710063 0 78 0.0896203727 0.0000086381 0.0000000008 0 0 0
2711500 2 359 0.4354312823 0.0003030141 0.0000002109 78 203 78
2713094 0 62 0.1122047380 0.0000703919 0.0000000442 0 0 0
2713672 0 78 0.0832786876 0.0001440808 0.0000002493 0 0 0
2716563 4 15796 0.0000000000 0.0000000000 0.0000000000 0 0 0
2733609 0 94 0.2082263102 0.0000122156 0.0000000007 0 0 0
2736672 0 94 0.5318155153 0.0002723070 0.0000001394 0 0 0
2749203 2 360 0.7629102342 0.0001992973 0.0000000521 110 171 79
2753391 0 78 0.1447330639 0.0000625737 0.0000000271 0 0 0
2756391 0 62 0.5463673532 0.0001821225 0.0000000607 0 0 0
2763578 0 110 0.1334546864 0.0000185689 0.0000000026 0 0 0
2765453 0 94 0.1101039041 0.0000587221 0.0000000313 0 0 0
2767609 2 469 0.4380985991 0.0002031997 0.0000000942 63 344 62
2770063 4 32046 0.0000000000 0.0000000000 0.0000000000 0 0 0
2805016 4 10250 0.0000000000 0.0000000000 0.0000000000 0 0 0
2820438 3 578 0.1474886721 0.0000095635 0.0000000006 0 0 0
2825469 0 78 0.4743059191 0.0000942767 0.0000000187 0 0 0
2828000 4 19688 0.0000000000 0.0000000000 0.0000000000 0 0 0
2851688 0 62 0.1740948285 0.0001824893 0.0000001913 0 0 0
2853891 4 36484 0.0000000000 0.0000000000 0.0000000000 0 0 0
2892313 0 109 0.0593982226 0.0000015459 0.0000000000 0 0 0
2905703 4 11219 0.0000000000 0.0000000000 0.0000000000 0 0 0
2929359 0 94 0.1075750156 0.0000045475 0.0000000002 0 0 0
2930000 2 469 0.2603796562 0.0004062085 0.0000006337 63 328 78
2932922 0 78 0.6763981927 0.0002314847 0.0000000792 0 0 0
2937672 4 20781 0.0000000000 0.0000000000 0.0000000000 0 0 0
2959438 0 93 0.0304162506 0.0000013974 0.0000000001 0 0 0
2963875 0 94 0.3473648935 0.0000782882 0.0000000176 0 0 0
2966500 0 94 0.4882697634 0.0001860075 0.0000000709 0 0 0
2988422 0 78 0.1113638665 0.0000050800 0.0000000002 0 0 0
2997328 0 94 0.2876338575 0.0000322966 0.0000000036 0 0 0
3011672 0 78 0.1805751619 0.0000125889 0.0000000009 0 0 0
3017453 0 78 0.3388100497 0.0000586075 0.0000000101 0 0 0
3018469 0 94 0.2617351088 0.0002576133 0.0000002536 0 0 0
3022359 0 79 0.8561376589 0.0002200868 0.0000000566 0 0 0
3023344 0 94 0.2336844577 0.0002372431 0.0000002409 0 0 0
3023953 0 94 0.3188445334 0.0005235542 0.0000008597 0 0 0
3024891 0 78 0.7414590351 0.0007904681 0.0000008427 0 0 0
3026578 0 94 0.4547614797 0.0002695682 0.0000001598 0 0 0
3029781 0 63 0.7532405651 0.0003257961 0.0000001409 0 0 0
3034594 0 94 0.1832163386 0.0000380670 0.0000000079 0 0 0
3036422 0 78 0.2086223241 0.0001141260 0.0000000624 0 0 0
3037125 0 78 0.2630195189 0.0003741387 0.0000005322 0 0 0
3040656 0 63 0.4519510118 0.0001279952 0.0000000362 0 0 0
3045688 2 421 0.3443100569 0.0000684241 0.0000000136 62 281 78
3054375 0 78 0.2332226305 0.0000268473 0.0000000031 0 0 0
3055797 0 62 0.3904585094 0.0002745840 0.0000001931 0 0 0
3064563 0 78 0.3686932891 0.0000420595 0.0000000048 0 0 0
3065688 0 78 0.6978825512 0.0006203400 0.0000005514 0 0 0
3066547 4 6969 0.0000000000 0.0000000000 0.0000000000 0 0 0
3079531 0 78 0.0763209082 0.0000058781 0.0000000005 0 0 0
3084391 0 62 0.7392385000 0.0006064303 0.0000004975 0 0 0
3085047 4 8766 0.0000000000 0.0000000000 0.0000000000 0 0 0
3095625 0 94 0.0495560729 0.0000046848 0.0000000004 0 0 0
3098688 4 10046 0.0000000000 0.0000000000 0.0000000000 0 0 0
3117266 0 93 0.0341795630 0.0000018398 0.0000000001 0 0 0
3117563 4 16203 0.0000000000 0.0000000000 0.0000000000 0 0 0
3134938 0 93 0.0424813479 0.0000024450 0.0000000001 0 0 0
3135313 4 53015 0.0000000000 0.0000000000 0.0000000000 0 0 0
3196031 0 78 0.0344711477 0.0000005677 0.0000000000 0 0 0
3202500 0 78 0.1685819186 0.0000260600 0.0000000040 0 0 0
3208141 2 343 0.1995128698 0.0000353684 0.0000000063 93 172 78
3208625 0 78 0.0029219288 0.0000060370 0.0000000125 0 0 0
3209797 0 94 0.4766415747 0.0004066908 0.0000003470 0 0 0
3212297 0 94 0.2155117294 0.0000862047 0.0000000345 0 0 0
3213609 0 94 0.8797831023 0.0006705664 0.0000005111 0 0 0
3217594 4 12094 0.0000000000 0.0000000000 0.0000000000 0 0 0
3233031 4 5797 0.0000000000 0.0000000000 0.0000000000 0 0 0
3255891 4 24718 0.0000000000 0.0000000000 0.0000000000 0 0 0
3288828 0 110 0.0747185179 0.0000022685 0.0000000001 0 0 0
3290188 4 19234 0.0000000000 0.0000000000 0.0000000000 0 0 0
3320672 0 62 0.0352242009 0.0000011555 0.0000000000 0 0 0
3327203 0 78 0.3428857736 0.0000525013 0.0000000080 0 0 0
3329813 4 62125 0.0000000000 0.0000000000 0.0000000000 0 0 0
3392797 4 25953 0.0000000000 0.0000000000 0.0000000000 0 0 0
3436781 4 121438 0.0000000000 0.0000000000 0.0000000000 0 0 0
3565922 4 9781 0.0000000000 0.0000000000 0.0000000000 0 0 0
3581656 4 31578 0.0000000000 0.0000000000 0.0000000000 0 0 0
3614313 2 281 0.0342354448 0.0000010483 0.0000000000 46 157 78
3616906 4 5125 0.0000000000 0.0000000000 0.0000000000 0 0 0
3625109 0 63 0.0238211156 0.0000267653 0.0000000301 0 0 0
3629078 0 78 0.4228900401 0.0001065483 0.0000000268 0 0 0
3633859 0 94 0.3903990937 0.0000816564 0.0000000171 0 0 0
3645438 0 62 0.1539925087 0.0000195150 0.0000000025 0 0 0
3646172 0 78 0.5144716693 0.0007009151 0.0000009549 0 0 0
3649172 0 78 0.1547963956 0.0000515988 0.0000000172 0 0 0
3650984 0 63 0.3571485723 0.0001971019 0.0000001088 0 0 0
3661297 0 78 0.0667970345 0.0000064770 0.0000000006 0 0 0
3667438 4 23562 0.0000000000 0.0000000000 0.0000000000 0 0 0
3691016 4 8390 0.0000000000 0.0000000000 0.0000000000 0 0 0
3699438 4 225281 0.0000000000 0.0000000000 0.0000000000 0 0 0
3937563 0 93 0.0102888715 0.0000000432 0.0000000000 0 0 0
3938234 0 79 0.2383874699 0.0003552719 0.0000005295 0 0 0
3939219 0 62 0.1155209880 0.0001172802 0.0000001191 0 0 0
3940547 0 62 0.1393754229 0.0001049514 0.0000000790 0 0 0
3954125 0 78 0.1945367781 0.0000159417 0.0000000013 0 0 0
3956547 3 641 0.6152074000 0.0002540080 0.0000001049 0 0 0
3957875 0 78 0.5137088385 0.0003868289 0.0000002913 0 0 0
3958641 2 500 0.2130494541 0.0002781324 0.0000003631 93 360 47
3965203 0 110 0.3161134819 0.0001618605 0.0000000829 0 0 0
3967281 0 94 0.3173832484 0.0001527350 0.0000000735 0 0 0
3968250 0 94 0.0309501597 0.0000319403 0.0000000330 0 0 0
3969063 0 93 0.0578105781 0.0000711077 0.0000000875 0 0 0
3970344 0 94 0.4394000136 0.0003430133 0.0000002678 0 0 0
3975984 4 31922 0.0000000000 0.0000000000 0.0000000000 0 0 0
4008922 0 78 0.0462014443 0.0000014027 0.0000000000 0 0 0
4010219 0 78 0.6761073769 0.0005212856 0.0000004019 0 0 0
4021266 0 93 0.1622147274 0.0002730888 0.0000004597 0 0 0
4022156 4 7485 0.0000000000 0.0000000000 0.0000000000 0 0 0
4033516 0 109 0.1877019654 0.0000165231 0.0000000015 0 0 0
4034563 0 62 0.6223347053 0.0005943980 0.0000005677 0 0 0
