83.2736318408 35.6397082930
134.7272727273 62.4435612942
378.6153846154 139.5481931981
85.3076923077 32.1962363194
201.4615384615 130.0207766738
91.8461538462 35.7455670277
6762534726706825200000000000000000000000000000000000000000000000000000000000000000000000000000000000000000000000000000000000000000000000000000000000000000000000000000000000000000000000000000000000000000000000000000000000000000000.0000000000 1.#INF000000
0.0001445805 0.0002201976
-1.#QNAN00000 -1.#QNAN00000

1685 0 93 0.2477124251 0.0001470103 0.0000000872 0 0 0
2418 0 62 0.4921901634 0.0006714736 0.0000009161 0 0 0
3822 0 125 0.6116882121 0.0004356754 0.0000003103 0 0 0
6926 0 63 0.5832282654 0.0001878957 0.0000000605 0 0 0
8440 0 78 0.4991699836 0.0003297028 0.0000002178 0 0 0
10546 0 124 0.2824522328 0.0001341179 0.0000000637 0 0 0
11185 0 78 0.0278418880 0.0000435710 0.0000000682 0 0 0
26801 4 8986 0.0000000000 0.0000000000 0.0000000000 0 0 0
37237 0 63 0.0624247380 0.0000059817 0.0000000006 0 0 0
39577 0 63 0.3325896185 0.0001421323 0.0000000607 0 0 0
40451 0 78 0.3392757656 0.0003881874 0.0000004442 0 0 0
42869 0 78 0.7215834670 0.0002984216 0.0000001234 0 0 0
49109 0 94 0.1689508292 0.0000270755 0.0000000043 0 0 0
52432 0 62 0.7214987296 0.0002171227 0.0000000653 0 0 0
56488 0 31 0.9642005796 0.0002377220 0.0000000586 0 0 0
60825 0 62 0.5310684463 0.0001224506 0.0000000282 0 0 0
67143 0 93 0.3654707347 0.0000578460 0.0000000092 0 0 0
70107 4 5865 0.0000000000 0.0000000000 0.0000000000 0 0 0
94724 0 47 0.1173730995 0.0000047680 0.0000000002 0 0 0
99139 0 78 0.0281688174 0.0000063803 0.0000000014 0 0 0
104723 0 203 0.2280884948 0.0000408468 0.0000000073 0 0 0
112445 0 110 0.2820806422 0.0000365295 0.0000000047 0 0 0
119731 3 2464 0.1216118803 0.0000166912 0.0000000023 0 0 0
124208 0 78 0.1271797894 0.0000284074 0.0000000063 0 0 0
135924 3 4586 0.2718804762 0.0000232059 0.0000000020 0 0 0
148185 3 889 0.0432779787 0.0000035297 0.0000000003 0 0 0
151477 0 78 0.7243049023 0.0002200197 0.0000000668 0 0 0
153770 0 62 0.5365882857 0.0002340115 0.0000001021 0 0 0
158372 0 94 0.9562038216 0.0002077801 0.0000000451 0 0 0
167405 0 62 0.3369645837 0.0000373037 0.0000000041 0 0 0
169152 0 62 0.5882452973 0.0003367174 0.0000001927 0 0 0
170259 0 94 0.1706712271 0.0001541746 0.0000001393 0 0 0
171882 0 47 0.3132648262 0.0001930159 0.0000001189 0 0 0
174362 0 63 0.3019246698 0.0001217438 0.0000000491 0 0 0
176125 2 686 0.0490259857 0.0000278083 0.0000000158 94 483 109
177170 4 7223 0.0000000000 0.0000000000 0.0000000000 0 0 0
185111 0 109 0.2088650674 0.0000263021 0.0000000033 0 0 0
185220 4 65380 0.0000000000 0.0000000000 0.0000000000 0 0 0
251786 1 140 0.0127943626 0.0000001922 0.0000000000 0 0 0
252690 0 94 0.0240134999 0.0000265636 0.0000000294 0 0 0
254781 0 62 0.8302165024 0.0003970428 0.0000001899 0 0 0
256278 0 110 0.9718543979 0.0006492013 0.0000004337 0 0 0
258275 0 94 0.1096414011 0.0000549031 0.0000000275 0 0 0
258369 4 5335 0.0000000000 0.0000000000 0.0000000000 0 0 0
264749 0 78 0.1835072730 0.0000287629 0.0000000045 0 0 0
266184 4 15382 0.0000000000 0.0000000000 0.0000000000 0 0 0
283048 0 94 0.0594213296 0.0000035236 0.0000000002 0 0 0
285981 3 1279 0.2169139707 0.0000739563 0.0000000252 0 0 0
288617 2 234 0.0851034268 0.0000322851 0.0000000122 63 93 78
288929 0 78 0.0000000000 0.0000000000 0.0000000000 0 0 0
291425 3 671 0.1863404768 0.0000746556 0.0000000299 0 0 0
295091 0 78 0.0550687508 0.0000150215 0.0000000041 0 0 0
302595 0 78 0.2952571003 0.0000393466 0.0000000052 0 0 0
303952 2 265 0.4040233620 0.0002977328 0.0000002194 94 47 124
304280 2 577 0.0000000000 0.0000000000 0.0000000000 78 405 94
304966 2 421 0.0058309038 0.0000084999 0.0000000124 63 296 62
305855 2 250 0.0732669100 0.0000824150 0.0000000927 78 78 94
308570 0 78 0.7652666916 0.0002818662 0.0000001038 0 0 0
310645 2 234 0.3202431193 0.0001543340 0.0000000744 46 125 63
310957 0 125 0.0000000000 0.0000000000 0.0000000000 0 0 0
316011 0 109 0.3647727846 0.0000721751 0.0000000143 0 0 0
324669 3 1030 0.1119175166 0.0000129265 0.0000000015 0 0 0
327025 2 265 0.0358773181 0.0000152281 0.0000000065 93 63 109
328912 0 94 0.0414321455 0.0000219566 0.0000000116 0 0 0
336104 2 624 0.3158809451 0.0000439212 0.0000000061 78 312 234
336853 0 109 0.0000000000 0.0000000000 0.0000000000 0 0 0
340519 0 47 0.6194911478 0.0001689829 0.0000000461 0 0 0
342407 0 93 0.6645029799 0.0003519613 0.0000001864 0 0 0
342500 4 5554 0.0000000000 0.0000000000 0.0000000000 0 0 0
348257 4 32417 0.0000000000 0.0000000000 0.0000000000 0 0 0
382312 1 93 0.0680394104 0.0000019979 0.0000000001 0 0 0
383450 0 78 0.0433858082 0.0000381246 0.0000000335 0 0 0
384558 0 109 0.2875470257 0.0002595190 0.0000002342 0 0 0
384932 4 29329 0.0000000000 0.0000000000 0.0000000000 0 0 0
415009 1 110 0.0149369774 0.0000004966 0.0000000000 0 0 0
416148 0 63 0.5527646768 0.0004853070 0.0000004261 0 0 0
416663 4 41917 0.0000000000 0.0000000000 0.0000000000 0 0 0
461950 1 78 0.0317458112 0.0000007010 0.0000000000 0 0 0
462730 0 47 0.0512861261 0.0000657514 0.0000000843 0 0 0
463292 1 124 0.0300585805 0.0000534850 0.0000000952 0 0 0
465788 0 140 0.1454125474 0.0000582582 0.0000000233 0 0 0
466692 0 78 0.5045619773 0.0005581438 0.0000006174 0 0 0
468409 4 30529 0.0000000000 0.0000000000 0.0000000000 0 0 0
501652 0 110 0.0223173775 0.0000006713 0.0000000000 0 0 0
502058 4 15397 0.0000000000 0.0000000000 0.0000000000 0 0 0
518968 1 281 0.1574208912 0.0000093093 0.0000000006 0 0 0
521854 0 63 0.2484534747 0.0000860892 0.0000000298 0 0 0
523118 0 125 0.3172805997 0.0002510131 0.0000001986 0 0 0
523804 0 78 0.0582954880 0.0000849788 0.0000001239 0 0 0
524787 0 78 0.0506285137 0.0000515041 0.0000000524 0 0 0
525302 4 21762 0.0000000000 0.0000000000 0.0000000000 0 0 0
570683 0 93 0.0842928839 0.0000018574 0.0000000000 0 0 0
571104 4 24835 0.0000000000 0.0000000000 0.0000000000 0 0 0
598139 0 172 0.0571130441 0.0000021126 0.0000000001 0 0 0
600557 0 31 1.0733024916 0.0004438803 0.0000001836 0 0 0
601992 0 47 0.7747333908 0.0005398839 0.0000003762 0 0 0
603381 0 62 0.9867118681 0.0007103757 0.0000005114 0 0 0
608404 4 6053 0.0000000000 0.0000000000 0.0000000000 0 0 0
616609 0 110 0.1062705725 0.0000129519 0.0000000016 0 0 0
619293 0 78 1.0292974237 0.0003834938 0.0000001429 0 0 0
620291 0 47 0.0848476995 0.0000850177 0.0000000852 0 0 0
620977 2 266 0.7879062464 0.0011485514 0.0000016743 78 78 110
630057 0 109 0.3960018749 0.0000436125 0.0000000048 0 0 0
633801 0 125 0.7198931205 0.0001922791 0.0000000514 0 0 0
635938 0 78 0.8245570090 0.0003858479 0.0000001806 0 0 0
637607 0 94 0.4715398442 0.0002825284 0.0000001693 0 0 0
638684 0 109 0.1549116247 0.0001438362 0.0000001336 0 0 0
641710 0 78 0.4516220533 0.0001492472 0.0000000493 0 0 0
642350 0 62 0.4526688483 0.0007072951 0.0000011051 0 0 0
647248 0 47 0.1476664065 0.0000301483 0.0000000062 0 0 0
658262 4 6583 0.0000000000 0.0000000000 0.0000000000 0 0 0
665173 4 6458 0.0000000000 0.0000000000 0.0000000000 0 0 0
674501 0 78 0.2297245789 0.0000246274 0.0000000026 0 0 0
677450 0 93 0.5099571750 0.0001729255 0.0000000586 0 0 0
678089 0 94 0.0000000000 0.0000000000 0.0000000000 0 0 0
679447 0 78 0.2648163830 0.0001950047 0.0000001436 0 0 0
680383 0 93 0.2768487254 0.0002957786 0.0000003160 0 0 0
681646 0 47 1.0335762627 0.0008183502 0.0000006479 0 0 0
682941 0 78 0.5581788643 0.0004310262 0.0000003328 0 0 0
684641 0 125 0.9726285650 0.0005721345 0.0000003365 0 0 0
686748 4 421311 0.0000000000 0.0000000000 0.0000000000 0 0 0
1110399 0 78 0.0064689748 0.0000000153 0.0000000000 0 0 0
1111866 0 78 0.1655181093 0.0001128276 0.0000000769 0 0 0
1113270 0 109 0.0639975485 0.0000455823 0.0000000325 0 0 0
1115064 2 593 0.4780425464 0.0002664674 0.0000001485 140 359 94
1116343 0 94 0.0142941129 0.0000111760 0.0000000087 0 0 0
1116437 4 9235 0.0000000000 0.0000000000 0.0000000000 0 0 0
1128605 0 47 0.1359482372 0.0000111726 0.0000000009 0 0 0
1129978 1 78 0.7470273348 0.0005440840 0.0000003963 0 0 0
1131054 0 62 0.6490773539 0.0006032317 0.0000005606 0 0 0
1135672 0 78 0.4244075088 0.0000919029 0.0000000199 0 0 0
1136935 0 47 0.0479903143 0.0000379971 0.0000000301 0 0 0
1138932 0 62 0.1822723005 0.0000912731 0.0000000457 0 0 0
1145515 0 141 0.2356635106 0.0000357988 0.0000000054 0 0 0
1147621 0 94 0.1148633257 0.0000545410 0.0000000259 0 0 0
1154641 0 94 0.0780746627 0.0000111217 0.0000000016 0 0 0
1159821 4 13852 0.0000000000 0.0000000000 0.0000000000 0 0 0
1175311 0 78 0.0103850492 0.0000006704 0.0000000000 0 0 0
1176949 0 32 0.1037938365 0.0000633662 0.0000000387 0 0 0
1177589 0 62 0.5047045148 0.0007886008 0.0000012322 0 0 0
1179461 0 16 0.3282567469 0.0001753508 0.0000000937 0 0 0
1182129 0 78 0.1075094210 0.0000402959 0.0000000151 0 0 0
1183111 0 63 0.4713040939 0.0004799431 0.0000004887 0 0 0
1186980 0 63 0.1572912758 0.0000406542 0.0000000105 0 0 0
1188837 0 93 0.5227362804 0.0002814950 0.0000001516 0 0 0
1190147 0 63 0.4232139559 0.0003230641 0.0000002466 0 0 0
1202409 4 58812 0.0000000000 0.0000000000 0.0000000000 0 0 0
1261861 0 93 0.0196828049 0.0000003311 0.0000000000 0 0 0
1265043 4 13900 0.0000000000 0.0000000000 0.0000000000 0 0 0
1280409 2 531 0.0189661052 0.0000012343 0.0000000001 110 343 78
1281033 0 78 0.0000000000 0.0000000000 0.0000000000 0 0 0
1281299 4 10514 0.0000000000 0.0000000000 0.0000000000 0 0 0
1292999 0 78 0.0921366163 0.0000078749 0.0000000007 0 0 0
1293201 4 182022 0.0000000000 0.0000000000 0.0000000000 0 0 0
1476846 0 78 0.0152301566 0.0000000829 0.0000000000 0 0 0
1479404 0 78 0.4593612363 0.0001795783 0.0000000702 0 0 0
1481214 0 78 0.9397148481 0.0005191795 0.0000002868 0 0 0
1484318 0 63 0.2849763939 0.0000918094 0.0000000296 0 0 0
1487173 0 109 0.2928039342 0.0001025583 0.0000000359 0 0 0
1489934 0 63 0.5357125428 0.0001940284 0.0000000703 0 0 0
1491853 0 47 0.6145251238 0.0003202320 0.0000001669 0 0 0
1494583 0 78 1.2906623562 0.0004727701 0.0000001732 0 0 0
1496564 0 31 0.5440280017 0.0002746229 0.0000001386 0 0 0
1497610 0 93 1.0894755902 0.0010415637 0.0000009958 0 0 0
1499185 0 78 0.5650408736 0.0003587561 0.0000002278 0 0 0
1500277 0 31 0.9525184429 0.0008722696 0.0000007988 0 0 0
1501853 0 78 0.8753449686 0.0005554219 0.0000003524 0 0 0
1503148 0 78 0.9540299497 0.0007367027 0.0000005689 0 0 0
1504832 0 78 0.8134312608 0.0004830352 0.0000002868 0 0 0
1506018 0 47 0.9659419815 0.0008144536 0.0000006867 0 0 0
1507375 0 47 0.6358877987 0.0004685982 0.0000003453 0 0 0
1511369 0 93 0.1901759944 0.0000476154 0.0000000119 0 0 0
1512944 0 78 0.6803697907 0.0004319808 0.0000002743 0 0 0
1522055 0 62 0.3067280411 0.0000336657 0.0000000037 0 0 0
1523630 0 78 0.5955450177 0.0003781238 0.0000002401 0 0 0
1524816 2 452 0.3760583958 0.0003170813 0.0000002674 78 328 46
1527343 0 78 0.5614637631 0.0002221859 0.0000000879 0 0 0
1533552 2 437 0.1963881060 0.0000316296 0.0000000051 47 312 78
1536251 0 125 0.6142886263 0.0002275986 0.0000000843 0 0 0
1537764 0 78 1.0262790559 0.0006783074 0.0000004483 0 0 0
1539792 0 78 0.7350416978 0.0003624466 0.0000001787 0 0 0
1544956 0 78 0.4287470766 0.0000830262 0.0000000161 0 0 0
1547311 0 94 0.6212476564 0.0002637994 0.0000001120 0 0 0
1549355 0 94 0.0593025658 0.0000290130 0.0000000142 0 0 0
1552834 4 13057 0.0000000000 0.0000000000 0.0000000000 0 0 0
1567155 0 109 0.2055830486 0.0000143554 0.0000000010 0 0 0
1569791 0 141 0.4583170777 0.0001738684 0.0000000660 0 0 0
1590586 4 32370 0.0000000000 0.0000000000 0.0000000000 0 0 0
1623705 0 78 0.0398117886 0.0000012021 0.0000000000 0 0 0
1625234 0 78 0.4135869775 0.0002704951 0.0000001769 0 0 0
1625967 0 94 0.4843110505 0.0006607245 0.0000009014 0 0 0
1626622 0 110 0.2259541985 0.0003449682 0.0000005267 0 0 0
1626732 4 845463 0.0000000000 0.0000000000 0.0000000000 0 0 0
2472975 2 218 0.0019953491 0.0000000024 0.0000000000 78 93 47
2473318 2 249 0.0105118113 0.0000306467 0.0000000893 47 93 109
2473677 0 31 0.0000000000 0.0000000000 0.0000000000 0 0 0
2473786 1 281 0.0000000000 0.0000000000 0.0000000000 0 0 0
2474176 1 62 0.0000000000 0.0000000000 0.0000000000 0 0 0
2474316 1 78 0.0000000000 0.0000000000 0.0000000000 0 0 0
2474457 1 78 0.0000000000 0.0000000000 0.0000000000 0 0 0
2474940 0 78 0.0783034673 0.0001621190 0.0000003357 0 0 0
2475127 4 689369 0.0000000000 0.0000000000 0.0000000000 0 0 0
3169316 2 328 0.0181014432 0.0000000261 0.0000000000 94 140 94
3169862 3 78 0.0157972823 0.0000289328 0.0000000530 0 0 0
3170049 3 110 0.1229946524 0.0006577254 0.0000035172 0 0 0
3170627 1 156 0.4033436438 0.0006978264 0.0000012073 0 0 0
3170876 1 203 0.1722525175 0.0006917772 0.0000027782 0 0 0
3171297 1 125 0.0047505938 0.0000112841 0.0000000268 0 0 0
3171563 1 93 0.0118882619 0.0000446927 0.0000001680 0 0 0
3171797 1 140 0.0918545283 0.0003925407 0.0000016775 0 0 0
3172031 1 109 0.0256410256 0.0001095770 0.0000004683 0 0 0
3172233 2 484 0.0198019802 0.0000980296 0.0000004853 203 187 94
3172857 0 110 0.0045327358 0.0000072640 0.0000000116 0 0 0
3173107 4 187560 0.0000000000 0.0000000000 0.0000000000 0 0 0
3361697 0 140 0.0023854402 0.0000000126 0.0000000000 0 0 0
3362633 0 156 0.2194115344 0.0002344140 0.0000002504 0 0 0
3368607 0 110 0.0931699365 0.0000155959 0.0000000026 0 0 0
3368717 4 21465 0.0000000000 0.0000000000 0.0000000000 0 0 0
3400401 0 78 0.2279345486 0.0000071940 0.0000000002 0 0 0
3409308 2 234 0.2620033095 0.0000294154 0.0000000033 78 63 93
3409605 0 109 0.0000000000 0.0000000000 0.0000000000 0 0 0
3409870 4 18954 0.0000000000 0.0000000000 0.0000000000 0 0 0
3429791 4 8689 0.0000000000 0.0000000000 0.0000000000 0 0 0
3440290 0 78 0.1576164684 0.0000150125 0.0000000014 0 0 0
3442115 4 9969 0.0000000000 0.0000000000 0.0000000000 0 0 0
3454018 2 250 0.4603118570 0.0000386719 0.0000000032 94 62 94
3454361 0 125 0.0000000000 0.0000000000 0.0000000000 0 0 0
3454470 1 125 0.0000000000 0.0000000000 0.0000000000 0 0 0
3454626 1 110 0.0000000000 0.0000000000 0.0000000000 0 0 0
3454782 1 141 0.0000000000 0.0000000000 0.0000000000 0 0 0
3454954 1 109 0.0000000000 0.0000000000 0.0000000000 0 0 0
3455204 0 93 0.0000000000 0.0000000000 0.0000000000 0 0 0
3455375 4 8783 0.0000000000 0.0000000000 0.0000000000 0 0 0
3465328 2 234 290788993248393500000000000000000000000000000000000000000000000000000000000000000000000000000000000000000000000000000000000000000000000000000000000000000000000000000000000000000000000000000000000000000000000000000000000000000000000.0000000000 0.0000000000 -1.#QNAN00000 63 78 93
3465562 4 8814 0.0000000000 0.0000000000 0.0000000000 0 0 0
3475921 0 93 0.0000000000 0.0000000000 0.0000000000 0 0 0
3489009 2 312 290788993248393500000000000000000000000000000000000000000000000000000000000000000000000000000000000000000000000000000000000000000000000000000000000000000000000000000000000000000000000000000000000000000000000000000000000000000000000.0000000000 0.0000000000 -1.#QNAN00000 125 62 125
3489383 0 94 0.0000000000 0.0000000000 0.0000000000 0 0 0
3490070 4 57720 0.0000000000 0.0000000000 0.0000000000 0 0 0
3559615 0 47 0.0000000000 0.0000000000 0.0000000000 0 0 0
3561066 0 47 0.0000000000 0.0000000000 0.0000000000 0 0 0
3565231 0 94 0.0000000000 0.0000000000 0.0000000000 0 0 0
3567415 0 94 0.0000000000 0.0000000000 0.0000000000 0 0 0
3580145 0 390 0.0000000000 0.0000000000 0.0000000000 0 0 0
3585886 4 11372 0.0000000000 0.0000000000 0.0000000000 0 0 0
3600019 1 250 0.0000000000 0.0000000000 0.0000000000 0 0 0
3601267 0 63 0.0000000000 0.0000000000 0.0000000000 0 0 0
3608303 0 140 0.0000000000 0.0000000000 0.0000000000 0 0 0
3614730 0 63 0.0000000000 0.0000000000 0.0000000000 0 0 0
3615495 0 78 0.0000000000 0.0000000000 0.0000000000 0 0 0
3617975 0 31 0.0000000000 0.0000000000 0.0000000000 0 0 0
3629987 0 78 0.0000000000 0.0000000000 0.0000000000 0 0 0
3634839 0 78 0.0000000000 0.0000000000 0.0000000000 0 0 0
3638676 0 78 0.0000000000 0.0000000000 0.0000000000 0 0 0
3643091 0 47 0.0000000000 0.0000000000 0.0000000000 0 0 0
3644480 0 46 0.0000000000 0.0000000000 0.0000000000 0 0 0
3646289 0 63 0.0000000000 0.0000000000 0.0000000000 0 0 0
3651032 0 78 0.0000000000 0.0000000000 0.0000000000 0 0 0
3651796 3 125 0.0000000000 0.0000000000 0.0000000000 0 0 0
3654230 0 47 0.0000000000 0.0000000000 0.0000000000 0 0 0
3663028 0 94 0.0000000000 0.0000000000 0.0000000000 0 0 0
3663949 4 10108 0.0000000000 0.0000000000 0.0000000000 0 0 0
3676226 4 42900 0.0000000000 0.0000000000 0.0000000000 0 0 0
3757284 0 94 0.0000000000 0.0000000000 0.0000000000 0 0 0
3761106 0 62 0.0000000000 0.0000000000 0.0000000000 0 0 0
3766238 0 141 0.0000000000 0.0000000000 0.0000000000 0 0 0
3770575 0 187 0.0000000000 0.0000000000 0.0000000000 0 0 0
3771730 4 48532 0.0000000000 0.0000000000 0.0000000000 0 0 0
3822633 0 62 0.0000000000 0.0000000000 0.0000000000 0 0 0
3826002 0 63 0.0000000000 0.0000000000 0.0000000000 0 0 0
3827453 0 94 0.0000000000 0.0000000000 0.0000000000 0 0 0
3829887 2 390 290788993248393500000000000000000000000000000000000000000000000000000000000000000000000000000000000000000000000000000000000000000000000000000000000000000000000000000000000000000000000000000000000000000000000000000000000000000000000.0000000000 0.0000000000 -1.#QNAN00000 62 265 63
3830620 2 390 290788993248393500000000000000000000000000000000000000000000000000000000000000000000000000000000000000000000000000000000000000000000000000000000000000000000000000000000000000000000000000000000000000000000000000000000000000000000000.0000000000 0.0000000000 -1.#QNAN00000 94 249 47
3834099 0 78 0.0000000000 0.0000000000 0.0000000000 0 0 0
3836548 0 78 0.0000000000 0.0000000000 0.0000000000 0 0 0
3840932 0 78 0.0000000000 0.0000000000 0.0000000000 0 0 0
3841556 0 31 0.0000000000 0.0000000000 0.0000000000 0 0 0
3842273 0 63 0.0000000000 0.0000000000 0.0000000000 0 0 0
3843412 0 63 0.0000000000 0.0000000000 0.0000000000 0 0 0
3866063 0 78 0.0000000000 0.0000000000 0.0000000000 0 0 0
3867951 0 62 0.0000000000 0.0000000000 0.0000000000 0 0 0
3874659 0 78 0.0000000000 0.0000000000 0.0000000000 0 0 0
3876500 0 62 0.0000000000 0.0000000000 0.0000000000 0 0 0
3878559 4 7223 0.0000000000 0.0000000000 0.0000000000 0 0 0
3886921 0 78 0.0000000000 0.0000000000 0.0000000000 0 0 0
3890992 0 94 0.0000000000 0.0000000000 0.0000000000 0 0 0
3900930 0 156 0.0000000000 0.0000000000 0.0000000000 0 0 0
3902708 0 94 0.0000000000 0.0000000000 0.0000000000 0 0 0
3903956 4 13557 0.0000000000 0.0000000000 0.0000000000 0 0 0
3930866 4 35272 0.0000000000 0.0000000000 0.0000000000 0 0 0
3978618 0 94 0.0000000000 0.0000000000 0.0000000000 0 0 0
3980319 0 62 0.0000000000 0.0000000000 0.0000000000 0 0 0
3982518 0 63 0.0000000000 0.0000000000 0.0000000000 0 0 0
3987448 2 421 290788993248393500000000000000000000000000000000000000000000000000000000000000000000000000000000000000000000000000000000000000000000000000000000000000000000000000000000000000000000000000000000000000000000000000000000000000000000000.0000000000 0.0000000000 -1.#QNAN00000 62 281 78
3988462 2 499 290788993248393500000000000000000000000000000000000000000000000000000000000000000000000000000000000000000000000000000000000000000000000000000000000000000000000000000000000000000000000000000000000000000000000000000000000000000000000.0000000000 0.0000000000 -1.#QNAN00000 78 343 78
3989959 0 63 0.0000000000 0.0000000000 0.0000000000 0 0 0
4006293 4 6786 0.0000000000 0.0000000000 0.0000000000 0 0 0
4020598 4 568920 0.0000000000 0.0000000000 0.0000000000 0 0 0
4605742 0 63 0.0000000000 0.0000000000 0.0000000000 0 0 0
4607583 0 78 0.0000000000 0.0000000000 0.0000000000 0 0 0
4612575 0 78 0.0000000000 0.0000000000 0.0000000000 0 0 0
4615180 0 94 0.0000000000 0.0000000000 0.0000000000 0 0 0
4617614 0 62 0.0000000000 0.0000000000 0.0000000000 0 0 0
