73.5714285714 14.9318178288
82.6956521739 16.8637372273
246.2500000000 34.0431711214
79.9583333333 13.0271484686
82.4583333333 31.8851835584
83.8333333333 22.1428443420
0.1043787032 0.2130467269
0.0001009975 0.0002110230
0.0000001840 0.0000005721

2886 0 78 0.2720880938 0.0000942786 0.0000000327 0 0 0
4321 0 78 0.6701533271 0.0004670058 0.0000003254 0 0 0
6583 1 109 0.0000000000 0.0000000000 0.0000000000 0 0 0
7145 2 202 0.1052218654 0.0001872275 0.0000003331 62 94 46
7457 2 202 0.0000000000 0.0000000000 0.0000000000 62 78 62
7753 2 250 0.0000000000 0.0000000000 0.0000000000 62 110 78
8081 2 218 0.0000000000 0.0000000000 0.0000000000 78 78 62
8393 2 249 0.0000000000 0.0000000000 0.0000000000 78 93 78
8720 2 343 0.0000000000 0.0000000000 0.0000000000 78 219 46
9204 2 234 0.0000000000 0.0000000000 0.0000000000 62 94 78
9500 2 281 0.0000000000 0.0000000000 0.0000000000 94 62 125
9875 2 234 0.0000000000 0.0000000000 0.0000000000 78 78 78
10187 2 265 0.0000000000 0.0000000000 0.0000000000 78 78 109
10530 2 234 0.0000000000 0.0000000000 0.0000000000 78 93 63
10842 2 281 0.0000000000 0.0000000000 0.0000000000 109 62 110
11216 2 250 0.0026737968 0.0000071492 0.0000000191 63 93 94
11559 2 250 0.0000000000 0.0000000000 0.0000000000 94 62 94
11903 2 249 0.0000000000 0.0000000000 0.0000000000 78 62 109
12246 2 265 0.0000000000 0.0000000000 0.0000000000 93 78 94
12573 2 281 0.0000000000 0.0000000000 0.0000000000 94 78 109
12917 2 265 0.0000000000 0.0000000000 0.0000000000 93 78 94
13275 2 250 0.0000000000 0.0000000000 0.0000000000 94 78 78
13619 2 249 0.0000000000 0.0000000000 0.0000000000 78 62 109
13931 1 109 0.0000000000 0.0000000000 0.0000000000 0 0 0
14118 1 93 0.0000000000 0.0000000000 0.0000000000 0 0 0
14289 1 63 0.0000000000 0.0000000000 0.0000000000 0 0 0
14461 1 78 0.0000000000 0.0000000000 0.0000000000 0 0 0
14617 1 78 0.0000000000 0.0000000000 0.0000000000 0 0 0
14789 1 62 0.0000000000 0.0000000000 0.0000000000 0 0 0
14960 1 78 0.0000000000 0.0000000000 0.0000000000 0 0 0
15132 1 78 0.0000000000 0.0000000000 0.0000000000 0 0 0
15303 1 63 0.0000000000 0.0000000000 0.0000000000 0 0 0
15475 1 62 0.0000000000 0.0000000000 0.0000000000 0 0 0
15647 1 93 0.0000000000 0.0000000000 0.0000000000 0 0 0
15865 1 62 0.0000000000 0.0000000000 0.0000000000 0 0 0
16021 1 78 0.0000000000 0.0000000000 0.0000000000 0 0 0
16193 1 78 0.0000000000 0.0000000000 0.0000000000 0 0 0
19219 3 359 0.0514595562 0.0000182222 0.0000000065 0 0 0
20467 0 94 0.2174659254 0.0001742515 0.0000001396 0 0 0
21575 4 2580147 0.0000000000 0.0000000000 0.0000000000 0 0 0
2605419 1 109 0.1330468146 0.0001815100 0.0000002476 0 0 0
2605778 1 78 0.0000000000 0.0000000000 0.0000000000 0 0 0
2606121 0 94 0.2490210308 0.0007260088 0.0000021166 0 0 0
2607088 0 78 0.5032621612 0.0005204366 0.0000005382 0 0 0
2613079 0 62 0.2993797082 0.0000880270 0.0000000259 0 0 0
2614608 0 93 0.9960995308 0.0006514712 0.0000004261 0 0 0
2616480 0 78 0.6467383192 0.0003454799 0.0000001846 0 0 0
2660456 4 10484 0.0000000000 0.0000000000 0.0000000000 0 0 0
2672156 0 63 0.0304545662 0.0000026030 0.0000000002 0 0 0
2675916 4 120542 0.0000000000 0.0000000000 0.0000000000 0 0 0
2797706 1 109 0.0045543225 0.0000000374 0.0000000000 0 0 0
2798907 0 78 0.1030256717 0.0000857832 0.0000000714 0 0 0
2799765 0 78 0.2495002203 0.0002907928 0.0000003389 0 0 0
2804586 4 3409230 0.0000000000 0.0000000000 0.0000000000 0 0 0
6215095 2 203 0.0010156207 0.0000000003 0.0000000000 78 63 62
6215376 2 265 0.0000000000 0.0000000000 0.0000000000 94 62 109
6215906 1 110 0.0037735849 0.0000071200 0.0000000134 0 0 0
6216281 1 78 0.0000000000 0.0000000000 0.0000000000 0 0 0
6216484 1 62 0.0591133005 0.0002911985 0.0000014345 0 0 0
6217014 1 78 0.0226527699 0.0001211378 0.0000006478 0 0 0
6217154 1 94 0.0000000000 0.0000000000 0.0000000000 0 0 0
6217451 2 218 0.3323552861 0.0011190414 0.0000037678 78 78 62
6217747 2 172 0.0000000000 0.0000000000 0.0000000000 63 46 63
6220508 0 47 0.7573362916 0.0002742978 0.0000000993 0 0 0
6221226 0 62 0.2784135238 0.0003877626 0.0000005401 0 0 0
6225391 0 47 0.4826743093 0.0002210047 0.0000001012 0 0 0
