85.9411764706 15.0172766711
249.5000000000 15.5000000000
451.7727272727 79.5252571761
94.3636363636 32.4198949224
273.8181818182 82.0197517030
83.5909090909 17.3405963275
0.1745500065 0.1963731524
0.0000944350 0.0001636966
0.0000000763 0.0000001891

2402 3 453 0.1594144441 0.0000663674 0.0000000276 0 0 0
4524 3 390 0.0000000000 0.0000000000 0.0000000000 0 0 0
5491 2 374 0.2150326953 0.0002223709 0.0000002300 218 78 78
8018 0 94 0.2275790438 0.0000900590 0.0000000356 0 0 0
10592 3 546 0.5644278668 0.0002192804 0.0000000852 0 0 0
13993 0 63 0.3395391768 0.0003751814 0.0000004146 0 0 0
21918 0 78 0.2586497460 0.0000326372 0.0000000041 0 0 0
26083 0 109 0.4750170186 0.0001856986 0.0000000726 0 0 0
28423 0 78 0.3534308337 0.0001510388 0.0000000645 0 0 0
28501 4 29141 0.0000000000 0.0000000000 0.0000000000 0 0 0
63789 0 93 0.0798378326 0.0000022625 0.0000000001 0 0 0
69373 0 78 0.2138688891 0.0000383003 0.0000000069 0 0 0
73617 2 374 0.1574060436 0.0000563573 0.0000000202 62 234 78
77018 0 78 0.0406133191 0.0000119416 0.0000000035 0 0 0
78515 4 5959 0.0000000000 0.0000000000 0.0000000000 0 0 0
84958 0 78 0.0033602796 0.0000005215 0.0000000001 0 0 0
86612 4 7566 0.0000000000 0.0000000000 0.0000000000 0 0 0
95176 3 6895 0.0806118285 0.0000094129 0.0000000011 0 0 0
102898 0 78 0.1274313348 0.0000165024 0.0000000021 0 0 0
104521 3 1326 0.6952038811 0.0004283450 0.0000002639 0 0 0
106174 0 78 0.1945213987 0.0001176778 0.0000000712 0 0 0
108343 0 78 0.5738923803 0.0002645885 0.0000001220 0 0 0
109341 0 62 0.4297762712 0.0004306375 0.0000004315 0 0 0
112586 0 78 0.4777934523 0.0001472399 0.0000000454 0 0 0
119013 0 78 0.1305144866 0.0000442722 0.0000000150 0 0 0
120105 0 62 0.5186309959 0.0004749368 0.0000004349 0 0 0
126563 0 94 0.0785434355 0.0000161380 0.0000000033 0 0 0
134129 0 94 0.0743015233 0.0000098204 0.0000000013 0 0 0
135362 3 1014 0.2199834273 0.0001784132 0.0000001447 0 0 0
140916 4 6708 0.0000000000 0.0000000000 0.0000000000 0 0 0
149698 4 10328 0.0000000000 0.0000000000 0.0000000000 0 0 0
161492 4 14103 0.0000000000 0.0000000000 0.0000000000 0 0 0
178247 0 109 0.3806448756 0.0001435313 0.0000000541 0 0 0
179635 0 94 0.8578899784 0.0006180764 0.0000004453 0 0 0
181226 4 11341 0.0000000000 0.0000000000 0.0000000000 0 0 0
194580 0 93 0.1059600036 0.0000079347 0.0000000006 0 0 0
199104 0 78 0.4037288836 0.0000892416 0.0000000197 0 0 0
200196 0 94 0.2210898553 0.0002024632 0.0000001854 0 0 0
203113 0 63 0.8397174646 0.0004017787 0.0000001922 0 0 0
203753 0 62 0.0000000000 0.0000000000 0.0000000000 0 0 0
205656 4 49156 0.0000000000 0.0000000000 0.0000000000 0 0 0
258977 4 27487 0.0000000000 0.0000000000 0.0000000000 0 0 0
290427 0 109 0.0483162803 0.0000154070 0.0000000049 0 0 0
291363 0 78 0.3546304584 0.0003788787 0.0000004048 0 0 0
294717 0 78 0.1249391202 0.0000372508 0.0000000111 0 0 0
295793 0 63 0.6158242783 0.0005723274 0.0000005319 0 0 0
299335 0 78 0.0087098644 0.0000024590 0.0000000007 0 0 0
299413 4 37003 0.0000000000 0.0000000000 0.0000000000 0 0 0
341970 0 93 0.0839915063 0.0000019736 0.0000000000 0 0 0
348412 0 94 0.3236803011 0.0000592821 0.0000000109 0 0 0
348506 4 8736 0.0000000000 0.0000000000 0.0000000000 0 0 0
358662 0 78 0.0466849355 0.0000045968 0.0000000005 0 0 0
362811 0 94 0.1153172006 0.0000277940 0.0000000067 0 0 0
369363 0 94 0.1551788354 0.0000236842 0.0000000036 0 0 0
369519 4 32402 0.0000000000 0.0000000000 0.0000000000 0 0 0
407428 4 6068 0.0000000000 0.0000000000 0.0000000000 0 0 0
421655 0 109 0.1791383714 0.0000125914 0.0000000009 0 0 0
425149 0 94 0.0227545267 0.0000065125 0.0000000019 0 0 0
431733 4 22620 0.0000000000 0.0000000000 0.0000000000 0 0 0
456131 4 535630 0.0000000000 0.0000000000 0.0000000000 0 0 0
992369 0 62 0.0008322393 0.0000000016 0.0000000000 0 0 0
994631 0 62 0.1798029729 0.0000794885 0.0000000351 0 0 0
994709 4 204361 0.0000000000 0.0000000000 0.0000000000 0 0 0
1202315 0 78 0.0061671177 0.0000000297 0.0000000000 0 0 0
1206246 0 63 0.5305901044 0.0001349759 0.0000000343 0 0 0
1207385 4 21404 0.0000000000 0.0000000000 0.0000000000 0 0 0
1229491 0 62 0.0244352748 0.0000011054 0.0000000001 0 0 0
1232642 0 93 0.0000000000 0.0000000000 0.0000000000 0 0 0
1234155 0 62 0.5850214657 0.0003866632 0.0000002556 0 0 0
1239022 4 5273 0.0000000000 0.0000000000 0.0000000000 0 0 0
1247618 0 78 0.0986439370 0.0000114756 0.0000000013 0 0 0
1255293 4 53945 0.0000000000 0.0000000000 0.0000000000 0 0 0
1310939 2 530 0.0170491465 0.0000003064 0.0000000000 78 343 109
1311469 4 6521 0.0000000000 0.0000000000 0.0000000000 0 0 0
1323668 0 110 0.1078318062 0.0000088394 0.0000000007 0 0 0
1326336 4 16240 0.0000000000 0.0000000000 0.0000000000 0 0 0
1342638 4 9469 0.0000000000 0.0000000000 0.0000000000 0 0 0
1363511 4 17612 0.0000000000 0.0000000000 0.0000000000 0 0 0
1393588 4 14461 0.0000000000 0.0000000000 0.0000000000 0 0 0
1408314 4 11108 0.0000000000 0.0000000000 0.0000000000 0 0 0
1426333 4 26801 0.0000000000 0.0000000000 0.0000000000 0 0 0
1454834 0 94 0.0269581755 0.0000009459 0.0000000000 0 0 0
1456238 0 94 0.5851523527 0.0004167752 0.0000002968 0 0 0
1474880 0 62 0.1435518448 0.0000077005 0.0000000004 0 0 0
1478749 0 78 0.5016505909 0.0001296590 0.0000000335 0 0 0
1483242 0 93 0.3906031285 0.0000869359 0.0000000193 0 0 0
1485348 0 93 0.5124249122 0.0002433167 0.0000001155 0 0 0
1489466 4 18174 0.0000000000 0.0000000000 0.0000000000 0 0 0
1508951 4 5101 0.0000000000 0.0000000000 0.0000000000 0 0 0
1514520 0 78 0.0641420897 0.0000115177 0.0000000021 0 0 0
1514660 4 7457 0.0000000000 0.0000000000 0.0000000000 0 0 0
1523022 0 94 0.1379113350 0.0000164926 0.0000000020 0 0 0
1523833 0 94 0.2590694673 0.0003194445 0.0000003939 0 0 0
1527094 0 78 0.1180028411 0.0000361861 0.0000000111 0 0 0
1527874 0 93 0.1016973303 0.0001303812 0.0000001672 0 0 0
1539542 0 94 0.1520278155 0.0000130295 0.0000000011 0 0 0
1547109 3 374 0.1984015577 0.0001166382 0.0000000686 0 0 0
1549043 0 62 0.1075113136 0.0000555901 0.0000000287 0 0 0
1549729 0 78 0.0842077135 0.0001227518 0.0000001789 0 0 0
1550369 0 78 0.0530234011 0.0000828491 0.0000001295 0 0 0
1552397 0 62 0.0225405406 0.0000111147 0.0000000055 0 0 0
1554955 2 375 0.0226149449 0.0000088409 0.0000000035 78 219 78
1563177 0 78 0.1136736738 0.0000461151 0.0000000187 0 0 0
1563801 0 78 0.3970805505 0.0006363470 0.0000010198 0 0 0
1563972 4 6349 0.0000000000 0.0000000000 0.0000000000 0 0 0
1576499 0 109 0.0574583869 0.0000133469 0.0000000031 0 0 0
1580072 0 109 0.0000000000 0.0000000000 0.0000000000 0 0 0
1580852 0 78 0.1848739803 0.0002370179 0.0000003039 0 0 0
1582443 0 93 0.1728313977 0.0001086307 0.0000000683 0 0 0
1585781 4 22605 0.0000000000 0.0000000000 0.0000000000 0 0 0
1624953 4 25756 0.0000000000 0.0000000000 0.0000000000 0 0 0
1650724 4 43213 0.0000000000 0.0000000000 0.0000000000 0 0 0
1694373 4 56208 0.0000000000 0.0000000000 0.0000000000 0 0 0
1767850 4 70715 0.0000000000 0.0000000000 0.0000000000 0 0 0
1845632 0 94 0.0114000773 0.0000001466 0.0000000000 0 0 0
1847676 0 109 0.3515853558 0.0001720085 0.0000000842 0 0 0
1849392 0 109 0.1058607694 0.0000616904 0.0000000360 0 0 0
1854041 0 78 0.0748964862 0.0000311679 0.0000000130 0 0 0
1854867 0 94 0.1036972373 0.0001255414 0.0000001520 0 0 0
1858034 4 140432 0.0000000000 0.0000000000 0.0000000000 0 0 0
2006126 4 5616 0.0000000000 0.0000000000 0.0000000000 0 0 0
2012179 0 78 0.1057241329 0.0000174664 0.0000000029 0 0 0
2013848 2 484 0.0409925966 0.0000245612 0.0000000147 62 375 47
2016828 0 93 0.0365214450 0.0000122555 0.0000000041 0 0 0
2017701 4 57003 0.0000000000 0.0000000000 0.0000000000 0 0 0
2079150 0 109 0.0270372277 0.0000004400 0.0000000000 0 0 0
2084984 0 78 0.1471596733 0.0000252245 0.0000000043 0 0 0
2086622 0 78 0.6438932013 0.0003930972 0.0000002400 0 0 0
2092738 0 78 0.4153695201 0.0000679152 0.0000000111 0 0 0
2093939 0 62 0.4289278345 0.0003571422 0.0000002974 0 0 0
2112253 0 78 0.1323634986 0.0000072274 0.0000000004 0 0 0
2113735 4 22153 0.0000000000 0.0000000000 0.0000000000 0 0 0
2135903 4 40857 0.0000000000 0.0000000000 0.0000000000 0 0 0
2177930 0 78 0.0233263636 0.0000005550 0.0000000000 0 0 0
2179599 0 94 0.8240729069 0.0004937525 0.0000002958 0 0 0
2194669 0 62 0.0996460473 0.0000066122 0.0000000004 0 0 0
2199895 0 78 0.1328073796 0.0000254128 0.0000000049 0 0 0
2207913 4 8923 0.0000000000 0.0000000000 0.0000000000 0 0 0
2217710 4 14617 0.0000000000 0.0000000000 0.0000000000 0 0 0
2235369 0 63 0.1123865792 0.0000063643 0.0000000004 0 0 0
2237631 4 6225 0.0000000000 0.0000000000 0.0000000000 0 0 0
2248005 0 78 0.0659906580 0.0000063612 0.0000000006 0 0 0
2249675 3 577 0.9425465744 0.0005643991 0.0000003380 0 0 0
2251250 3 843 0.0000000000 0.0000000000 0.0000000000 0 0 0
2253169 2 484 0.0000000000 0.0000000000 0.0000000000 94 312 78
2254245 2 437 0.0233826106 0.0000217311 0.0000000202 78 266 93
2255337 2 546 0.0369739266 0.0000338589 0.0000000310 110 358 78
2256461 0 62 0.0000000000 0.0000000000 0.0000000000 0 0 0
2256523 4 38595 0.0000000000 0.0000000000 0.0000000000 0 0 0
2296319 0 94 0.0048986374 0.0000001231 0.0000000000 0 0 0
2296413 4 7940 0.0000000000 0.0000000000 0.0000000000 0 0 0
2304353 2 328 0.0000000000 0.0000000000 0.0000000000 94 156 78
2305258 0 62 0.0020040080 0.0000040160 0.0000000080 0 0 0
2318487 0 93 0.0000000000 0.0000000000 0.0000000000 0 0 0
2321607 0 78 0.1510508498 0.0000484137 0.0000000155 0 0 0
2322777 0 78 0.1445141806 0.0001235164 0.0000001056 0 0 0
2324103 0 93 0.1008718117 0.0000760723 0.0000000574 0 0 0
2326630 2 390 0.0000000000 0.0000000000 0.0000000000 109 187 94
2332823 2 499 0.0000000000 0.0000000000 0.0000000000 94 312 93
2339812 0 62 0.1495442930 0.0000213971 0.0000000031 0 0 0
2340982 4 14789 0.0000000000 0.0000000000 0.0000000000 0 0 0
2356925 0 94 0.0603111345 0.0000037829 0.0000000002 0 0 0
2357939 4 23681 0.0000000000 0.0000000000 0.0000000000 0 0 0
2384272 4 7005 0.0000000000 0.0000000000 0.0000000000 0 0 0
2402618 2 577 0.0716510255 0.0000039055 0.0000000002 94 374 109
2405083 0 78 0.2460752667 0.0000998277 0.0000000405 0 0 0
2405161 4 28766 0.0000000000 0.0000000000 0.0000000000 0 0 0
2435394 2 312 0.0266802902 0.0000008825 0.0000000000 62 172 78
2437500 0 62 0.1744298046 0.0000828252 0.0000000393 0 0 0
2451462 3 780 0.0477853613 0.0000046129 0.0000000004 0 0 0
2452819 3 359 0.0932421911 0.0000687120 0.0000000506 0 0 0
2457733 3 609 0.0256908248 0.0000052281 0.0000000011 0 0 0
2465393 0 62 0.0179317279 0.0000023410 0.0000000003 0 0 0
2471180 2 578 0.0940281971 0.0000354556 0.0000000134 110 390 78
2472304 0 109 0.1021812778 0.0000909086 0.0000000809 0 0 0
2477343 4 65816 0.0000000000 0.0000000000 0.0000000000 0 0 0
2544111 0 62 0.0068013933 0.0000001019 0.0000000000 0 0 0
2547262 0 63 0.3992062423 0.0001266919 0.0000000402 0 0 0
2548635 4 7925 0.0000000000 0.0000000000 0.0000000000 0 0 0
2557652 4 9141 0.0000000000 0.0000000000 0.0000000000 0 0 0
2575155 2 453 0.0802387468 0.0000105828 0.0000000014 109 266 78
2580896 4 6661 0.0000000000 0.0000000000 0.0000000000 0 0 0
2587573 4 61885 0.0000000000 0.0000000000 0.0000000000 0 0 0
2662952 0 94 0.2474764611 0.0001555477 0.0000000978 0 0 0
2669302 0 109 0.5601186454 0.0000997362 0.0000000178 0 0 0
2678007 0 93 0.3159147596 0.0000362912 0.0000000042 0 0 0
2678100 4 6162 0.0000000000 0.0000000000 0.0000000000 0 0 0
2685775 0 110 0.0937645527 0.0000122169 0.0000000016 0 0 0
2687881 0 94 0.3206999369 0.0001522792 0.0000000723 0 0 0
2689129 0 94 0.0997020320 0.0000798894 0.0000000640 0 0 0
2693934 0 78 0.2459252026 0.0000511811 0.0000000107 0 0 0
2695307 4 10608 0.0000000000 0.0000000000 0.0000000000 0 0 0
2707194 4 5273 0.0000000000 0.0000000000 0.0000000000 0 0 0
2713949 0 109 0.0699975418 0.0000103623 0.0000000015 0 0 0
2714058 4 5648 0.0000000000 0.0000000000 0.0000000000 0 0 0
2723231 0 78 0.0718448888 0.0000078322 0.0000000009 0 0 0
2727147 0 94 0.2292541399 0.0000585429 0.0000000149 0 0 0
2728114 0 94 0.4506367305 0.0004660152 0.0000004819 0 0 0
2728208 4 187107 0.0000000000 0.0000000000 0.0000000000 0 0 0
2915331 4 63305 0.0000000000 0.0000000000 0.0000000000 0 0 0
2979962 0 78 0.0303387718 0.0000004694 0.0000000000 0 0 0
2986811 4 10623 0.0000000000 0.0000000000 0.0000000000 0 0 0
2999993 4 11637 0.0000000000 0.0000000000 0.0000000000 0 0 0
3013846 0 78 0.0924721799 0.0000066752 0.0000000005 0 0 0
3017434 0 93 0.2072167187 0.0000577527 0.0000000161 0 0 0
3018042 0 78 0.6851395664 0.0011268743 0.0000018534 0 0 0
3023939 0 93 0.2636413746 0.0002726384 0.0000002819 0 0 0
3027605 4 11138 0.0000000000 0.0000000000 0.0000000000 0 0 0
3041052 0 109 0.0752556746 0.0000055965 0.0000000004 0 0 0
3050443 0 110 0.0663318073 0.0000070633 0.0000000008 0 0 0
3059585 0 109 0.0398158490 0.0000043553 0.0000000005 0 0 0
3070817 0 109 0.0442011564 0.0000039353 0.0000000004 0 0 0
3079413 0 62 0.1523371773 0.0000204727 0.0000000028 0 0 0
3080255 0 63 0.1944007435 0.0002308797 0.0000002742 0 0 0
3082923 0 78 0.2160662690 0.0000809844 0.0000000304 0 0 0
3089990 0 93 0.1882634659 0.0000266398 0.0000000038 0 0 0
3090083 4 7473 0.0000000000 0.0000000000 0.0000000000 0 0 0
3098679 4 7722 0.0000000000 0.0000000000 0.0000000000 0 0 0
3116338 0 109 0.0384188225 0.0000041462 0.0000000004 0 0 0
3117118 4 5382 0.0000000000 0.0000000000 0.0000000000 0 0 0
3129427 0 109 0.0404683729 0.0000032877 0.0000000003 0 0 0
3131158 4 5523 0.0000000000 0.0000000000 0.0000000000 0 0 0
3136806 4 5007 0.0000000000 0.0000000000 0.0000000000 0 0 0
3152078 2 484 0.0451245628 0.0000029547 0.0000000002 109 281 94
3160580 0 78 0.1158563521 0.0000136270 0.0000000016 0 0 0
3161095 4 5242 0.0000000000 0.0000000000 0.0000000000 0 0 0
3166337 0 93 0.0000000000 0.0000000000 0.0000000000 0 0 0
3169488 0 93 0.4121796302 0.0001308091 0.0000000415 0 0 0
3171313 4 7769 0.0000000000 0.0000000000 0.0000000000 0 0 0
3182124 4 8845 0.0000000000 0.0000000000 0.0000000000 0 0 0
3195431 0 109 0.0733098890 0.0000055091 0.0000000004 0 0 0
3195540 4 5834 0.0000000000 0.0000000000 0.0000000000 0 0 0
3202404 0 109 0.0405929136 0.0000059139 0.0000000009 0 0 0
3218815 4 10421 0.0000000000 0.0000000000 0.0000000000 0 0 0
3241061 0 78 0.4683464197 0.0001745607 0.0000000651 0 0 0
3243120 0 109 0.4677454358 0.0002271712 0.0000001103 0 0 0
3246911 0 94 0.1391521266 0.0000367059 0.0000000097 0 0 0
3251419 4 5695 0.0000000000 0.0000000000 0.0000000000 0 0 0
3258549 0 109 0.1178380590 0.0000165271 0.0000000023 0 0 0
3262558 0 94 0.1576430736 0.0000492943 0.0000000154 0 0 0
3263400 0 94 0.4387734640 0.0005211086 0.0000006189 0 0 0
3264960 4 22777 0.0000000000 0.0000000000 0.0000000000 0 0 0
3288485 4 41902 0.0000000000 0.0000000000 0.0000000000 0 0 0
3331526 0 78 0.0218384721 0.0000005074 0.0000000000 0 0 0
3332992 0 110 0.0269735360 0.0000183994 0.0000000126 0 0 0
3333944 0 62 0.1178950294 0.0001238393 0.0000001301 0 0 0
3335005 0 109 0.7481369850 0.0007051244 0.0000006646 0 0 0
3336144 0 62 0.7668251295 0.0006732442 0.0000005911 0 0 0
3337017 4 82634 0.0000000000 0.0000000000 0.0000000000 0 0 0
3422319 0 78 0.0147378449 0.0000001728 0.0000000000 0 0 0
3430353 0 78 0.0360071748 0.0000059486 0.0000000010 0 0 0
3433629 0 93 0.0003052503 0.0000000932 0.0000000000 0 0 0
3437700 4 6724 0.0000000000 0.0000000000 0.0000000000 0 0 0
3444424 0 94 0.0000000000 0.0000000000 0.0000000000 0 0 0
3447638 0 109 0.0000000000 0.0000000000 0.0000000000 0 0 0
3447747 4 8081 0.0000000000 0.0000000000 0.0000000000 0 0 0
3456701 0 94 0.0450600787 0.0000050324 0.0000000006 0 0 0
3459369 0 93 0.2264365368 0.0000848713 0.0000000318 0 0 0
3465156 0 94 0.0990913362 0.0000171231 0.0000000030 0 0 0
3466030 0 78 0.1291811296 0.0001478045 0.0000001691 0 0 0
3469556 0 78 0.3626868204 0.0001028607 0.0000000292 0 0 0
3472176 0 94 0.0468493625 0.0000178814 0.0000000068 0 0 0
3472270 4 11997 0.0000000000 0.0000000000 0.0000000000 0 0 0
3485374 4 8190 0.0000000000 0.0000000000 0.0000000000 0 0 0
3494750 0 93 0.0140967740 0.0000015035 0.0000000002 0 0 0
3503158 4 8066 0.0000000000 0.0000000000 0.0000000000 0 0 0
3512986 0 110 0.3363137901 0.0001908705 0.0000001083 0 0 0
3515576 4 5897 0.0000000000 0.0000000000 0.0000000000 0 0 0
3524858 0 94 0.1833051794 0.0000605767 0.0000000200 0 0 0
3527666 0 78 0.2430244822 0.0000865472 0.0000000308 0 0 0
3528727 0 78 0.5974592613 0.0005631096 0.0000005307 0 0 0
3536324 0 94 0.1910730718 0.0000502031 0.0000000132 0 0 0
3537775 0 78 0.5167131343 0.0003561083 0.0000002454 0 0 0
3539054 4 8689 0.0000000000 0.0000000000 0.0000000000 0 0 0
3548555 0 78 0.0594503996 0.0000062573 0.0000000007 0 0 0
3551222 0 94 0.6852480966 0.0002569359 0.0000000963 0 0 0
3555575 4 9282 0.0000000000 0.0000000000 0.0000000000 0 0 0
3570941 4 21216 0.0000000000 0.0000000000 0.0000000000 0 0 0
3601938 0 109 0.6418939571 0.0006049896 0.0000005702 0 0 0
3606634 0 109 0.1254455654 0.0000267133 0.0000000057 0 0 0
3608334 4 5304 0.0000000000 0.0000000000 0.0000000000 0 0 0
3620908 0 93 0.0145096343 0.0000021630 0.0000000003 0 0 0
3621001 4 19267 0.0000000000 0.0000000000 0.0000000000 0 0 0
3642218 0 109 0.0108654563 0.0000005121 0.0000000000 0 0 0
3648676 4 5819 0.0000000000 0.0000000000 0.0000000000 0 0 0
3655228 0 94 0.0238375882 0.0000036382 0.0000000006 0 0 0
3661156 4 6459 0.0000000000 0.0000000000 0.0000000000 0 0 0
3672248 0 93 0.0110812953 0.0000009990 0.0000000001 0 0 0
3672341 4 15366 0.0000000000 0.0000000000 0.0000000000 0 0 0
3702028 0 94 0.4539682991 0.0002467219 0.0000001341 0 0 0
3704680 4 5726 0.0000000000 0.0000000000 0.0000000000 0 0 0
3712293 0 94 0.0000000000 0.0000000000 0.0000000000 0 0 0
3714196 0 94 0.0000000000 0.0000000000 0.0000000000 0 0 0
3716068 4 16521 0.0000000000 0.0000000000 0.0000000000 0 0 0
3734757 0 63 0.0592033981 0.0000031678 0.0000000002 0 0 0
3736551 0 94 0.3779206622 0.0002106581 0.0000001174 0 0 0
3737550 0 109 0.1865004104 0.0001866871 0.0000001869 0 0 0
3741715 0 109 0.3478035549 0.0000835063 0.0000000200 0 0 0
3743291 4 5974 0.0000000000 0.0000000000 0.0000000000 0 0 0
3749297 4 32557 0.0000000000 0.0000000000 0.0000000000 0 0 0
3784397 0 93 0.0443390488 0.0000012632 0.0000000000 0 0 0
3789139 0 78 0.0980918584 0.0000206858 0.0000000044 0 0 0
3807485 0 78 0.0485879243 0.0000026484 0.0000000001 0 0 0
3816673 0 94 0.1097318808 0.0000119430 0.0000000013 0 0 0
3821775 0 93 0.0818902626 0.0000160506 0.0000000031 0 0 0
3828608 0 109 0.0060099050 0.0000008795 0.0000000001 0 0 0
3831572 0 93 0.0221453269 0.0000074714 0.0000000025 0 0 0
3839450 4 6052 0.0000000000 0.0000000000 0.0000000000 0 0 0
3846392 0 78 0.0412531623 0.0000059425 0.0000000009 0 0 0
3853147 0 93 0.0952349438 0.0000140984 0.0000000021 0 0 0
3853240 4 5788 0.0000000000 0.0000000000 0.0000000000 0 0 0
3859761 0 78 0.1107581699 0.0001511026 0.0000002061 0 0 0
3862990 4 74912 0.0000000000 0.0000000000 0.0000000000 0 0 0
3938385 2 562 0.0023401833 0.0000000310 0.0000000000 110 358 94
3942441 4 10515 0.0000000000 0.0000000000 0.0000000000 0 0 0
3953518 0 78 0.0127526359 0.0000011513 0.0000000001 0 0 0
3963377 0 78 0.0633844892 0.0000064291 0.0000000007 0 0 0
3964609 4 5881 0.0000000000 0.0000000000 0.0000000000 0 0 0
3978384 0 109 0.0210857776 0.0000038289 0.0000000007 0 0 0
3979055 4 6068 0.0000000000 0.0000000000 0.0000000000 0 0 0
3985139 4 7738 0.0000000000 0.0000000000 0.0000000000 0 0 0
4004779 0 94 0.0911922931 0.0000105718 0.0000000012 0 0 0
4009226 0 78 0.0837788976 0.0000188394 0.0000000042 0 0 0
4009304 4 6380 0.0000000000 0.0000000000 0.0000000000 0 0 0
4016792 0 78 0.0483607320 0.0000064584 0.0000000009 0 0 0
4025730 4 6771 0.0000000000 0.0000000000 0.0000000000 0 0 0
4034950 4 13572 0.0000000000 0.0000000000 0.0000000000 0 0 0
4049645 0 110 0.0726773345 0.0000049457 0.0000000003 0 0 0
4053093 0 94 0.0477726677 0.0000138552 0.0000000040 0 0 0
4054669 0 109 0.0000000000 0.0000000000 0.0000000000 0 0 0
4060175 0 94 0.1280460607 0.0000232557 0.0000000042 0 0 0
4078927 0 93 0.1252800098 0.0000066809 0.0000000004 0 0 0
4080362 0 78 0.4843263943 0.0003375097 0.0000002352 0 0 0
4087429 0 78 0.0000000000 0.0000000000 0.0000000000 0 0 0
4088271 0 94 0.0000000000 0.0000000000 0.0000000000 0 0 0
4089160 0 94 0.0000000000 0.0000000000 0.0000000000 0 0 0
4090393 0 93 0.0000000000 0.0000000000 0.0000000000 0 0 0
4095915 4 6615 0.0000000000 0.0000000000 0.0000000000 0 0 0
4102530 0 109 0.0000000000 0.0000000000 0.0000000000 0 0 0
4104651 0 94 0.1365763594 0.0000643924 0.0000000304 0 0 0
4107927 4 13869 0.0000000000 0.0000000000 0.0000000000 0 0 0
4124619 4 9017 0.0000000000 0.0000000000 0.0000000000 0 0 0
4137162 4 105285 0.0000000000 0.0000000000 0.0000000000 0 0 0
4243274 0 62 0.0089248617 0.0000000841 0.0000000000 0 0 0
4243336 4 13635 0.0000000000 0.0000000000 0.0000000000 0 0 0
4257096 4 499172 0.0000000000 0.0000000000 0.0000000000 0 0 0
4758514 0 62 0.0035560643 0.0000000071 0.0000000000 0 0 0
4760074 0 94 0.5644997070 0.0003618588 0.0000002320 0 0 0
4763912 4 10654 0.0000000000 0.0000000000 0.0000000000 0 0 0
4774582 4 18315 0.0000000000 0.0000000000 0.0000000000 0 0 0
4794550 0 63 0.0260791875 0.0000013060 0.0000000001 0 0 0
4795502 0 62 0.0084033613 0.0000088271 0.0000000093 0 0 0
4796251 0 78 0.7479217984 0.0009985605 0.0000013332 0 0 0
4796329 4 51012 0.0000000000 0.0000000000 0.0000000000 0 0 0
4852161 0 63 0.0161803628 0.0000002898 0.0000000000 0 0 0
4859322 0 93 0.4128076182 0.0000576466 0.0000000081 0 0 0
4861506 0 78 0.4559806270 0.0002087823 0.0000000956 0 0 0
4862130 0 78 0.0000000000 0.0000000000 0.0000000000 0 0 0
4864688 0 78 0.3191127807 0.0003197523 0.0000003204 0 0 0
4868370 0 62 0.1511676735 0.0000410559 0.0000000112 0 0 0
4870289 4 24866 0.0000000000 0.0000000000 0.0000000000 0 0 0
4897916 0 78 0.1833805575 0.0000066377 0.0000000002 0 0 0
4902690 2 499 0.4120415267 0.0001128881 0.0000000309 62 375 62
4906684 0 78 0.2102277100 0.0000761143 0.0000000276 0 0 0
4909086 0 78 0.1279979307 0.0000532881 0.0000000222 0 0 0
4915560 4 6599 0.0000000000 0.0000000000 0.0000000000 0 0 0
4925466 0 109 0.0362809053 0.0000036625 0.0000000004 0 0 0
4931160 0 63 0.1915408208 0.0002274832 0.0000002702 0 0 0
4931223 4 6099 0.0000000000 0.0000000000 0.0000000000 0 0 0
4939413 0 93 0.0330512200 0.0000040356 0.0000000005 0 0 0
4944030 0 78 0.2243363975 0.0002876108 0.0000003687 0 0 0
4945668 4 10437 0.0000000000 0.0000000000 0.0000000000 0 0 0
4957758 4 11607 0.0000000000 0.0000000000 0.0000000000 0 0 0
4971206 0 78 0.0509514424 0.0000037888 0.0000000003 0 0 0
4975075 0 93 0.0888193770 0.0000229567 0.0000000059 0 0 0
4979053 4 8704 0.0000000000 0.0000000000 0.0000000000 0 0 0
4987773 4 15241 0.0000000000 0.0000000000 0.0000000000 0 0 0
5014574 4 9079 0.0000000000 0.0000000000 0.0000000000 0 0 0
5025307 4 16115 0.0000000000 0.0000000000 0.0000000000 0 0 0
5048941 2 452 0.0678033991 0.0000028689 0.0000000001 109 281 62
5052747 0 94 0.3078263112 0.0000808792 0.0000000213 0 0 0
5078503 0 78 0.0370850195 0.0000014399 0.0000000001 0 0 0
5084338 4 11497 0.0000000000 0.0000000000 0.0000000000 0 0 0
5103417 0 93 0.0747336707 0.0000039171 0.0000000002 0 0 0
5103900 4 5523 0.0000000000 0.0000000000 0.0000000000 0 0 0
5110062 0 63 0.0704998429 0.0000114411 0.0000000019 0 0 0
5116053 4 5210 0.0000000000 0.0000000000 0.0000000000 0 0 0
5121825 0 78 0.0683644863 0.0000118442 0.0000000021 0 0 0
5133026 0 78 0.0221912782 0.0000019812 0.0000000002 0 0 0
5135022 0 78 0.3158765158 0.0001582548 0.0000000793 0 0 0
5136364 0 78 0.4420357190 0.0003293858 0.0000002454 0 0 0
5137160 0 78 0.1873274799 0.0002353360 0.0000002956 0 0 0
5141684 0 62 0.4726014332 0.0001044654 0.0000000231 0 0 0
5143602 4 5554 0.0000000000 0.0000000000 0.0000000000 0 0 0
5149749 0 62 0.0823731823 0.0000134006 0.0000000022 0 0 0
5156129 0 78 0.0175243731 0.0000027468 0.0000000004 0 0 0
5157939 0 109 0.0340557935 0.0000188154 0.0000000104 0 0 0
5160513 0 62 0.2668345839 0.0001036653 0.0000000403 0 0 0
5166472 0 78 0.0387912617 0.0000188399 0.0000000092 0 0 0
5168937 0 94 0.0259768763 0.0000105383 0.0000000043 0 0 0
5171464 0 78 0.4306698770 0.0001704273 0.0000000674 0 0 0
5171542 4 17893 0.0000000000 0.0000000000 0.0000000000 0 0 0
5191152 0 93 0.0780147475 0.0000039783 0.0000000002 0 0 0
5193429 0 94 0.0000000000 0.0000000000 0.0000000000 0 0 0
5196565 0 93 0.0000000000 0.0000000000 0.0000000000 0 0 0
5197345 0 93 0.0683913215 0.0000876812 0.0000001124 0 0 0
5199732 0 62 0.3216186743 0.0001347376 0.0000000564 0 0 0
5199794 4 87017 0.0000000000 0.0000000000 0.0000000000 0 0 0
5288418 0 94 0.0135499657 0.0000001529 0.0000000000 0 0 0
5289136 0 93 0.0000000000 0.0000000000 0.0000000000 0 0 0
5293129 4 13182 0.0000000000 0.0000000000 0.0000000000 0 0 0
5306795 4 7987 0.0000000000 0.0000000000 0.0000000000 0 0 0
5317356 0 63 0.2986109535 0.0000282749 0.0000000027 0 0 0
5320258 0 94 0.1482435142 0.0000848560 0.0000000486 0 0 0
5327403 2 468 0.1364827972 0.0000191019 0.0000000027 93 250 125
5329197 4 6739 0.0000000000 0.0000000000 0.0000000000 0 0 0
5343970 1 265 0.0274721410 0.0000018596 0.0000000001 0 0 0
5344937 4 5273 0.0000000000 0.0000000000 0.0000000000 0 0 0
5350226 4 5460 0.0000000000 0.0000000000 0.0000000000 0 0 0
5358088 4 44601 0.0000000000 0.0000000000 0.0000000000 0 0 0
5403063 0 94 0.0097759695 0.0000002174 0.0000000000 0 0 0
5403157 4 22464 0.0000000000 0.0000000000 0.0000000000 0 0 0
5428772 4 8128 0.0000000000 0.0000000000 0.0000000000 0 0 0
5463311 4 5226 0.0000000000 0.0000000000 0.0000000000 0 0 0
5472687 0 93 0.0264464808 0.0000028207 0.0000000003 0 0 0
5477398 0 93 0.0976174143 0.0000207212 0.0000000044 0 0 0
5481173 4 19001 0.0000000000 0.0000000000 0.0000000000 0 0 0
5500345 4 33041 0.0000000000 0.0000000000 0.0000000000 0 0 0
5534244 0 63 0.0170706848 0.0000005036 0.0000000000 0 0 0
5534401 4 17035 0.0000000000 0.0000000000 0.0000000000 0 0 0
5562980 4 28782 0.0000000000 0.0000000000 0.0000000000 0 0 0
5603135 0 109 0.1298169303 0.0000125318 0.0000000012 0 0 0
5608673 0 78 0.1629136034 0.0000294174 0.0000000053 0 0 0
5609936 4 20436 0.0000000000 0.0000000000 0.0000000000 0 0 0
5641542 0 109 0.0843539216 0.0000026689 0.0000000001 0 0 0
5647314 0 78 0.0141329263 0.0000029804 0.0000000006 0 0 0
5648266 4 15101 0.0000000000 0.0000000000 0.0000000000 0 0 0
5664443 4 58001 0.0000000000 0.0000000000 0.0000000000 0 0 0
5725065 0 78 0.0944350759 0.0001592497 0.0000002685 0 0 0
5726079 4 74553 0.0000000000 0.0000000000 0.0000000000 0 0 0
5804235 0 63 0.0065441694 0.0000000837 0.0000000000 0 0 0
5807574 0 93 0.4877518601 0.0001460772 0.0000000437 0 0 0
5808650 0 94 0.3497098353 0.0003250091 0.0000003021 0 0 0
5814750 4 17144 0.0000000000 0.0000000000 0.0000000000 0 0 0
5834531 4 10046 0.0000000000 0.0000000000 0.0000000000 0 0 0
5847385 2 390 0.0407569621 0.0000031708 0.0000000002 63 234 93
5853844 4 10405 0.0000000000 0.0000000000 0.0000000000 0 0 0
5869116 0 109 0.0660847414 0.0000901565 0.0000001230 0 0 0
5869225 4 35147 0.0000000000 0.0000000000 0.0000000000 0 0 0
5915246 4 21528 0.0000000000 0.0000000000 0.0000000000 0 0 0
5938880 4 30654 0.0000000000 0.0000000000 0.0000000000 0 0 0
5969550 4 17877 0.0000000000 0.0000000000 0.0000000000 0 0 0
5990501 4 21497 0.0000000000 0.0000000000 0.0000000000 0 0 0
6020890 4 34101 0.0000000000 0.0000000000 0.0000000000 0 0 0
6061918 4 19344 0.0000000000 0.0000000000 0.0000000000 0 0 0
6093399 0 109 0.0353305418 0.0000011223 0.0000000000 0 0 0
6094772 4 7925 0.0000000000 0.0000000000 0.0000000000 0 0 0
6102697 1 234 0.0000000000 0.0000000000 0.0000000000 0 0 0
6104179 4 22027 0.0000000000 0.0000000000 0.0000000000 0 0 0
6131869 4 11575 0.0000000000 0.0000000000 0.0000000000 0 0 0
6143460 4 68000 0.0000000000 0.0000000000 0.0000000000 0 0 0
6211554 4 87127 0.0000000000 0.0000000000 0.0000000000 0 0 0
6304312 4 16037 0.0000000000 0.0000000000 0.0000000000 0 0 0
6321956 0 109 0.0494201117 0.0000028010 0.0000000002 0 0 0
6329148 0 109 0.2576116278 0.0000358192 0.0000000050 0 0 0
6330489 4 10296 0.0000000000 0.0000000000 0.0000000000 0 0 0
6343593 4 34009 0.0000000000 0.0000000000 0.0000000000 0 0 0
6378335 0 62 0.0361834625 0.0000010415 0.0000000000 0 0 0
6380971 2 343 0.4731531083 0.0001794966 0.0000000681 78 203 62
6386993 0 78 0.4883407112 0.0001106094 0.0000000251 0 0 0
6388537 0 78 0.1530030239 0.0000990952 0.0000000642 0 0 0
6391876 0 62 0.4201633921 0.0001258351 0.0000000377 0 0 0
6392671 3 484 0.6382354665 0.0008028119 0.0000010098 0 0 0
6393794 3 453 0.0087519387 0.0000077934 0.0000000069 0 0 0
6402078 4 41824 0.0000000000 0.0000000000 0.0000000000 0 0 0
