102.3362831858 13.7323406274
125.5000000000 15.5000000000
320.2189349112 49.7268812454
99.6686390533 22.2364171408
116.7218934911 35.0343811687
103.8284023669 25.8445539419
0.1278612079 0.1972639016
0.0002227608 0.0006010504
0.0000009015 0.0000030316

16 4 20795 0.0000000000 0.0000000000 0.0000000000 0 0 0
33588 4 11232 0.0000000000 0.0000000000 0.0000000000 0 0 0
54336 2 265 0.3665506081 0.0002096971 0.0000001200 78 109 78
54710 2 234 0.0000000000 0.0000000000 0.0000000000 78 109 47
56816 3 78 0.5248758256 0.0002492288 0.0000001183 0 0 0
57393 2 297 0.0000000000 0.0000000000 0.0000000000 78 109 110
57752 2 437 0.0000000000 0.0000000000 0.0000000000 140 188 109
58392 2 358 0.0507956393 0.0000793682 0.0000001240 93 125 140
60061 2 265 0.3017980973 0.0002612971 0.0000002262 93 78 94
60404 2 296 0.0000000000 0.0000000000 0.0000000000 94 93 109
60778 2 297 0.0000000000 0.0000000000 0.0000000000 94 94 109
66114 3 78 0.0601059081 0.0000542472 0.0000000490 0 0 0
67221 0 110 0.0122944342 0.0000111061 0.0000000100 0 0 0
68501 0 109 0.0000000000 0.0000000000 0.0000000000 0 0 0
69452 2 375 0.0000000000 0.0000000000 0.0000000000 94 187 94
69920 2 328 0.0000000000 0.0000000000 0.0000000000 109 110 109
70451 2 280 0.0000000000 0.0000000000 0.0000000000 93 141 46
71636 2 328 0.0013947001 0.0000019452 0.0000000027 94 109 125
72073 0 94 0.0022883295 0.0000052365 0.0000000120 0 0 0
72260 3 141 0.2249690022 0.0012030428 0.0000064334 0 0 0
72494 2 328 0.0869331950 0.0003715094 0.0000015876 109 125 94
72947 2 343 0.0000000000 0.0000000000 0.0000000000 93 156 94
73477 2 406 0.0275028136 0.0000518921 0.0000000979 94 171 141
74039 2 343 0.0000000000 0.0000000000 0.0000000000 109 125 109
74491 2 359 0.0000000000 0.0000000000 0.0000000000 140 110 109
76769 2 265 0.0029193510 0.0000012815 0.0000000006 78 93 94
77143 2 265 0.0369495506 0.0000987956 0.0000002642 109 109 47
79483 2 281 0.0008547009 0.0000003653 0.0000000002 78 125 78
79857 0 94 0.1999971023 0.0005347516 0.0000014298 0 0 0
80045 3 78 0.0000000000 0.0000000000 0.0000000000 0 0 0
80294 2 328 0.4599905275 0.0018473515 0.0000074191 125 94 109
81963 2 312 0.0612449898 0.0000366956 0.0000000220 94 94 124
82400 2 421 0.0000000000 0.0000000000 0.0000000000 109 188 124
83430 2 327 0.1691855581 0.0001642578 0.0000001595 125 156 46
84054 0 109 0.0000000000 0.0000000000 0.0000000000 0 0 0
85395 2 453 0.0010545962 0.0000007864 0.0000000006 141 125 187
87579 3 125 0.0027851477 0.0000012753 0.0000000006 0 0 0
87767 2 280 0.0000000000 0.0000000000 0.0000000000 93 94 93
90029 3 31 0.2329061334 0.0011473209 0.0000056518 0 0 0
90372 3 93 0.5046681651 0.0024860501 0.0000122466 0 0 0
90559 0 94 0.2093273166 0.0011193974 0.0000059861 0 0 0
90918 3 109 0.9500148987 0.0026462811 0.0000073713 0 0 0
91121 2 280 0.0000000000 0.0000000000 0.0000000000 78 109 93
91526 2 328 0.0000000000 0.0000000000 0.0000000000 109 125 94
91947 0 110 0.0000000000 0.0000000000 0.0000000000 0 0 0
92150 3 94 0.0000000000 0.0000000000 0.0000000000 0 0 0
92447 2 374 0.4756409069 0.0016014845 0.0000053922 46 219 109
92915 3 124 0.0000000000 0.0000000000 0.0000000000 0 0 0
93164 2 297 0.0968933853 0.0003891301 0.0000015628 94 93 110
93554 2 359 0.0000000000 0.0000000000 0.0000000000 125 94 140
94022 2 406 0.0000000000 0.0000000000 0.0000000000 125 125 156
96440 2 297 0.1533943098 0.0000826478 0.0000000445 125 78 94
96830 2 297 0.0380196831 0.0000974864 0.0000002500 94 125 78
97267 3 125 0.0000000000 0.0000000000 0.0000000000 0 0 0
97501 2 312 0.8281745592 0.0035392075 0.0000151248 109 110 93
98843 2 359 0.2076565416 0.0001547366 0.0000001153 125 109 125
99389 2 405 0.0000000000 0.0000000000 0.0000000000 93 141 171
99872 2 375 0.0000000000 0.0000000000 0.0000000000 125 78 172
102727 2 281 0.0731536692 0.0000312623 0.0000000134 94 109 78
103804 2 358 0.0000000000 0.0000000000 0.0000000000 124 125 109
104272 2 358 0.0000000000 0.0000000000 0.0000000000 109 140 109
116752 2 249 0.1014301166 0.0000106410 0.0000000011 78 93 78
117110 2 266 0.0027932961 0.0000078025 0.0000000218 94 78 94
117469 2 297 0.0000000000 0.0000000000 0.0000000000 109 94 94
117937 2 312 0.0754454466 0.0001612082 0.0000003445 78 172 62
118343 0 93 0.0000000000 0.0000000000 0.0000000000 0 0 0
118546 3 78 0.0000000000 0.0000000000 0.0000000000 0 0 0
118967 3 109 0.0502283105 0.0002293530 0.0000010473 0 0 0
119154 2 312 0.1989504722 0.0010639063 0.0000056893 94 124 94
119591 2 296 0.0000000000 0.0000000000 0.0000000000 109 94 93
119981 2 374 0.0000000000 0.0000000000 0.0000000000 109 125 140
121712 2 281 0.0935979447 0.0000540716 0.0000000312 94 94 93
122680 2 358 0.0000000000 0.0000000000 0.0000000000 109 93 156
123569 2 312 0.0097022678 0.0000109137 0.0000000123 140 78 94
123974 2 406 0.0000000000 0.0000000000 0.0000000000 110 109 187
125410 3 125 0.1748662593 0.0001964789 0.0000002208 0 0 0
125597 2 374 0.1741176811 0.0009311106 0.0000049792 125 62 187
126034 2 312 0.0000000000 0.0000000000 0.0000000000 109 109 94
126455 0 94 0.0000000000 0.0000000000 0.0000000000 0 0 0
126892 2 296 0.0327044642 0.0001493355 0.0000006819 78 125 93
127282 2 327 0.0061902912 0.0000158725 0.0000000407 93 125 109
127719 2 296 0.0000000000 0.0000000000 0.0000000000 78 124 94
128109 2 296 0.0000000000 0.0000000000 0.0000000000 109 109 78
128514 2 375 0.0000000000 0.0000000000 0.0000000000 125 125 125
129013 2 359 0.0000000000 0.0000000000 0.0000000000 110 156 93
129528 0 94 0.0000000000 0.0000000000 0.0000000000 0 0 0
133350 2 328 0.1438962272 0.0000376495 0.0000000099 94 125 109
133834 2 359 0.0000000000 0.0000000000 0.0000000000 109 125 125
134317 3 110 0.0020703934 0.0000042865 0.0000000089 0 0 0
134583 3 62 0.2054292583 0.0007722904 0.0000029033 0 0 0
134785 2 297 0.0189526095 0.0000938248 0.0000004645 78 110 109
135222 2 375 0.0000000000 0.0000000000 0.0000000000 141 124 110
135737 2 328 0.0000000000 0.0000000000 0.0000000000 94 124 110
136236 2 343 0.0020040080 0.0000040160 0.0000000080 94 171 78
137640 2 328 0.1060815576 0.0001153060 0.0000001253 109 110 109
138077 2 312 0.0000000000 0.0000000000 0.0000000000 94 124 94
138498 2 328 0.0000000000 0.0000000000 0.0000000000 109 78 141
139481 2 328 0.0140675759 0.0000143109 0.0000000146 94 109 125
139918 2 343 0.0078128457 0.0000178784 0.0000000409 125 78 140
141883 3 110 0.2491870639 0.0010007513 0.0000040191 0 0 0
142164 0 109 0.0320284698 0.0001139803 0.0000004056 0 0 0
143100 2 328 0.0000000000 0.0000000000 0.0000000000 109 94 125
143521 2 344 0.0000000000 0.0000000000 0.0000000000 125 109 110
143989 2 359 0.0000000000 0.0000000000 0.0000000000 110 124 125
144489 2 390 0.0068284271 0.0000136569 0.0000000273 140 140 110
145003 2 390 0.0000000000 0.0000000000 0.0000000000 125 125 140
159215 4 7738 0.0000000000 0.0000000000 0.0000000000 0 0 0
181414 2 250 0.0720047403 0.0000084851 0.0000000010 47 109 94
181742 2 280 0.0000000000 0.0000000000 0.0000000000 93 94 93
182132 2 280 0.0000000000 0.0000000000 0.0000000000 78 109 93
182522 2 327 0.0025641026 0.0000065746 0.0000000169 78 156 93
182943 2 296 0.0023752969 0.0000056420 0.0000000134 93 94 109
183317 2 265 0.0026737968 0.0000071492 0.0000000191 78 94 93
183894 3 141 0.0000000000 0.0000000000 0.0000000000 0 0 0
184331 0 109 0.7034825654 0.0034654314 0.0000170711 0 0 0
184518 3 110 0.0000000000 0.0000000000 0.0000000000 0 0 0
184737 3 125 0.7706261714 0.0035188410 0.0000160678 0 0 0
187295 2 281 0.0000000000 0.0000000000 0.0000000000 94 78 109
187670 0 93 0.0000000000 0.0000000000 0.0000000000 0 0 0
190010 2 327 0.0000000000 0.0000000000 0.0000000000 109 94 124
190525 0 109 0.0000000000 0.0000000000 0.0000000000 0 0 0
193941 2 250 0.1765231601 0.0000516754 0.0000000151 62 110 78
194471 3 63 0.1424992102 0.0007620279 0.0000040750 0 0 0
195283 2 312 0.0031250000 0.0000048828 0.0000000076 109 93 110
195673 2 483 0.0000000000 0.0000000000 0.0000000000 124 281 78
196312 2 312 0.0000000000 0.0000000000 0.0000000000 94 109 109
196718 2 296 0.0000000000 0.0000000000 0.0000000000 125 78 93
197139 2 312 0.0000000000 0.0000000000 0.0000000000 78 125 109
197560 2 359 0.0000000000 0.0000000000 0.0000000000 125 125 109
198808 3 78 0.0212310510 0.0000272193 0.0000000349 0 0 0
198980 2 281 0.0058139535 0.0000338021 0.0000001965 78 109 94
199401 2 374 0.0000000000 0.0000000000 0.0000000000 94 140 140
199885 2 390 0.0000000000 0.0000000000 0.0000000000 140 125 125
201242 2 281 0.0161894942 0.0000207558 0.0000000266 78 93 110
201616 2 343 0.0000000000 0.0000000000 0.0000000000 94 140 109
202755 2 312 0.0000000000 0.0000000000 0.0000000000 109 125 78
203161 2 312 0.0000000000 0.0000000000 0.0000000000 93 125 94
203660 2 343 0.0000000000 0.0000000000 0.0000000000 125 140 78
204143 2 359 0.0000000000 0.0000000000 0.0000000000 94 125 140
205235 0 110 0.0000000000 0.0000000000 0.0000000000 0 0 0
206109 2 328 0.2452996030 0.0002806632 0.0000003211 125 93 110
206593 2 280 0.0000000000 0.0000000000 0.0000000000 78 124 78
206998 2 343 0.0000000000 0.0000000000 0.0000000000 109 125 109
217653 3 78 0.4784817888 0.0001152968 0.0000000278 0 0 0
217871 2 266 0.3320680062 0.0015232477 0.0000069874 78 110 78
218246 2 281 0.0000000000 0.0000000000 0.0000000000 93 94 94
218683 3 46 0.4416529416 0.0010106475 0.0000023127 0 0 0
218839 2 281 0.2386950102 0.0015300962 0.0000098083 78 125 78
219260 2 312 0.0000000000 0.0000000000 0.0000000000 125 78 109
219744 2 296 0.0000000000 0.0000000000 0.0000000000 93 125 78
220134 2 452 0.0000000000 0.0000000000 0.0000000000 109 218 125
220726 2 422 0.0000000000 0.0000000000 0.0000000000 156 125 141
221366 3 94 0.0581515894 0.0000908619 0.0000001420 0 0 0
221584 3 94 0.4568238661 0.0020955223 0.0000096125 0 0 0
222458 2 265 0.0021591047 0.0000032963 0.0000000050 62 125 78
222848 2 328 0.0000000000 0.0000000000 0.0000000000 109 109 110
223285 2 327 0.0000000000 0.0000000000 0.0000000000 93 125 109
223722 3 93 0.3673353813 0.0008405844 0.0000019235 0 0 0
223909 2 265 0.0160427807 0.0000857903 0.0000004588 78 93 94
224268 2 312 0.0000000000 0.0000000000 0.0000000000 109 78 125
224673 2 421 0.0000000000 0.0000000000 0.0000000000 125 172 124
225375 3 141 0.0000000000 0.0000000000 0.0000000000 0 0 0
225859 3 78 0.3040276722 0.0012992636 0.0000055524 0 0 0
226015 2 234 0.0528536247 0.0003388053 0.0000021718 62 109 63
226561 3 62 0.4595681017 0.0022638823 0.0000111521 0 0 0
226732 2 297 0.2265624184 0.0013249264 0.0000077481 141 62 94
227169 3 63 0.2309271999 0.0005284375 0.0000012092 0 0 0
227341 2 281 0.0348837209 0.0002028123 0.0000011791 93 110 78
227918 3 78 0.2185908784 0.0011689352 0.0000062510 0 0 0
228090 2 390 0.1122349610 0.0006525288 0.0000037938 156 109 125
228573 2 312 0.0000000000 0.0000000000 0.0000000000 109 110 93
228994 2 328 0.0000000000 0.0000000000 0.0000000000 110 93 125
229431 2 312 0.0000000000 0.0000000000 0.0000000000 109 110 93
229852 2 281 0.0000000000 0.0000000000 0.0000000000 78 125 78
230242 2 328 0.0000000000 0.0000000000 0.0000000000 94 109 125
230710 2 359 0.0877406548 0.0001874800 0.0000004006 94 140 125
231225 3 109 0.0038834951 0.0000075408 0.0000000146 0 0 0
231475 2 483 0.3675949532 0.0014703798 0.0000058815 125 234 124
232099 2 343 0.0000000000 0.0000000000 0.0000000000 93 141 109
232614 2 327 0.2340341763 0.0004544353 0.0000008824 93 125 109
233050 2 281 0.0000000000 0.0000000000 0.0000000000 94 94 93
233425 2 312 0.0000000000 0.0000000000 0.0000000000 93 94 125
233862 2 327 0.0000000000 0.0000000000 0.0000000000 124 78 125
234298 3 94 0.1283804938 0.0002944507 0.0000006753 0 0 0
234517 3 125 0.6993346053 0.0031933087 0.0000145813 0 0 0
234751 3 109 0.1191940794 0.0005093764 0.0000021768 0 0 0
235016 3 125 0.3173740087 0.0011976378 0.0000045194 0 0 0
235281 2 281 0.5352556735 0.0020198327 0.0000076220 47 156 78
236342 3 125 0.0000000000 0.0000000000 0.0000000000 0 0 0
237013 0 93 0.7815947130 0.0011648207 0.0000017359 0 0 0
237184 3 94 0.0000000000 0.0000000000 0.0000000000 0 0 0
238370 0 94 0.9538897170 0.0008042915 0.0000006782 0 0 0
244220 0 94 0.9577219263 0.0001637131 0.0000000280 0 0 0
246154 0 94 0.5718865083 0.0002957014 0.0000001529 0 0 0
250928 0 94 0.5747138340 0.0001203841 0.0000000252 0 0 0
265561 2 281 0.1030929804 0.0000186156 0.0000000034 47 125 109
265904 2 265 0.0000000000 0.0000000000 0.0000000000 94 78 93
266247 2 250 0.0000000000 0.0000000000 0.0000000000 78 78 94
266575 2 265 0.0000000000 0.0000000000 0.0000000000 94 62 109
276216 3 62 0.1045015201 0.0000112585 0.0000000012 0 0 0
276387 2 266 0.7426046754 0.0043427174 0.0000253960 78 125 63
276746 2 265 0.0027855153 0.0000077591 0.0000000216 78 94 93
277261 2 343 0.7316493332 0.0014206783 0.0000027586 109 172 62
277698 2 265 0.0000000000 0.0000000000 0.0000000000 93 94 78
278057 2 280 0.1318799987 0.0003673538 0.0000010233 93 78 109
278431 3 78 0.3494668810 0.0009344034 0.0000024984 0 0 0
278603 2 265 0.0116279070 0.0000676041 0.0000003930 78 109 78
278961 2 297 0.0000000000 0.0000000000 0.0000000000 94 94 109
281005 3 78 0.2964952447 0.0001450564 0.0000000710 0 0 0
282238 2 312 0.6425134123 0.0005210977 0.0000004226 93 125 94
282940 3 109 0.0000000000 0.0000000000 0.0000000000 0 0 0
283174 3 78 0.4949757137 0.0021152808 0.0000090397 0 0 0
283392 2 312 0.2138062172 0.0009807625 0.0000044989 78 156 78
283829 3 109 0.0000000000 0.0000000000 0.0000000000 0 0 0
284063 2 327 0.4539936559 0.0019401438 0.0000082912 78 156 93
284531 0 109 0.0000000000 0.0000000000 0.0000000000 0 0 0
284640 4 6942 0.0000000000 0.0000000000 0.0000000000 0 0 0
292768 2 234 0.2571003232 0.0000316314 0.0000000039 62 109 63
293126 2 266 0.0027932961 0.0000078025 0.0000000218 63 109 94
293485 2 250 0.0809173742 0.0002253966 0.0000006278 78 94 78
293844 2 250 0.0000000000 0.0000000000 0.0000000000 62 110 78
294187 2 250 0.0000000000 0.0000000000 0.0000000000 94 78 78
295076 2 297 0.0219368056 0.0000246758 0.0000000278 78 110 109
295451 2 327 0.0000000000 0.0000000000 0.0000000000 125 93 109
295872 2 328 0.0047505938 0.0000112841 0.0000000268 125 78 125
301426 2 296 0.0271363341 0.0000048859 0.0000000009 62 125 109
301831 2 328 0.0000000000 0.0000000000 0.0000000000 94 125 109
323578 0 93 0.1279499816 0.0000060087 0.0000000003 0 0 0
323781 3 62 0.1551247828 0.0007641615 0.0000037643 0 0 0
323937 2 218 0.6149004583 0.0039416696 0.0000252671 62 94 62
324249 2 265 0.0000000000 0.0000000000 0.0000000000 93 78 94
324701 2 296 0.0044247788 0.0000097893 0.0000000217 94 109 93
325075 2 344 0.0000000000 0.0000000000 0.0000000000 125 94 125
325559 2 296 0.0000000000 0.0000000000 0.0000000000 78 140 78
326698 0 109 0.0000000000 0.0000000000 0.0000000000 0 0 0
327166 2 343 0.0410958904 0.0001876525 0.0000008569 93 203 47
327681 3 46 0.0491208839 0.0000953804 0.0000001852 0 0 0
327821 3 35147 0.1645017137 0.0011750122 0.0000083929 0 0 0
363280 3 20842 0.0042817651 0.0000001208 0.0000000000 0 0 0
394121 3 6303 0.1846133012 0.0000296615 0.0000000048 0 0 0
404386 3 19313 0.0000000000 0.0000000000 0.0000000000 0 0 0
444713 3 7644 0.0619686697 0.0000015367 0.0000000000 0 0 0
466490 4 22433 0.0000000000 0.0000000000 0.0000000000 0 0 0
489048 4 28127 0.0000000000 0.0000000000 0.0000000000 0 0 0
519265 3 656 0.0273404227 0.0000009048 0.0000000000 0 0 0
531090 4 5211 0.0000000000 0.0000000000 0.0000000000 0 0 0
545318 0 109 0.0548991368 0.0000038585 0.0000000003 0 0 0
546144 1 110 0.0251573364 0.0000304568 0.0000000369 0 0 0
570465 3 250 0.1241788996 0.0000141886 0.0000000016 0 0 0
571510 1 141 0.1136319825 0.0001087387 0.0000001041 0 0 0
575020 4 22199 0.0000000000 0.0000000000 0.0000000000 0 0 0
599793 4 14337 0.0000000000 0.0000000000 0.0000000000 0 0 0
614956 4 6412 0.0000000000 0.0000000000 0.0000000000 0 0 0
643021 4 9048 0.0000000000 0.0000000000 0.0000000000 0 0 0
658574 4 5242 0.0000000000 0.0000000000 0.0000000000 0 0 0
672224 4 9033 0.0000000000 0.0000000000 0.0000000000 0 0 0
684034 4 10109 0.0000000000 0.0000000000 0.0000000000 0 0 0
697606 4 5101 0.0000000000 0.0000000000 0.0000000000 0 0 0
711459 4 9375 0.0000000000 0.0000000000 0.0000000000 0 0 0
732628 3 18985 0.1715618481 0.0000081044 0.0000000004 0 0 0
751754 3 41496 0.0068334296 0.0000003573 0.0000000000 0 0 0
798928 0 94 0.0224557861 0.0000004760 0.0000000000 0 0 0
819146 3 11653 0.1126273228 0.0000055706 0.0000000003 0 0 0
866711 4 6801 0.0000000000 0.0000000000 0.0000000000 0 0 0
903683 3 1919 0.0616771667 0.0000016682 0.0000000000 0 0 0
967706 3 16052 0.1057841722 0.0000016523 0.0000000000 0 0 0
983758 4 13292 0.0000000000 0.0000000000 0.0000000000 0 0 0
1007642 3 17441 0.0459682315 0.0000019246 0.0000000001 0 0 0
1026191 3 5756 0.0071849378 0.0000003873 0.0000000000 0 0 0
1042727 3 41059 0.0662996264 0.0000040094 0.0000000002 0 0 0
1089371 4 17160 0.0000000000 0.0000000000 0.0000000000 0 0 0
1106765 4 10359 0.0000000000 0.0000000000 0.0000000000 0 0 0
1121102 4 5475 0.0000000000 0.0000000000 0.0000000000 0 0 0
1137341 3 11108 0.1889444428 0.0000116352 0.0000000007 0 0 0
1162660 4 16926 0.0000000000 0.0000000000 0.0000000000 0 0 0
1181989 4 5476 0.0000000000 0.0000000000 0.0000000000 0 0 0
1187745 3 11373 0.0836355518 0.0000145302 0.0000000025 0 0 0
1200459 3 58392 0.0134640185 0.0000010590 0.0000000001 0 0 0
1259459 4 6256 0.0000000000 0.0000000000 0.0000000000 0 0 0
1274388 3 3385 0.0758161169 0.0000050784 0.0000000003 0 0 0
1294403 3 3432 0.0749669443 0.0000608498 0.0000000494 0 0 0
1299442 4 7379 0.0000000000 0.0000000000 0.0000000000 0 0 0
1307024 3 34757 0.0280126892 0.0000036946 0.0000000005 0 0 0
1347678 3 3307 0.0144700011 0.0000003559 0.0000000000 0 0 0
1352529 3 10171 0.0047158670 0.0000009721 0.0000000002 0 0 0
1371343 3 14836 0.5734041907 0.0001376721 0.0000000331 0 0 0
1388565 3 2730 0.0063472293 0.0000003686 0.0000000000 0 0 0
1395897 3 3791 0.0490299539 0.0000066871 0.0000000009 0 0 0
1400125 3 3058 0.0861447302 0.0000203748 0.0000000048 0 0 0
1411295 3 10670 0.0125405248 0.0000011227 0.0000000001 0 0 0
1422293 3 10124 0.0269177058 0.0000024475 0.0000000002 0 0 0
1444445 3 7784 0.4399059352 0.0000566232 0.0000000073 0 0 0
1452417 3 6255 0.0002508781 0.0000000315 0.0000000000 0 0 0
1466909 3 27799 0.0307769186 0.0000021237 0.0000000001 0 0 0
1501963 3 624 0.0119882797 0.0000003420 0.0000000000 0 0 0
1503211 3 1934 0.0692098730 0.0000554566 0.0000000444 0 0 0
1519232 3 1045 0.0218223461 0.0000018358 0.0000000002 0 0 0
1521650 3 639 0.0213943146 0.0000088479 0.0000000037 0 0 0
1522399 3 78 0.0056556315 0.0000075509 0.0000000101 0 0 0
1522555 3 93 0.4200988393 0.0026929413 0.0000172624 0 0 0
1522726 0 94 0.2465441143 0.0014417784 0.0000084315 0 0 0
1522898 3 93 0.2600786829 0.0015120854 0.0000087912 0 0 0
1523101 2 280 0.4809400248 0.0023691627 0.0000116708 93 78 109
1523459 2 328 0.0000000000 0.0000000000 0.0000000000 125 94 109
1523881 2 343 0.0023696682 0.0000056153 0.0000000133 124 94 125
1524317 2 344 0.0000000000 0.0000000000 0.0000000000 141 78 125
1524739 2 374 0.0000000000 0.0000000000 0.0000000000 156 62 156
1525207 3 109 0.1696782549 0.0003625604 0.0000007747 0 0 0
1526470 0 109 0.9088128185 0.0007195668 0.0000005697 0 0 0
1527125 4 9189 0.0000000000 0.0000000000 0.0000000000 0 0 0
1537406 0 109 0.1646946474 0.0000160193 0.0000000016 0 0 0
1544254 3 27862 0.6167455655 0.0001363275 0.0000000301 0 0 0
1573941 3 687 0.0187119205 0.0000006303 0.0000000000 0 0 0
1575345 0 94 0.0470568831 0.0000335163 0.0000000239 0 0 0
1591881 4 5133 0.0000000000 0.0000000000 0.0000000000 0 0 0
1597030 4 26301 0.0000000000 0.0000000000 0.0000000000 0 0 0
1624221 3 18532 0.0186991648 0.0000006877 0.0000000000 0 0 0
1647917 3 35880 0.0254188545 0.0000010727 0.0000000000 0 0 0
1689398 0 109 0.0356106420 0.0000008585 0.0000000000 0 0 0
1694015 3 4446 0.5114433590 0.0001107740 0.0000000240 0 0 0
1698898 3 3931 0.0862939025 0.0000176723 0.0000000036 0 0 0
1706698 3 13120 0.0461793863 0.0000059204 0.0000000008 0 0 0
1725808 3 1264 0.0105804312 0.0000005537 0.0000000000 0 0 0
1727072 4 17722 0.0000000000 0.0000000000 0.0000000000 0 0 0
1744887 3 3900 0.0004490598 0.0000000252 0.0000000000 0 0 0
1749614 3 11341 0.0326213804 0.0000069011 0.0000000015 0 0 0
1764497 4 6115 0.0000000000 0.0000000000 0.0000000000 0 0 0
1773545 4 11185 0.0000000000 0.0000000000 0.0000000000 0 0 0
1785136 3 1170 0.0174079090 0.0000015018 0.0000000001 0 0 0
1787959 4 9875 0.0000000000 0.0000000000 0.0000000000 0 0 0
1800533 4 14539 0.0000000000 0.0000000000 0.0000000000 0 0 0
1817818 3 717 0.0240023904 0.0000013886 0.0000000001 0 0 0
1828738 3 7394 0.1490307857 0.0000136475 0.0000000012 0 0 0
1837427 3 31824 0.0250987556 0.0000028886 0.0000000003 0 0 0
1873526 0 109 0.0565886133 0.0000015676 0.0000000000 0 0 0
1875507 4 8065 0.0000000000 0.0000000000 0.0000000000 0 0 0
1883962 3 4431 0.0035179703 0.0000004161 0.0000000000 0 0 0
1888533 3 29687 0.0000000000 0.0000000000 0.0000000000 0 0 0
1918220 4 8798 0.0000000000 0.0000000000 0.0000000000 0 0 0
1927206 3 2449 0.0060570616 0.0000006741 0.0000000001 0 0 0
1929655 4 5023 0.0000000000 0.0000000000 0.0000000000 0 0 0
1946487 3 15429 0.0913230626 0.0000123243 0.0000000017 0 0 0
1968062 0 110 0.0169627627 0.0000007862 0.0000000000 0 0 0
1972321 3 21575 0.0024057786 0.0000005649 0.0000000001 0 0 0
1993896 4 8783 0.0000000000 0.0000000000 0.0000000000 0 0 0
2008529 4 11154 0.0000000000 0.0000000000 0.0000000000 0 0 0
2025081 4 9641 0.0000000000 0.0000000000 0.0000000000 0 0 0
2036594 4 8611 0.0000000000 0.0000000000 0.0000000000 0 0 0
2045345 4 5585 0.0000000000 0.0000000000 0.0000000000 0 0 0
2064284 3 5616 0.2030338586 0.0000107204 0.0000000006 0 0 0
2075703 3 998 0.0483750746 0.0000042364 0.0000000004 0 0 0
2076748 3 10515 0.0009569378 0.0000009157 0.0000000009 0 0 0
2101630 3 1482 0.1068498796 0.0000441894 0.0000000183 0 0 0
2106466 0 94 0.1796515614 0.0000371488 0.0000000077 0 0 0
2110335 3 31575 0.1099511856 0.0000671253 0.0000000410 0 0 0
2142674 4 6911 0.0000000000 0.0000000000 0.0000000000 0 0 0
2149585 3 811 0.0000000000 0.0000000000 0.0000000000 0 0 0
2153485 4 13463 0.0000000000 0.0000000000 0.0000000000 0 0 0
2168492 3 36193 0.1096322664 0.0000073054 0.0000000005 0 0 0
2204685 4 5818 0.0000000000 0.0000000000 0.0000000000 0 0 0
2210503 3 500 0.0000000000 0.0000000000 0.0000000000 0 0 0
2211065 4 12792 0.0000000000 0.0000000000 0.0000000000 0 0 0
2226306 3 702 0.0367774258 0.0000024131 0.0000000002 0 0 0
2227305 3 374 0.1544534886 0.0001546081 0.0000001548 0 0 0
2234278 3 9391 0.0177003078 0.0000047877 0.0000000013 0 0 0
2243669 4 10764 0.0000000000 0.0000000000 0.0000000000 0 0 0
2254589 3 12870 0.0058310907 0.0000005340 0.0000000000 0 0 0
2268380 4 5834 0.0000000000 0.0000000000 0.0000000000 0 0 0
2287147 4 5975 0.0000000000 0.0000000000 0.0000000000 0 0 0
2296008 0 109 0.0000000000 0.0000000000 0.0000000000 0 0 0
2300220 3 5709 0.1509845131 0.0000358463 0.0000000085 0 0 0
2315508 4 12277 0.0000000000 0.0000000000 0.0000000000 0 0 0
2339828 3 7176 0.0454358745 0.0000018683 0.0000000001 0 0 0
2347004 4 8487 0.0000000000 0.0000000000 0.0000000000 0 0 0
2362729 3 1404 0.1232929771 0.0000235922 0.0000000045 0 0 0
2370872 3 3105 0.1479248860 0.0000181659 0.0000000022 0 0 0
2393227 3 24196 0.0228831613 0.0000012981 0.0000000001 0 0 0
2422337 4 8034 0.0000000000 0.0000000000 0.0000000000 0 0 0
2432571 4 6318 0.0000000000 0.0000000000 0.0000000000 0 0 0
2439373 3 6723 0.0598044052 0.0000087922 0.0000000013 0 0 0
2446455 4 5335 0.0000000000 0.0000000000 0.0000000000 0 0 0
2452867 0 109 0.1868800100 0.0000291454 0.0000000045 0 0 0
2480401 3 3416 0.0205020922 0.0000008958 0.0000000000 0 0 0
2483895 3 11575 0.0000000000 0.0000000000 0.0000000000 0 0 0
2498871 4 8268 0.0000000000 0.0000000000 0.0000000000 0 0 0
2510181 3 1139 0.0063789252 0.0000005640 0.0000000000 0 0 0
2512693 4 6739 0.0000000000 0.0000000000 0.0000000000 0 0 0
2520087 3 3729 0.0075230567 0.0000010175 0.0000000001 0 0 0
2535875 4 5195 0.0000000000 0.0000000000 0.0000000000 0 0 0
2553877 3 21138 0.0566126760 0.0000031448 0.0000000002 0 0 0
2575343 4 8798 0.0000000000 0.0000000000 0.0000000000 0 0 0
2585233 4 9922 0.0000000000 0.0000000000 0.0000000000 0 0 0
2596606 3 10187 0.0001758551 0.0000000155 0.0000000000 0 0 0
2621004 4 7660 0.0000000000 0.0000000000 0.0000000000 0 0 0
2650177 0 109 0.3271800461 0.0000112152 0.0000000004 0 0 0
2653812 4 8361 0.0000000000 0.0000000000 0.0000000000 0 0 0
2667945 0 94 0.2695399330 0.0000190717 0.0000000013 0 0 0
2679411 3 6584 0.1971029303 0.0000386401 0.0000000076 0 0 0
2686197 3 17597 0.0000000000 0.0000000000 0.0000000000 0 0 0
2708225 4 5304 0.0000000000 0.0000000000 0.0000000000 0 0 0
2722795 4 7753 0.0000000000 0.0000000000 0.0000000000 0 0 0
2749050 3 12246 0.1133871750 0.0000252364 0.0000000056 0 0 0
2761764 3 3588 0.0023326140 0.0000001835 0.0000000000 0 0 0
2773792 3 23993 0.1273838218 0.0000105906 0.0000000009 0 0 0
2797956 3 44726 0.0002483033 0.0000000103 0.0000000000 0 0 0
2843337 3 6365 0.0011349216 0.0000000250 0.0000000000 0 0 0
2858547 0 125 0.1827782457 0.0000120170 0.0000000008 0 0 0
2870856 0 93 0.4053980001 0.0000329351 0.0000000027 0 0 0
2893257 0 110 0.9262533519 0.0004431834 0.0000002120 0 0 0
2896565 0 109 0.0609954812 0.0000439132 0.0000000316 0 0 0
2897111 4 7238 0.0000000000 0.0000000000 0.0000000000 0 0 0
2904739 4 6911 0.0000000000 0.0000000000 0.0000000000 0 0 0
2915160 4 5164 0.0000000000 0.0000000000 0.0000000000 0 0 0
2930854 0 124 0.2087819627 0.0000133033 0.0000000008 0 0 0
2952569 4 19344 0.0000000000 0.0000000000 0.0000000000 0 0 0
2972912 4 23852 0.0000000000 0.0000000000 0.0000000000 0 0 0
3020289 0 78 0.4746097093 0.0000257828 0.0000000014 0 0 0
3045624 0 93 0.2992722765 0.0000118126 0.0000000005 0 0 0
3057901 0 93 0.1996440068 0.0000162616 0.0000000013 0 0 0
3059243 0 124 0.2264390204 0.0001687325 0.0000001257 0 0 0
3060974 0 109 0.1131622794 0.0000653739 0.0000000378 0 0 0
3062768 0 78 0.0790187075 0.0000440461 0.0000000246 0 0 0
3069507 0 94 0.1401102808 0.0000207910 0.0000000031 0 0 0
3072378 3 639 0.0000000000 0.0000000000 0.0000000000 0 0 0
3074094 0 109 0.0090881361 0.0000052961 0.0000000031 0 0 0
3075077 0 109 0.0837990142 0.0000852482 0.0000000867 0 0 0
3075888 0 109 0.0000000000 0.0000000000 0.0000000000 0 0 0
3077011 4 7098 0.0000000000 0.0000000000 0.0000000000 0 0 0
3085466 0 94 0.0536310806 0.0000063431 0.0000000008 0 0 0
3089507 0 78 0.3349359286 0.0000828844 0.0000000205 0 0 0
3091036 0 93 0.7602314522 0.0004972083 0.0000003252 0 0 0
3093578 0 110 0.0531070176 0.0000208918 0.0000000082 0 0 0
3103282 0 124 0.0033149171 0.0000036629 0.0000000040 0 0 0
3104732 0 125 0.4698266429 0.0003240184 0.0000002235 0 0 0
3106620 0 125 0.0430858638 0.0000228209 0.0000000121 0 0 0
3131970 0 125 0.2560588930 0.0001506229 0.0000000886 0 0 0
3133842 0 125 0.0005341880 0.0000002854 0.0000000002 0 0 0
3137025 0 109 0.2180579523 0.0000685071 0.0000000215 0 0 0
3141330 0 94 0.2266963432 0.0000752894 0.0000000250 0 0 0
3143171 0 94 0.0000000000 0.0000000000 0.0000000000 0 0 0
3145308 0 109 0.4542227069 0.0002125516 0.0000000995 0 0 0
3146931 0 109 0.3274051334 0.0002017284 0.0000001243 0 0 0
3148428 0 94 0.0036167091 0.0000024160 0.0000000016 0 0 0
3151002 0 78 0.0135533603 0.0000052655 0.0000000020 0 0 0
3153342 0 110 0.4282166304 0.0001829986 0.0000000782 0 0 0
3155636 0 109 0.3646888398 0.0001589751 0.0000000693 0 0 0
3165635 0 94 0.1931810223 0.0000193200 0.0000000019 0 0 0
3166977 0 109 0.0132849681 0.0000098994 0.0000000074 0 0 0
3170003 0 109 0.2235897081 0.0000738895 0.0000000244 0 0 0
3175869 0 125 0.2693234647 0.0000788187 0.0000000231 0 0 0
3179675 0 78 0.2443487283 0.0000642009 0.0000000169 0 0 0
3192857 0 94 0.0386742698 0.0000043043 0.0000000005 0 0 0
3193591 0 93 0.0466369098 0.0000635380 0.0000000866 0 0 0
3195369 0 125 0.1885966775 0.0001060724 0.0000000597 0 0 0
3207209 0 94 0.2114172878 0.0000206603 0.0000000020 0 0 0
3232466 0 94 0.1145569172 0.0000045357 0.0000000002 0 0 0
3232560 4 5647 0.0000000000 0.0000000000 0.0000000000 0 0 0
3240625 0 78 0.1177497433 0.0000146001 0.0000000018 0 0 0
3251077 2 452 0.0261258086 0.0000223298 0.0000000191 94 280 78
3252169 0 94 0.0630024564 0.0000576946 0.0000000528 0 0 0
3255632 0 109 0.4586980337 0.0001324568 0.0000000382 0 0 0
3270780 0 93 0.0000000000 0.0000000000 0.0000000000 0 0 0
3271934 0 94 0.1311224562 0.0001136243 0.0000000985 0 0 0
3275928 0 78 0.1640376085 0.0001845192 0.0000002076 0 0 0
3281263 0 94 0.2001187234 0.0000375105 0.0000000070 0 0 0
3284508 0 94 0.2726913813 0.0000840343 0.0000000259 0 0 0
3287456 0 110 0.2820893572 0.0000956884 0.0000000325 0 0 0
3291076 0 109 0.2027922935 0.0000560200 0.0000000155 0 0 0
3293291 0 125 0.0000000000 0.0000000000 0.0000000000 0 0 0
3295787 0 93 0.1395022625 0.0000558903 0.0000000224 0 0 0
3305116 0 124 0.1004416411 0.0000134137 0.0000000018 0 0 0
3306566 0 125 0.1734688382 0.0001196337 0.0000000825 0 0 0
3310919 0 109 0.0922477244 0.0000345756 0.0000000130 0 0 0
3316488 0 78 0.1700961075 0.0000305434 0.0000000055 0 0 0
3317939 0 125 0.3284460944 0.0002263584 0.0000001560 0 0 0
3320622 0 109 0.1938810146 0.0000722628 0.0000000269 0 0 0
3327829 0 78 0.2864527185 0.0000397465 0.0000000055 0 0 0
3334709 0 125 0.4027426488 0.0002033027 0.0000001026 0 0 0
3335739 3 546 0.3523662127 0.0003421031 0.0000003321 0 0 0
3339623 0 94 0.4381834672 0.0001128176 0.0000000290 0 0 0
3348640 3 2621 0.0614686149 0.0000275520 0.0000000123 0 0 0
3352056 3 702 0.0043767110 0.0000012812 0.0000000004 0 0 0
3355130 0 78 0.1778180002 0.0000578458 0.0000000188 0 0 0
3359716 3 2465 0.0440585828 0.0000172238 0.0000000067 0 0 0
3364271 3 843 0.0424740797 0.0000093247 0.0000000020 0 0 0
3366845 0 94 0.1902881285 0.0000739270 0.0000000287 0 0 0
3370886 0 93 0.3953405830 0.0000978324 0.0000000242 0 0 0
3373663 0 78 0.3997211439 0.0001439399 0.0000000518 0 0 0
3375082 0 78 0.1695260836 0.0001194687 0.0000000842 0 0 0
3376907 0 125 0.1202571861 0.0000658943 0.0000000361 0 0 0
3386049 4 5819 0.0000000000 0.0000000000 0.0000000000 0 0 0
3405456 0 109 0.3505606936 0.0000603998 0.0000000104 0 0 0
3409995 0 94 0.9807664947 0.0002160755 0.0000000476 0 0 0
3415018 0 94 0.5794015755 0.0001153497 0.0000000230 0 0 0
3419433 3 687 0.7832594621 0.0001774087 0.0000000402 0 0 0
3420634 4 51637 0.0000000000 0.0000000000 0.0000000000 0 0 0
3474314 0 125 0.0115386011 0.0000002150 0.0000000000 0 0 0
3484205 0 93 0.0386516128 0.0000039078 0.0000000004 0 0 0
3484298 4 88983 0.0000000000 0.0000000000 0.0000000000 0 0 0
3580769 0 125 0.0115296926 0.0000001195 0.0000000000 0 0 0
