133.6888888889 15.6254619685
141.0000000000 0.0000000000
20953.0000000000 0.0000000000
19531.0000000000 0.0000000000
391.0000000000 0.0000000000
1031.0000000000 0.0000000000
0.1015218747 0.1163394592
0.0000384809 0.0000574391
0.0000000191 0.0000000384

5172 0 156 0.1349270063 0.0000260880 0.0000000050 0 0 0
8344 4 8469 0.0000000000 0.0000000000 0.0000000000 0 0 0
21703 0 125 0.0475515157 0.0000169102 0.0000000060 0 0 0
25578 0 157 0.2474803042 0.0000638659 0.0000000165 0 0 0
28469 0 125 0.6320388376 0.0002186229 0.0000000756 0 0 0
32625 0 125 0.2415080794 0.0000581107 0.0000000140 0 0 0
38578 0 110 0.2673654149 0.0000449127 0.0000000075 0 0 0
38688 4 189015 0.0000000000 0.0000000000 0.0000000000 0 0 0
231360 4 5843 0.0000000000 0.0000000000 0.0000000000 0 0 0
238313 3 25406 0.0072072072 0.0000064930 0.0000000058 0 0 0
263719 4 69906 0.0000000000 0.0000000000 0.0000000000 0 0 0
342485 4 5109 0.0000000000 0.0000000000 0.0000000000 0 0 0
365500 4 22156 0.0000000000 0.0000000000 0.0000000000 0 0 0
389969 4 5062 0.0000000000 0.0000000000 0.0000000000 0 0 0
399281 3 672 0.0041881443 0.0000004498 0.0000000000 0 0 0
403156 4 7125 0.0000000000 0.0000000000 0.0000000000 0 0 0
413703 4 8938 0.0000000000 0.0000000000 0.0000000000 0 0 0
437172 2 20953 0.0005505471 0.0000000379 0.0000000000 19531 391 1031
458125 4 6438 0.0000000000 0.0000000000 0.0000000000 0 0 0
466610 4 9078 0.0000000000 0.0000000000 0.0000000000 0 0 0
508625 4 5500 0.0000000000 0.0000000000 0.0000000000 0 0 0
528547 3 9969 0.0033744473 0.0000003927 0.0000000000 0 0 0
546688 4 11859 0.0000000000 0.0000000000 0.0000000000 0 0 0
558563 4 11265 0.0000000000 0.0000000000 0.0000000000 0 0 0
585250 4 7110 0.0000000000 0.0000000000 0.0000000000 0 0 0
595891 4 6781 0.0000000000 0.0000000000 0.0000000000 0 0 0
613500 4 17156 0.0000000000 0.0000000000 0.0000000000 0 0 0
631156 4 21391 0.0000000000 0.0000000000 0.0000000000 0 0 0
652563 4 14062 0.0000000000 0.0000000000 0.0000000000 0 0 0
666641 4 18640 0.0000000000 0.0000000000 0.0000000000 0 0 0
685297 4 2302797 0.0000000000 0.0000000000 0.0000000000 0 0 0
2992219 3 641 0.0011499889 0.0000000005 0.0000000000 0 0 0
2992860 4 11718 0.0000000000 0.0000000000 0.0000000000 0 0 0
3004578 3 407 0.0000000000 0.0000000000 0.0000000000 0 0 0
3006578 0 157 0.3411907689 0.0001705954 0.0000000853 0 0 0
3009016 0 140 0.0184364734 0.0000075621 0.0000000031 0 0 0
3011281 4 10719 0.0000000000 0.0000000000 0.0000000000 0 0 0
3022969 0 125 0.0314214101 0.0000026883 0.0000000002 0 0 0
3033735 0 156 0.0582680010 0.0000054122 0.0000000005 0 0 0
3037844 4 7656 0.0000000000 0.0000000000 0.0000000000 0 0 0
3045844 4 64172 0.0000000000 0.0000000000 0.0000000000 0 0 0
3116500 0 156 0.0137521782 0.0000001946 0.0000000000 0 0 0
3119281 0 141 0.0809565974 0.0000291106 0.0000000105 0 0 0
3122828 4 6266 0.0000000000 0.0000000000 0.0000000000 0 0 0
3129110 4 5984 0.0000000000 0.0000000000 0.0000000000 0 0 0
3135781 4 5907 0.0000000000 0.0000000000 0.0000000000 0 0 0
3141688 3 1140 0.0000000000 0.0000000000 0.0000000000 0 0 0
3143031 0 125 0.0000000000 0.0000000000 0.0000000000 0 0 0
3150375 0 156 0.0099624312 0.0000013565 0.0000000002 0 0 0
3153672 0 141 0.2866083169 0.0000869300 0.0000000264 0 0 0
3154875 4 6031 0.0000000000 0.0000000000 0.0000000000 0 0 0
3164438 0 125 0.0769538878 0.0000080470 0.0000000008 0 0 0
3168156 0 125 0.0985542373 0.0000265073 0.0000000071 0 0 0
3169891 4 6515 0.0000000000 0.0000000000 0.0000000000 0 0 0
3178578 0 125 0.0554550871 0.0000063837 0.0000000007 0 0 0
3183719 0 141 0.0281014020 0.0000054661 0.0000000011 0 0 0
3192594 0 156 0.1747187507 0.0000196866 0.0000000022 0 0 0
3196797 0 141 0.2920022973 0.0000694747 0.0000000165 0 0 0
3199156 0 125 0.4340568420 0.0001840004 0.0000000780 0 0 0
3202500 0 125 0.0288410696 0.0000086247 0.0000000026 0 0 0
3211266 0 125 0.0742862648 0.0000428163 0.0000000247 0 0 0
3214422 0 125 0.0365089230 0.0000115681 0.0000000037 0 0 0
3219156 0 110 0.0808236138 0.0000170730 0.0000000036 0 0 0
3220875 4 5391 0.0000000000 0.0000000000 0.0000000000 0 0 0
3229719 0 125 0.0632981039 0.0000283340 0.0000000127 0 0 0
3233469 0 141 0.1970358755 0.0000525429 0.0000000140 0 0 0
3234844 0 156 0.1022960872 0.0000743972 0.0000000541 0 0 0
3239860 0 156 0.1231918778 0.0000245598 0.0000000049 0 0 0
3241641 4 11422 0.0000000000 0.0000000000 0.0000000000 0 0 0
3253703 4 21672 0.0000000000 0.0000000000 0.0000000000 0 0 0
3278250 4 25141 0.0000000000 0.0000000000 0.0000000000 0 0 0
3304000 4 5360 0.0000000000 0.0000000000 0.0000000000 0 0 0
3323594 4 6672 0.0000000000 0.0000000000 0.0000000000 0 0 0
3331625 0 110 0.0217409559 0.0000027071 0.0000000003 0 0 0
3340766 0 140 0.0474717200 0.0000051933 0.0000000006 0 0 0
3343969 0 125 0.0804414933 0.0000251144 0.0000000078 0 0 0
3345516 4 7672 0.0000000000 0.0000000000 0.0000000000 0 0 0
3353938 4 13437 0.0000000000 0.0000000000 0.0000000000 0 0 0
3367422 0 141 0.0002224859 0.0000000165 0.0000000000 0 0 0
3368203 4 61235 0.0000000000 0.0000000000 0.0000000000 0 0 0
3433735 4 5656 0.0000000000 0.0000000000 0.0000000000 0 0 0
3439969 0 141 0.0117632924 0.0000018870 0.0000000003 0 0 0
3446938 0 156 0.1225385106 0.0000175834 0.0000000025 0 0 0
3449531 0 125 0.0578776778 0.0000223207 0.0000000086 0 0 0
3454063 0 156 0.0374740138 0.0000082688 0.0000000018 0 0 0
3458360 0 156 0.0414676504 0.0000096504 0.0000000022 0 0 0
3464610 0 140 0.0390166343 0.0000090800 0.0000000021 0 0 0
3468063 0 125 0.0476621465 0.0000138031 0.0000000040 0 0 0
3482938 0 140 0.0338724658 0.0000064704 0.0000000012 0 0 0
3485610 0 156 0.5580038192 0.0002088338 0.0000000782 0 0 0
3487438 0 156 0.0151403824 0.0000082825 0.0000000045 0 0 0
3495406 0 157 0.0876578965 0.0000110012 0.0000000014 0 0 0
3503203 0 141 0.0537219037 0.0000090962 0.0000000015 0 0 0
3504344 0 109 0.0912578300 0.0000799806 0.0000000701 0 0 0
3506031 4 14641 0.0000000000 0.0000000000 0.0000000000 0 0 0
3522735 0 125 0.0146677069 0.0000008781 0.0000000001 0 0 0
3525563 0 140 0.1284101656 0.0000454067 0.0000000161 0 0 0
3527953 0 110 0.0798591870 0.0000334139 0.0000000140 0 0 0
3531985 0 156 0.1803099400 0.0000447197 0.0000000111 0 0 0
3538391 0 140 0.0708797550 0.0000110646 0.0000000017 0 0 0
3540485 0 140 0.0607533409 0.0000290131 0.0000000139 0 0 0
3544047 4 6984 0.0000000000 0.0000000000 0.0000000000 0 0 0
3551766 0 125 0.0216737425 0.0000028078 0.0000000004 0 0 0
3554781 0 125 0.1871612093 0.0000620767 0.0000000206 0 0 0
3555953 0 110 0.1718731738 0.0001466495 0.0000001251 0 0 0
3562406 0 141 0.1545919384 0.0000239566 0.0000000037 0 0 0
3565672 0 125 0.1177527862 0.0000360541 0.0000000110 0 0 0
3567328 0 141 0.1052762655 0.0000635726 0.0000000384 0 0 0
3576891 0 140 0.0742534872 0.0000077647 0.0000000008 0 0 0
3584688 0 125 0.2503193878 0.0000516762 0.0000000107 0 0 0
3587500 0 141 0.2540590385 0.0000903482 0.0000000321 0 0 0
3591172 0 156 0.1786463844 0.0000486510 0.0000000132 0 0 0
3592750 0 110 0.0996084942 0.0000631233 0.0000000400 0 0 0
3599391 0 109 0.1134255336 0.0000170796 0.0000000026 0 0 0
3601735 0 125 0.4686208328 0.0001999236 0.0000000853 0 0 0
3618344 0 141 0.0684044917 0.0000041185 0.0000000002 0 0 0
3619719 4 5641 0.0000000000 0.0000000000 0.0000000000 0 0 0
3633250 1 141 0.0508470984 0.0000037578 0.0000000003 0 0 0
3634313 0 140 0.1062560542 0.0000999587 0.0000000940 0 0 0
3636266 0 140 0.0628065341 0.0000321590 0.0000000165 0 0 0
3639610 0 140 0.1697306343 0.0000507568 0.0000000152 0 0 0
3641828 0 125 0.0502950077 0.0000226758 0.0000000102 0 0 0
3642985 0 125 0.1092018505 0.0000943836 0.0000000816 0 0 0
3656391 0 125 0.0548278830 0.0000040898 0.0000000003 0 0 0
3659860 0 109 0.2478517758 0.0000714476 0.0000000206 0 0 0
3663828 0 110 0.2509321519 0.0000632389 0.0000000159 0 0 0
3668797 0 141 0.2056615817 0.0000413889 0.0000000083 0 0 0
3677297 0 109 0.0959813128 0.0000112919 0.0000000013 0 0 0
3682235 0 125 0.2463035356 0.0000784156 0.0000000250 0 0 0
3683875 0 125 0.2822142080 0.0001720818 0.0000001049 0 0 0
3686360 0 140 0.0767328316 0.0000308784 0.0000000124 0 0 0
3689078 0 110 0.1066360402 0.0000392333 0.0000000144 0 0 0
3691688 0 125 0.0469680998 0.0000179954 0.0000000069 0 0 0
3691813 4 9047 0.0000000000 0.0000000000 0.0000000000 0 0 0
3702125 0 125 0.0165912150 0.0000016089 0.0000000002 0 0 0
3708297 0 125 0.0353960100 0.0000057349 0.0000000009 0 0 0
3718422 0 125 0.0423871228 0.0000041864 0.0000000004 0 0 0
3722047 0 125 0.2304812336 0.0000635810 0.0000000175 0 0 0
3728344 0 109 0.1085187799 0.0000242013 0.0000000054 0 0 0
3730750 0 110 0.1355290329 0.0000563296 0.0000000234 0 0 0
3733438 0 109 0.0514442892 0.0000191385 0.0000000071 0 0 0
3735922 0 125 0.0390776455 0.0000157317 0.0000000063 0 0 0
3738656 3 1188 0.1144136744 0.0000418485 0.0000000153 0 0 0
3740360 0 125 0.0198731652 0.0000116627 0.0000000068 0 0 0
3743031 0 157 0.0916590544 0.0000343164 0.0000000128 0 0 0
3745969 0 141 0.0264242388 0.0000089940 0.0000000031 0 0 0
3752047 0 125 0.0249427586 0.0000041038 0.0000000007 0 0 0
3752969 4 7234 0.0000000000 0.0000000000 0.0000000000 0 0 0
3762125 0 125 0.0205880178 0.0000022486 0.0000000002 0 0 0
3763313 0 109 0.1654746989 0.0001392885 0.0000001172 0 0 0
3764797 4 22422 0.0000000000 0.0000000000 0.0000000000 0 0 0
3788031 0 110 0.0080995806 0.0000003486 0.0000000000 0 0 0
3789328 0 125 0.0720859698 0.0000555790 0.0000000429 0 0 0
3790094 4 8031 0.0000000000 0.0000000000 0.0000000000 0 0 0
3804063 0 125 0.0170011793 0.0000149002 0.0000000131 0 0 0
3805328 0 157 0.0286451130 0.0000226444 0.0000000179 0 0 0
3812250 0 125 0.0266199670 0.0000122560 0.0000000056 0 0 0
3814453 0 141 0.0426381998 0.0000193546 0.0000000088 0 0 0
3817656 0 157 0.0084517851 0.0000026387 0.0000000008 0 0 0
3819985 0 125 0.0157393105 0.0000067580 0.0000000029 0 0 0
3821094 0 125 0.0307164068 0.0000276974 0.0000000250 0 0 0
3823266 0 140 0.0171573104 0.0000150371 0.0000000132 0 0 0
3825266 0 140 0.0289385272 0.0000144693 0.0000000072 0 0 0
3826485 0 109 0.0231556791 0.0000189956 0.0000000156 0 0 0
3827641 0 140 0.0265140844 0.0000229361 0.0000000198 0 0 0
3829656 0 141 0.0109181141 0.0000054184 0.0000000027 0 0 0
3831406 0 125 0.0595632323 0.0000340361 0.0000000194 0 0 0
3834813 0 156 0.0218330191 0.0000064083 0.0000000019 0 0 0
3837156 0 141 0.0403550878 0.0000172237 0.0000000074 0 0 0
3840656 0 125 0.2482426714 0.0000709265 0.0000000203 0 0 0
3843406 3 438 0.2124262983 0.0000772459 0.0000000281 0 0 0
3844938 0 140 0.1561918214 0.0001019529 0.0000000665 0 0 0
3846563 0 109 0.0680464555 0.0000418747 0.0000000258 0 0 0
3848516 0 125 0.0717120448 0.0000367189 0.0000000188 0 0 0
3849281 0 110 0.0446053668 0.0000583077 0.0000000762 0 0 0
3850156 0 157 0.0073305298 0.0000083777 0.0000000096 0 0 0
3851688 0 140 0.0302964840 0.0000197758 0.0000000129 0 0 0
3852703 0 157 0.0175107263 0.0000172519 0.0000000170 0 0 0
3854063 0 125 0.0066176471 0.0000048659 0.0000000036 0 0 0
3858047 0 125 0.0152681795 0.0000038324 0.0000000010 0 0 0
3859172 0 156 0.0242098382 0.0000215199 0.0000000191 0 0 0
3863641 0 156 0.0252347669 0.0000056466 0.0000000013 0 0 0
3865406 0 141 0.3848775563 0.0002180609 0.0000001235 0 0 0
3871235 0 156 0.1585300408 0.0000271968 0.0000000047 0 0 0
3875953 0 157 0.0167243368 0.0000096449 0.0000000056 0 0 0
3888328 0 157 0.0260258186 0.0000025010 0.0000000002 0 0 0
3893641 0 156 0.0565387793 0.0000173965 0.0000000054 0 0 0
3895860 0 109 0.0216412404 0.0000097527 0.0000000044 0 0 0
3897141 0 140 0.5798696870 0.0004526695 0.0000003534 0 0 0
3899485 4 8812 0.0000000000 0.0000000000 0.0000000000 0 0 0
3910000 0 125 0.0680019243 0.0000064671 0.0000000006 0 0 0
3918703 4 5563 0.0000000000 0.0000000000 0.0000000000 0 0 0
3933656 0 125 0.0618399750 0.0000041356 0.0000000003 0 0 0
3937235 0 156 0.2125098124 0.0000593769 0.0000000166 0 0 0
