98.5277777778 14.9789277325
127.3076923077 13.4929304303
491.5000000000 66.1229914629
109.3571428571 35.7623248343
267.2857142857 74.3624603560
114.8571428571 17.3775600081
0.1961646570 0.2006786845
0.0001238699 0.0001798723
0.0000001006 0.0000001803

2433 0 78 0.6497938709 0.0007866754 0.0000009524 0 0 0
8065 0 78 0.8405285441 0.0007283610 0.0000006312 0 0 0
9220 4 47580 0.0000000000 0.0000000000 0.0000000000 0 0 0
57455 4 8486 0.0000000000 0.0000000000 0.0000000000 0 0 0
69639 4 8408 0.0000000000 0.0000000000 0.0000000000 0 0 0
78983 0 94 0.0767422045 0.0000082130 0.0000000009 0 0 0
81916 0 78 0.1505840306 0.0002679431 0.0000004768 0 0 0
86783 0 94 0.0778647289 0.0000159985 0.0000000033 0 0 0
97516 0 109 0.0485813904 0.0000045264 0.0000000004 0 0 0
99404 4 11497 0.0000000000 0.0000000000 0.0000000000 0 0 0
111447 4 48813 0.0000000000 0.0000000000 0.0000000000 0 0 0
160946 0 78 0.0209799709 0.0000004238 0.0000000000 0 0 0
163785 4 14352 0.0000000000 0.0000000000 0.0000000000 0 0 0
181226 0 94 0.1574740600 0.0000090290 0.0000000005 0 0 0
183270 0 78 0.4895708145 0.0006036631 0.0000007443 0 0 0
190680 0 78 0.4146220155 0.0001563431 0.0000000590 0 0 0
216264 4 9781 0.0000000000 0.0000000000 0.0000000000 0 0 0
227059 0 110 0.0508708233 0.0000047124 0.0000000004 0 0 0
236107 0 110 0.1825868307 0.0000201798 0.0000000022 0 0 0
250069 0 110 0.7534119541 0.0003577455 0.0000001699 0 0 0
250974 0 94 0.4640789261 0.0005127944 0.0000005666 0 0 0
251707 4 7161 0.0000000000 0.0000000000 0.0000000000 0 0 0
260132 0 93 0.0736626938 0.0000087433 0.0000000010 0 0 0
261910 0 109 0.2816859867 0.0001584286 0.0000000891 0 0 0
263127 0 109 0.3590465656 0.0002950259 0.0000002424 0 0 0
267011 0 94 0.1358606627 0.0000349796 0.0000000090 0 0 0
269070 0 110 0.2667653546 0.0001295606 0.0000000629 0 0 0
269928 4 89280 0.0000000000 0.0000000000 0.0000000000 0 0 0
360721 0 109 0.0227317630 0.0000002504 0.0000000000 0 0 0
361875 0 110 0.1038675316 0.0000900065 0.0000000780 0 0 0
362453 4 13026 0.0000000000 0.0000000000 0.0000000000 0 0 0
377663 0 78 0.0519825682 0.0000034177 0.0000000002 0 0 0
378911 0 124 0.3140297313 0.0002516264 0.0000002016 0 0 0
380642 4 60794 0.0000000000 0.0000000000 0.0000000000 0 0 0
442777 0 94 0.0180995548 0.0000002913 0.0000000000 0 0 0
444837 0 109 0.0360380238 0.0000174942 0.0000000085 0 0 0
446912 0 93 0.3256188174 0.0001569247 0.0000000756 0 0 0
448456 0 78 0.1717069480 0.0001112092 0.0000000720 0 0 0
452980 0 78 0.2341810832 0.0001154739 0.0000000569 0 0 0
453058 4 15475 0.0000000000 0.0000000000 0.0000000000 0 0 0
469875 0 78 0.0738463291 0.0000043912 0.0000000003 0 0 0
476099 0 110 0.1585835807 0.0000254794 0.0000000041 0 0 0
476271 4 36567 0.0000000000 0.0000000000 0.0000000000 0 0 0
514928 0 109 0.0110930672 0.0000002870 0.0000000000 0 0 0
517767 0 109 0.3547577375 0.0001249587 0.0000000440 0 0 0
523274 0 94 0.0408178995 0.0000074120 0.0000000013 0 0 0
527689 0 109 0.1079575198 0.0000244524 0.0000000055 0 0 0
533835 4 5211 0.0000000000 0.0000000000 0.0000000000 0 0 0
540091 0 94 0.0116711728 0.0000018656 0.0000000003 0 0 0
540185 4 5038 0.0000000000 0.0000000000 0.0000000000 0 0 0
547236 0 109 0.0133628043 0.0000018952 0.0000000003 0 0 0
547345 4 19079 0.0000000000 0.0000000000 0.0000000000 0 0 0
572258 0 94 0.0233851966 0.0000009387 0.0000000000 0 0 0
573522 0 94 0.0664546461 0.0000525749 0.0000000416 0 0 0
574567 0 94 0.0477198491 0.0000456649 0.0000000437 0 0 0
575066 4 8861 0.0000000000 0.0000000000 0.0000000000 0 0 0
585690 0 94 0.0233915520 0.0000022018 0.0000000002 0 0 0
588560 1 110 0.0626664848 0.0000218350 0.0000000076 0 0 0
590510 0 94 0.0530226281 0.0000271911 0.0000000139 0 0 0
596719 1 109 0.0207199187 0.0000033371 0.0000000005 0 0 0
598123 0 125 0.0421840757 0.0000300456 0.0000000214 0 0 0
598248 4 6240 0.0000000000 0.0000000000 0.0000000000 0 0 0
605331 4 35521 0.0000000000 0.0000000000 0.0000000000 0 0 0
643348 0 109 0.0324055005 0.0000008524 0.0000000000 0 0 0
645204 0 78 0.2523427862 0.0001359606 0.0000000733 0 0 0
646109 0 94 0.1177315688 0.0001300901 0.0000001437 0 0 0
651101 0 78 0.2944048953 0.0000589753 0.0000000118 0 0 0
652786 0 78 0.5671826338 0.0003366069 0.0000001998 0 0 0
655500 0 110 0.2194045516 0.0000808418 0.0000000298 0 0 0
658698 0 94 0.4184556009 0.0001308492 0.0000000409 0 0 0
660102 0 110 0.5745951026 0.0004092558 0.0000002915 0 0 0
660882 0 94 0.1887691311 0.0002420117 0.0000003103 0 0 0
661912 0 78 0.1299588558 0.0001261736 0.0000001225 0 0 0
666982 0 94 0.0980364241 0.0000193366 0.0000000038 0 0 0
671693 0 110 0.1123562063 0.0000238498 0.0000000051 0 0 0
676358 4 25818 0.0000000000 0.0000000000 0.0000000000 0 0 0
703705 4 13525 0.0000000000 0.0000000000 0.0000000000 0 0 0
719055 0 94 0.1768022461 0.0000115181 0.0000000008 0 0 0
720553 0 125 0.2920168118 0.0001949378 0.0000001301 0 0 0
721660 0 78 0.0817720267 0.0000738681 0.0000000667 0 0 0
730880 0 125 0.1729570944 0.0000187589 0.0000000020 0 0 0
732627 0 94 0.0817491966 0.0000467940 0.0000000268 0 0 0
737432 0 94 0.1203685854 0.0000250507 0.0000000052 0 0 0
739757 4 14726 0.0000000000 0.0000000000 0.0000000000 0 0 0
754483 0 94 0.0000000000 0.0000000000 0.0000000000 0 0 0
757666 0 78 0.0833769264 0.0000574617 0.0000000396 0 0 0
766152 4 30654 0.0000000000 0.0000000000 0.0000000000 0 0 0
801408 1 125 0.0038257733 0.0000001085 0.0000000000 0 0 0
802906 0 109 0.2848523372 0.0001901551 0.0000001269 0 0 0
804793 4 15382 0.0000000000 0.0000000000 0.0000000000 0 0 0
821657 0 94 0.0258644600 0.0000015337 0.0000000001 0 0 0
821751 4 26941 0.0000000000 0.0000000000 0.0000000000 0 0 0
849737 0 109 0.0168322507 0.0000006015 0.0000000000 0 0 0
850783 0 109 0.6422209717 0.0006139780 0.0000005870 0 0 0
851953 0 78 0.5696866700 0.0004869117 0.0000004162 0 0 0
853279 0 124 0.6554866241 0.0004943338 0.0000003728 0 0 0
854386 0 94 0.2789958915 0.0002520288 0.0000002277 0 0 0
855509 0 110 0.0459928406 0.0000409553 0.0000000365 0 0 0
858567 0 109 0.1597136174 0.0001124744 0.0000000792 0 0 0
859690 0 94 0.4914111036 0.0004375878 0.0000003897 0 0 0
860501 2 531 0.1477112928 0.0001821348 0.0000002246 141 265 125
866258 4 60232 0.0000000000 0.0000000000 0.0000000000 0 0 0
932964 4 7597 0.0000000000 0.0000000000 0.0000000000 0 0 0
941981 3 280 0.0432600422 0.0000047976 0.0000000005 0 0 0
943369 0 125 0.1665092016 0.0001199634 0.0000000864 0 0 0
944524 0 109 0.1932766078 0.0001673391 0.0000001449 0 0 0
946427 0 109 0.4343247938 0.0002282316 0.0000001199 0 0 0
947675 0 109 0.0440042944 0.0000352599 0.0000000283 0 0 0
948548 0 78 0.2303781978 0.0002638926 0.0000003023 0 0 0
949625 0 78 0.3244689861 0.0003012711 0.0000002797 0 0 0
950420 0 110 0.1973207820 0.0002482022 0.0000003122 0 0 0
954164 2 422 0.0216365797 0.0000057790 0.0000000015 63 265 94
957035 0 93 0.1657929616 0.0000577475 0.0000000201 0 0 0
957846 0 109 0.0461079449 0.0000568532 0.0000000701 0 0 0
958579 0 94 0.0848198013 0.0001157160 0.0000001579 0 0 0
959687 0 93 0.3073054959 0.0002773515 0.0000002503 0 0 0
960654 0 94 0.4584138510 0.0004740578 0.0000004902 0 0 0
964055 0 109 0.0693173869 0.0000643615 0.0000000598 0 0 0
968906 0 110 0.0934067983 0.0000192552 0.0000000040 0 0 0
971371 0 94 0.0000000000 0.0000000000 0.0000000000 0 0 0
973040 0 110 0.1401879225 0.0000839952 0.0000000503 0 0 0
974366 4 14836 0.0000000000 0.0000000000 0.0000000000 0 0 0
990279 0 109 0.0466507441 0.0000029316 0.0000000002 0 0 0
991792 0 93 0.4738040829 0.0003131554 0.0000002070 0 0 0
994241 0 78 0.1556418752 0.0000635532 0.0000000260 0 0 0
995458 4 24196 0.0000000000 0.0000000000 0.0000000000 0 0 0
1024100 0 93 0.0459058705 0.0000016027 0.0000000001 0 0 0
1025722 0 109 0.7380637679 0.0004550331 0.0000002805 0 0 0
1027438 0 125 0.6970061740 0.0004061808 0.0000002367 0 0 0
1028452 0 94 0.0000000000 0.0000000000 0.0000000000 0 0 0
1029606 2 468 0.7259556802 0.0006290777 0.0000005451 110 249 109
1033584 0 110 0.0113054902 0.0000028420 0.0000000007 0 0 0
1038967 0 124 0.0602026335 0.0000264278 0.0000000116 0 0 0
1041775 0 124 0.0448215972 0.0000159621 0.0000000057 0 0 0
1043366 0 125 0.0433181982 0.0000272270 0.0000000171 0 0 0
1048342 0 125 0.3391846598 0.0001235645 0.0000000450 0 0 0
1050136 0 109 0.0558986246 0.0000311587 0.0000000174 0 0 0
1052273 0 94 0.4611495701 0.0003695109 0.0000002961 0 0 0
1053943 0 109 0.3523263629 0.0002109739 0.0000001263 0 0 0
1054707 0 78 0.1965396126 0.0002572508 0.0000003367 0 0 0
1057297 0 124 0.2535357953 0.0002083285 0.0000001712 0 0 0
1061758 0 78 0.1513304537 0.0000898104 0.0000000533 0 0 0
1063271 0 125 0.3232257857 0.0002136324 0.0000001412 0 0 0
1064504 0 93 0.0126981786 0.0000102986 0.0000000084 0 0 0
1065627 0 109 0.0000000000 0.0000000000 0.0000000000 0 0 0
1068451 0 93 0.3342472037 0.0001183595 0.0000000419 0 0 0
1069340 0 78 0.5756617992 0.0006475386 0.0000007284 0 0 0
1073443 4 6099 0.0000000000 0.0000000000 0.0000000000 0 0 0
1081617 4 6599 0.0000000000 0.0000000000 0.0000000000 0 0 0
1092506 0 94 0.0434963407 0.0000039945 0.0000000004 0 0 0
1093848 0 93 0.0700205770 0.0000521763 0.0000000389 0 0 0
1098668 0 94 0.3925269601 0.0000814371 0.0000000169 0 0 0
1100072 0 109 0.3016237236 0.0002148317 0.0000001530 0 0 0
1104425 0 109 0.7371387286 0.0004217041 0.0000002412 0 0 0
1106031 0 110 0.4729337196 0.0002944793 0.0000001834 0 0 0
1110306 0 109 0.2219231414 0.0000519118 0.0000000121 0 0 0
1116530 0 94 0.1253047872 0.0000201325 0.0000000032 0 0 0
1118511 0 94 0.0928270323 0.0000468587 0.0000000237 0 0 0
1119791 2 405 0.1139017884 0.0000889858 0.0000000695 218 78 109
1124502 0 109 0.0919856467 0.0000589652 0.0000000378 0 0 0
1125797 0 78 0.4999412615 0.0003860550 0.0000002981 0 0 0
1129400 0 78 0.0907199889 0.0000251790 0.0000000070 0 0 0
1129478 4 10733 0.0000000000 0.0000000000 0.0000000000 0 0 0
1143316 4 25553 0.0000000000 0.0000000000 0.0000000000 0 0 0
1169976 0 78 0.0174106734 0.0000006531 0.0000000000 0 0 0
1171068 0 78 0.0649506698 0.0000594786 0.0000000545 0 0 0
1174890 0 109 0.2078996361 0.0000543955 0.0000000142 0 0 0
1181442 0 125 0.0043321738 0.0000006612 0.0000000001 0 0 0
1184391 3 140 0.0613710804 0.0000208108 0.0000000071 0 0 0
1185654 0 94 0.0732039021 0.0000579603 0.0000000459 0 0 0
1186902 4 7738 0.0000000000 0.0000000000 0.0000000000 0 0 0
1200833 1 141 0.0709126606 0.0000050903 0.0000000004 0 0 0
1202097 1 140 0.1128693255 0.0000892954 0.0000000706 0 0 0
1204390 1 140 0.4460419915 0.0004268344 0.0000004085 0 0 0
1207822 3 281 0.1768227969 0.0000515218 0.0000000150 0 0 0
1208415 1 125 0.0016863406 0.0000028437 0.0000000048 0 0 0
1209725 1 125 0.1471181625 0.0001123039 0.0000000857 0 0 0
1211332 1 140 0.0780193792 0.0000485497 0.0000000302 0 0 0
1212674 0 93 0.0726490209 0.0000541349 0.0000000403 0 0 0
1220021 0 78 0.1029606725 0.0000140140 0.0000000019 0 0 0
1226948 0 109 0.0466503730 0.0000067346 0.0000000010 0 0 0
1227057 4 24336 0.0000000000 0.0000000000 0.0000000000 0 0 0
1252298 0 93 0.0189385281 0.0000007503 0.0000000000 0 0 0
1253234 0 78 0.2528743730 0.0002701649 0.0000002886 0 0 0
1260550 0 94 0.1717796479 0.0000537147 0.0000000168 0 0 0
1262984 0 109 0.2895026303 0.0002108541 0.0000001536 0 0 0
1266416 4 11372 0.0000000000 0.0000000000 0.0000000000 0 0 0
1278912 0 78 0.0646052268 0.0000051701 0.0000000004 0 0 0
1282110 4 14321 0.0000000000 0.0000000000 0.0000000000 0 0 0
1297164 4 6957 0.0000000000 0.0000000000 0.0000000000 0 0 0
1306555 2 499 0.1882489335 0.0000200457 0.0000000021 109 265 125
1308021 4 12980 0.0000000000 0.0000000000 0.0000000000 0 0 0
1323497 2 593 0.0662387776 0.0000042801 0.0000000003 125 327 141
1328380 4 20467 0.0000000000 0.0000000000 0.0000000000 0 0 0
1352622 0 94 0.0292999663 0.0000012086 0.0000000000 0 0 0
1361545 0 110 0.2468254949 0.0000739441 0.0000000222 0 0 0
1365352 3 9625 0.0673752333 0.0000176977 0.0000000046 0 0 0
1375289 4 6193 0.0000000000 0.0000000000 0.0000000000 0 0 0
1381498 4 94084 0.0000000000 0.0000000000 0.0000000000 0 0 0
1491837 1 141 0.0538112711 0.0000037291 0.0000000003 0 0 0
1492711 0 78 0.0354835972 0.0000405991 0.0000000465 0 0 0
1496034 0 93 0.1378063902 0.0000414705 0.0000000125 0 0 0
1497048 1 109 0.5044286629 0.0004974642 0.0000004906 0 0 0
1502882 1 141 0.0131381270 0.0000033826 0.0000000009 0 0 0
1504224 0 93 0.0105283086 0.0000078452 0.0000000058 0 0 0
1508342 0 110 0.1601337661 0.0000388863 0.0000000094 0 0 0
1514364 4 20171 0.0000000000 0.0000000000 0.0000000000 0 0 0
1539917 0 94 0.2919291366 0.0000974722 0.0000000325 0 0 0
1540884 3 2637 0.1332567381 0.0001378043 0.0000001425 0 0 0
1551445 4 63883 0.0000000000 0.0000000000 0.0000000000 0 0 0
1619353 4 12558 0.0000000000 0.0000000000 0.0000000000 0 0 0
1634032 3 1498 0.0164179104 0.0000245043 0.0000000366 0 0 0
1640226 3 936 0.2693535261 0.0000434862 0.0000000070 0 0 0
1642519 0 78 0.1821438670 0.0000794347 0.0000000346 0 0 0
1644609 2 499 0.1128807441 0.0001113222 0.0000001098 78 343 78
1645436 2 390 0.1307290352 0.0001580762 0.0000001911 94 187 109
1650631 3 1809 0.3913977712 0.0000753412 0.0000000145 0 0 0
1652440 4 27535 0.0000000000 0.0000000000 0.0000000000 0 0 0
1682580 4 12698 0.0000000000 0.0000000000 0.0000000000 0 0 0
1699007 4 58297 0.0000000000 0.0000000000 0.0000000000 0 0 0
1757320 4 11809 0.0000000000 0.0000000000 0.0000000000 0 0 0
1770908 1 109 0.0458812745 0.0000033766 0.0000000002 0 0 0
1772156 0 78 0.0601881225 0.0000482277 0.0000000386 0 0 0
1778208 2 500 0.1254722326 0.0000207324 0.0000000034 78 297 125
1780486 0 94 0.1216581561 0.0000534057 0.0000000234 0 0 0
1781984 0 93 0.1605757568 0.0001071934 0.0000000716 0 0 0
1810563 4 7441 0.0000000000 0.0000000000 0.0000000000 0 0 0
1821702 3 21855 0.0288613477 0.0000025910 0.0000000002 0 0 0
1844743 4 18517 0.0000000000 0.0000000000 0.0000000000 0 0 0
1873681 0 109 0.0581883099 0.0000166538 0.0000000048 0 0 0
1874227 4 71605 0.0000000000 0.0000000000 0.0000000000 0 0 0
1946690 0 93 0.0093169316 0.0000001286 0.0000000000 0 0 0
1948718 0 93 0.3855013281 0.0001900894 0.0000000937 0 0 0
1948811 4 13853 0.0000000000 0.0000000000 0.0000000000 0 0 0
1963647 0 125 0.0122783958 0.0000008276 0.0000000001 0 0 0
1965472 0 125 0.2853548782 0.0001563588 0.0000000857 0 0 0
1969091 0 94 0.1303617615 0.0000360215 0.0000000100 0 0 0
1981415 0 94 0.0883976464 0.0000071728 0.0000000006 0 0 0
1984957 0 109 0.1187511810 0.0000335266 0.0000000095 0 0 0
1992647 0 78 0.1208431612 0.0000717596 0.0000000426 0 0 0
1993396 0 94 0.2404890332 0.0003210802 0.0000004287 0 0 0
1994457 0 94 0.0813005312 0.0000766263 0.0000000722 0 0 0
1997187 0 125 0.2625358079 0.0000961670 0.0000000352 0 0 0
2008950 3 2355 0.1367937096 0.0000116292 0.0000000010 0 0 0
2018918 4 80855 0.0000000000 0.0000000000 0.0000000000 0 0 0
2104219 3 2278 0.0830128648 0.0001086556 0.0000001422 0 0 0
2117199 0 109 0.0647059132 0.0000049850 0.0000000004 0 0 0
2118509 0 125 0.5390129414 0.0004114603 0.0000003141 0 0 0
2122237 2 500 0.0266447165 0.0000071472 0.0000000019 110 296 94
2123049 0 109 0.0278279016 0.0000342708 0.0000000422 0 0 0
2127760 0 109 0.2100281841 0.0000445825 0.0000000095 0 0 0
2132393 4 5601 0.0000000000 0.0000000000 0.0000000000 0 0 0
2139413 0 125 0.1003106079 0.0000142893 0.0000000020 0 0 0
2140334 0 124 0.0000000000 0.0000000000 0.0000000000 0 0 0
2141223 0 109 0.2279826938 0.0002564485 0.0000002885 0 0 0
2149241 0 109 0.0883535498 0.0000160906 0.0000000029 0 0 0
2152408 0 125 0.0000000000 0.0000000000 0.0000000000 0 0 0
2159553 0 125 0.0000000000 0.0000000000 0.0000000000 0 0 0
2164810 0 94 0.1107971138 0.0000210761 0.0000000040 0 0 0
2164904 4 12090 0.0000000000 0.0000000000 0.0000000000 0 0 0
2178164 0 93 0.0719966735 0.0000054296 0.0000000004 0 0 0
2183125 2 421 0.2025004332 0.0000408185 0.0000000082 109 187 125
2183655 2 593 0.0000000000 0.0000000000 0.0000000000 109 343 141
2186775 4 42869 0.0000000000 0.0000000000 0.0000000000 0 0 0
2229972 0 93 0.0004899016 0.0000000113 0.0000000000 0 0 0
2230065 4 26380 0.0000000000 0.0000000000 0.0000000000 0 0 0
2256742 4 13977 0.0000000000 0.0000000000 0.0000000000 0 0 0
2272451 4 11013 0.0000000000 0.0000000000 0.0000000000 0 0 0
2286210 0 94 0.0235224430 0.0000017096 0.0000000001 0 0 0
2295321 4 18345 0.0000000000 0.0000000000 0.0000000000 0 0 0
2314696 4 79529 0.0000000000 0.0000000000 0.0000000000 0 0 0
2395738 0 78 0.0239575327 0.0000002956 0.0000000000 0 0 0
2396846 4 7363 0.0000000000 0.0000000000 0.0000000000 0 0 0
2405473 0 125 0.0592875140 0.0000068723 0.0000000008 0 0 0
2407329 4 28829 0.0000000000 0.0000000000 0.0000000000 0 0 0
2436174 4 23556 0.0000000000 0.0000000000 0.0000000000 0 0 0
2468747 0 125 0.1569444514 0.0000227621 0.0000000033 0 0 0
2468872 4 32276 0.0000000000 0.0000000000 0.0000000000 0 0 0
2501164 4 56956 0.0000000000 0.0000000000 0.0000000000 0 0 0
2560600 0 94 0.4382683402 0.0003157553 0.0000002275 0 0 0
2561755 2 592 0.3477966116 0.0003011226 0.0000002607 93 375 124
2563611 0 78 0.1807769724 0.0000974014 0.0000000525 0 0 0
2566357 0 93 0.3109878885 0.0001132512 0.0000000412 0 0 0
2570569 0 78 0.3363306466 0.0001140490 0.0000000387 0 0 0
2571520 0 94 0.6739554201 0.0007086808 0.0000007452 0 0 0
2573018 0 94 0.3798577507 0.0002535766 0.0000001693 0 0 0
2575732 0 78 0.3696051928 0.0002256442 0.0000001378 0 0 0
2578915 0 93 0.2747908028 0.0001240591 0.0000000560 0 0 0
2582362 0 125 0.1667598509 0.0001113960 0.0000000744 0 0 0
2587807 3 593 0.1177164965 0.0000216192 0.0000000040 0 0 0
2589180 0 93 0.0673365020 0.0000490433 0.0000000357 0 0 0
2595794 4 6911 0.0000000000 0.0000000000 0.0000000000 0 0 0
2602799 4 5054 0.0000000000 0.0000000000 0.0000000000 0 0 0
2609912 0 94 0.0708748481 0.0000099641 0.0000000014 0 0 0
2614311 4 31778 0.0000000000 0.0000000000 0.0000000000 0 0 0
2646838 4 5397 0.0000000000 0.0000000000 0.0000000000 0 0 0
2654123 4 138435 0.0000000000 0.0000000000 0.0000000000 0 0 0
2801622 4 11045 0.0000000000 0.0000000000 0.0000000000 0 0 0
2816255 4 7129 0.0000000000 0.0000000000 0.0000000000 0 0 0
2825272 0 78 0.1602696512 0.0000177742 0.0000000020 0 0 0
2830404 0 78 0.1768257225 0.0000344555 0.0000000067 0 0 0
2835755 0 78 0.0674562270 0.0000126063 0.0000000024 0 0 0
2845162 4 8970 0.0000000000 0.0000000000 0.0000000000 0 0 0
2856643 3 8549 0.0250016329 0.0000021777 0.0000000002 0 0 0
2869576 0 78 0.0070303895 0.0000005436 0.0000000000 0 0 0
2871963 0 93 0.0134588470 0.0000056384 0.0000000024 0 0 0
2872665 4 84256 0.0000000000 0.0000000000 0.0000000000 0 0 0
2960290 0 78 0.0036214175 0.0000000413 0.0000000000 0 0 0
2961367 3 11513 0.0592397754 0.0000550044 0.0000000511 0 0 0
2973410 4 8206 0.0000000000 0.0000000000 0.0000000000 0 0 0
2986717 0 125 0.0106765320 0.0000063970 0.0000000038 0 0 0
2986842 4 44803 0.0000000000 0.0000000000 0.0000000000 0 0 0
3032004 4 11419 0.0000000000 0.0000000000 0.0000000000 0 0 0
3050568 0 78 0.1600567705 0.0000337530 0.0000000071 0 0 0
3064062 0 94 0.2544425351 0.0000188560 0.0000000014 0 0 0
3065388 0 125 0.6402563226 0.0004828479 0.0000003641 0 0 0
3069476 3 2979 0.2561278481 0.0000626536 0.0000000153 0 0 0
3073812 3 2465 0.2059063130 0.0000474876 0.0000000110 0 0 0
3080910 0 94 0.1904618933 0.0000268332 0.0000000038 0 0 0
3084108 0 110 0.3489440219 0.0001091132 0.0000000341 0 0 0
3087197 3 2169 0.5320747888 0.0001722482 0.0000000558 0 0 0
3091347 4 24040 0.0000000000 0.0000000000 0.0000000000 0 0 0
3118803 0 94 0.0574851179 0.0000020937 0.0000000001 0 0 0
3128553 0 94 0.0656906848 0.0000314309 0.0000000150 0 0 0
3129645 4 10702 0.0000000000 0.0000000000 0.0000000000 0 0 0
3141018 0 78 0.0207157882 0.0000018215 0.0000000002 0 0 0
3141673 4 5179 0.0000000000 0.0000000000 0.0000000000 0 0 0
3147928 0 94 0.1165800555 0.0000186379 0.0000000030 0 0 0
3148833 4 17285 0.0000000000 0.0000000000 0.0000000000 0 0 0
3175962 3 2309 0.0002616431 0.0000000342 0.0000000000 0 0 0
3178817 0 109 0.0183120405 0.0000064140 0.0000000022 0 0 0
3182826 3 11107 0.0052970985 0.0000013213 0.0000000003 0 0 0
3201374 4 46067 0.0000000000 0.0000000000 0.0000000000 0 0 0
3248237 4 27690 0.0000000000 0.0000000000 0.0000000000 0 0 0
3277752 4 12309 0.0000000000 0.0000000000 0.0000000000 0 0 0
3290716 0 125 0.0119875904 0.0000009247 0.0000000001 0 0 0
3301527 4 24071 0.0000000000 0.0000000000 0.0000000000 0 0 0
3327096 3 2433 0.0084225529 0.0000003294 0.0000000000 0 0 0
3336081 0 94 0.0775947077 0.0000086360 0.0000000010 0 0 0
3341276 0 109 0.0357728548 0.0000090290 0.0000000023 0 0 0
3344427 0 109 0.0540042782 0.0000171388 0.0000000054 0 0 0
3349763 0 124 0.0344678619 0.0000064595 0.0000000012 0 0 0
3359450 4 25506 0.0000000000 0.0000000000 0.0000000000 0 0 0
3386860 4 5491 0.0000000000 0.0000000000 0.0000000000 0 0 0
3392398 4 52775 0.0000000000 0.0000000000 0.0000000000 0 0 0
3445828 0 109 0.0057549150 0.0000001077 0.0000000000 0 0 0
3453800 0 124 0.3361076686 0.0000494131 0.0000000073 0 0 0
3455921 3 624 0.2171902962 0.0001024000 0.0000000483 0 0 0
3457294 3 2855 0.0596051582 0.0000434124 0.0000000316 0 0 0
3460149 4 25880 0.0000000000 0.0000000000 0.0000000000 0 0 0
3486029 3 9298 0.0000000000 0.0000000000 0.0000000000 0 0 0
3495327 4 12277 0.0000000000 0.0000000000 0.0000000000 0 0 0
3507604 3 3183 0.0000000000 0.0000000000 0.0000000000 0 0 0
3511567 4 13151 0.0000000000 0.0000000000 0.0000000000 0 0 0
3526605 4 152959 0.0000000000 0.0000000000 0.0000000000 0 0 0
3684853 3 1903 0.0102321575 0.0000000647 0.0000000000 0 0 0
3689330 0 93 0.2907707206 0.0000649477 0.0000000145 0 0 0
3695149 3 2418 0.1363662691 0.0000234347 0.0000000040 0 0 0
3699439 4 22604 0.0000000000 0.0000000000 0.0000000000 0 0 0
3722059 4 11092 0.0000000000 0.0000000000 0.0000000000 0 0 0
3734508 0 125 0.0940550916 0.0000075552 0.0000000006 0 0 0
3735179 3 2558 0.0125398116 0.0000186882 0.0000000279 0 0 0
3740966 0 78 0.1448751310 0.0000731323 0.0000000369 0 0 0
3741543 3 2746 0.0287726418 0.0000498659 0.0000000864 0 0 0
3749952 0 78 0.0704062775 0.0000083727 0.0000000010 0 0 0
3751059 4 9439 0.0000000000 0.0000000000 0.0000000000 0 0 0
3761122 0 78 0.0352363838 0.0000035016 0.0000000003 0 0 0
3770653 0 109 0.1189835891 0.0000124839 0.0000000013 0 0 0
3774007 0 109 0.0672702812 0.0000200567 0.0000000060 0 0 0
3774803 0 93 0.7210693110 0.0009058660 0.0000011380 0 0 0
3789545 0 109 0.4070187961 0.0001762749 0.0000000763 0 0 0
3789795 4 83912 0.0000000000 0.0000000000 0.0000000000 0 0 0
3877249 0 78 0.6729468358 0.0002746722 0.0000001121 0 0 0
3878481 4 6115 0.0000000000 0.0000000000 0.0000000000 0 0 0
3886047 2 468 0.1264558868 0.0000167137 0.0000000022 94 265 109
3892053 0 109 0.2339501053 0.0000389527 0.0000000065 0 0 0
3893067 0 78 0.6417940802 0.0006329330 0.0000006242 0 0 0
3895969 4 9188 0.0000000000 0.0000000000 0.0000000000 0 0 0
3907872 0 93 0.0592133096 0.0000049747 0.0000000004 0 0 0
3910508 0 78 0.2465903901 0.0000935472 0.0000000355 0 0 0
3915375 0 78 0.1844297363 0.0002319871 0.0000002918 0 0 0
3916764 0 78 0.2930392863 0.0002109714 0.0000001519 0 0 0
3919291 0 94 0.3186860750 0.0002244268 0.0000001580 0 0 0
3920679 4 16131 0.0000000000 0.0000000000 0.0000000000 0 0 0
3938947 0 125 0.0415253355 0.0000022731 0.0000000001 0 0 0
3941724 0 94 0.2085597749 0.0000751025 0.0000000270 0 0 0
3947480 4 10031 0.0000000000 0.0000000000 0.0000000000 0 0 0
3959711 0 109 0.0047031158 0.0000027649 0.0000000016 0 0 0
3963736 3 2449 0.3985984372 0.0001980121 0.0000000984 0 0 0
3967667 0 109 0.2719596103 0.0000691833 0.0000000176 0 0 0
3968837 0 78 0.1628272721 0.0001391686 0.0000001189 0 0 0
3970397 0 93 0.6775705094 0.0004343401 0.0000002784 0 0 0
3971863 0 110 0.4714251276 0.0003215724 0.0000002194 0 0 0
3975046 0 93 0.2024127031 0.0000635918 0.0000000200 0 0 0
3983267 0 94 0.2407442990 0.0000292841 0.0000000036 0 0 0
3991894 0 93 0.1416002089 0.0000164136 0.0000000019 0 0 0
3996309 0 93 0.3300803455 0.0000747634 0.0000000169 0 0 0
3997307 0 94 0.4504418002 0.0004513445 0.0000004522 0 0 0
4005606 0 94 0.3869117237 0.0003445340 0.0000003068 0 0 0
4007385 0 93 0.1241348248 0.0000697779 0.0000000392 0 0 0
4012767 0 93 0.0197262222 0.0000036652 0.0000000007 0 0 0
4012860 4 13682 0.0000000000 0.0000000000 0.0000000000 0 0 0
4035449 0 78 0.1465438274 0.0000064874 0.0000000003 0 0 0
4037883 0 94 0.8356374272 0.0008777704 0.0000009220 0 0 0
4040332 0 125 0.7894707279 0.0007229585 0.0000006620 0 0 0
4041752 0 93 0.5893470406 0.0004150331 0.0000002923 0 0 0
4042844 0 109 0.8567267440 0.0007845483 0.0000007185 0 0 0
4044029 0 94 0.6756659047 0.0005701822 0.0000004812 0 0 0
4045121 0 94 0.9297138808 0.0008513863 0.0000007797 0 0 0
4046744 0 78 0.6341471930 0.0003907253 0.0000002407 0 0 0
4048772 0 109 0.3319968794 0.0003798591 0.0000004346 0 0 0
4048881 4 6661 0.0000000000 0.0000000000 0.0000000000 0 0 0
