175.4020618557 14.2790018088
0.0000000000 0.0000000000
707.1851851852 75.0530859222
158.2592592593 28.0377953809
383.5925925926 63.4701792091
165.3333333333 22.0705938097
0.1862497287 0.1692713434
0.0001427847 0.0002025346
0.0000001495 0.0000003046

16 4 31855 0.0000000000 0.0000000000 0.0000000000 0 0 0
53587 0 187 0.1453801130 0.0000351669 0.0000000085 0 0 0
56285 4 72338 0.0000000000 0.0000000000 0.0000000000 0 0 0
135706 3 982 0.0227851808 0.0000002869 0.0000000000 0 0 0
144395 0 187 0.2028894257 0.0000321893 0.0000000051 0 0 0
153583 4 11061 0.0000000000 0.0000000000 0.0000000000 0 0 0
164862 4 64288 0.0000000000 0.0000000000 0.0000000000 0 0 0
229181 4 28611 0.0000000000 0.0000000000 0.0000000000 0 0 0
260569 4 20171 0.0000000000 0.0000000000 0.0000000000 0 0 0
282362 3 3573 0.0708195601 0.0000032496 0.0000000001 0 0 0
296355 4 8721 0.0000000000 0.0000000000 0.0000000000 0 0 0
374028 0 187 0.2574709418 0.0001260259 0.0000000617 0 0 0
399909 0 187 0.0690514232 0.0000123992 0.0000000022 0 0 0
404792 0 187 0.0330212711 0.0000067625 0.0000000014 0 0 0
417022 0 172 0.0674315568 0.0000055136 0.0000000005 0 0 0
418879 0 171 0.3440312374 0.0001852618 0.0000000998 0 0 0
426663 2 764 0.3004408232 0.0000755256 0.0000000190 156 437 171
433340 0 171 0.1413214201 0.0000651551 0.0000000300 0 0 0
434775 0 172 0.1561318805 0.0001088027 0.0000000758 0 0 0
443215 0 171 0.0863028850 0.0000709144 0.0000000583 0 0 0
444182 0 187 0.2344512029 0.0002424521 0.0000002507 0 0 0
445009 0 187 0.1900204632 0.0002297708 0.0000002778 0 0 0
450391 0 171 0.0958419361 0.0000829800 0.0000000718 0 0 0
517300 0 187 0.0949424215 0.0000490659 0.0000000254 0 0 0
523649 0 187 0.0433460496 0.0000068272 0.0000000011 0 0 0
541277 0 187 0.3292305838 0.0001294654 0.0000000509 0 0 0
571791 0 171 0.0009569378 0.0000009157 0.0000000009 0 0 0
574396 4 14149 0.0000000000 0.0000000000 0.0000000000 0 0 0
604925 4 29017 0.0000000000 0.0000000000 0.0000000000 0 0 0
649900 2 687 0.2004879790 0.0000159853 0.0000000013 234 266 187
673035 4 10484 0.0000000000 0.0000000000 0.0000000000 0 0 0
724110 0 187 0.0948890005 0.0000833090 0.0000000731 0 0 0
727324 0 171 0.2858997290 0.0001174609 0.0000000483 0 0 0
734016 4 23666 0.0000000000 0.0000000000 0.0000000000 0 0 0
758992 0 187 0.0304816372 0.0000012204 0.0000000000 0 0 0
768477 4 32588 0.0000000000 0.0000000000 0.0000000000 0 0 0
817680 3 1591 0.0728471048 0.0000081915 0.0000000009 0 0 0
906054 0 172 0.1486810392 0.0000544619 0.0000000199 0 0 0
965444 4 26317 0.0000000000 0.0000000000 0.0000000000 0 0 0
997346 3 3011 0.0184181214 0.0000005773 0.0000000000 0 0 0
1008594 0 187 0.0941567037 0.0000137797 0.0000000020 0 0 0
1048967 0 187 0.2997297435 0.0000701122 0.0000000164 0 0 0
1051291 0 187 0.1173727355 0.0001106246 0.0000001043 0 0 0
1083146 0 172 0.2358151314 0.0001543293 0.0000001010 0 0 0
1088232 0 187 0.1064537168 0.0000812624 0.0000000620 0 0 0
1094332 0 171 0.2190330221 0.0000731085 0.0000000244 0 0 0
1096344 0 172 0.2307810007 0.0001147023 0.0000000570 0 0 0
1155328 0 172 0.2824719530 0.0001058740 0.0000000397 0 0 0
1166389 0 171 0.1461248374 0.0000336926 0.0000000078 0 0 0
1173440 0 171 0.1048155224 0.0000559912 0.0000000299 0 0 0
1174750 0 187 0.2145882160 0.0001638078 0.0000001250 0 0 0
1201333 0 187 0.4832107111 0.0002647730 0.0000001451 0 0 0
1206668 0 172 0.3007163611 0.0001449235 0.0000000698 0 0 0
1241051 4 12090 0.0000000000 0.0000000000 0.0000000000 0 0 0
1267384 4 6598 0.0000000000 0.0000000000 0.0000000000 0 0 0
1310284 0 187 0.3144208723 0.0001300334 0.0000000538 0 0 0
1317210 0 156 0.4644405528 0.0002401451 0.0000001242 0 0 0
1326102 0 172 0.1080855830 0.0000537205 0.0000000267 0 0 0
1329347 0 156 0.1008877191 0.0000310902 0.0000000096 0 0 0
1334823 0 187 0.2540678430 0.0000969355 0.0000000370 0 0 0
1359627 0 187 0.1036141414 0.0000488285 0.0000000230 0 0 0
1374759 0 187 0.1781814090 0.0000372064 0.0000000078 0 0 0
1393089 4 8393 0.0000000000 0.0000000000 0.0000000000 0 0 0
1410749 0 171 0.1359095637 0.0000228650 0.0000000038 0 0 0
1413697 0 172 0.2510440795 0.0000851574 0.0000000289 0 0 0
1417581 0 172 0.3767099555 0.0001829577 0.0000000889 0 0 0
1419625 0 172 0.3301640166 0.0001615284 0.0000000790 0 0 0
1420904 0 172 0.0346061745 0.0000270572 0.0000000212 0 0 0
1422885 0 156 0.2257725922 0.0001139690 0.0000000575 0 0 0
1429515 0 188 0.2847949877 0.0000890541 0.0000000278 0 0 0
1431013 0 187 0.1807655162 0.0001206712 0.0000000806 0 0 0
1456207 0 172 0.1050507946 0.0000389221 0.0000000144 0 0 0
1459499 0 171 0.1223985907 0.0000371806 0.0000000113 0 0 0
1465084 0 187 0.1905396572 0.0000601641 0.0000000190 0 0 0
1468547 0 187 0.0020682523 0.0000021388 0.0000000022 0 0 0
1470169 0 187 0.2287109614 0.0001410055 0.0000000869 0 0 0
1472463 0 187 0.1021096263 0.0000445116 0.0000000194 0 0 0
1481979 0 156 0.3309289280 0.0001515242 0.0000000694 0 0 0
1483195 0 172 0.0082236842 0.0000067629 0.0000000056 0 0 0
1484319 0 187 0.0159189700 0.0000141628 0.0000000126 0 0 0
1551649 0 171 0.1469624054 0.0000200003 0.0000000027 0 0 0
1575829 0 171 0.2763658585 0.0001342233 0.0000000652 0 0 0
1577560 0 172 0.2206697251 0.0001274811 0.0000000736 0 0 0
1588200 0 171 0.1714434191 0.0000695511 0.0000000282 0 0 0
1608714 3 873 0.2102791068 0.0000230797 0.0000000025 0 0 0
1612411 4 10265 0.0000000000 0.0000000000 0.0000000000 0 0 0
1622738 4 6116 0.0000000000 0.0000000000 0.0000000000 0 0 0
1632832 4 24211 0.0000000000 0.0000000000 0.0000000000 0 0 0
1684858 4 12574 0.0000000000 0.0000000000 0.0000000000 0 0 0
1788973 3 1201 0.0377292164 0.0000006867 0.0000000000 0 0 0
1801188 4 11466 0.0000000000 0.0000000000 0.0000000000 0 0 0
1822045 3 1139 0.0958483677 0.0000045955 0.0000000002 0 0 0
1851093 3 842 0.1522635119 0.0000052418 0.0000000002 0 0 0
1889094 4 37909 0.0000000000 0.0000000000 0.0000000000 0 0 0
1955410 4 11061 0.0000000000 0.0000000000 0.0000000000 0 0 0
1968655 3 2824 0.1285256580 0.0000097037 0.0000000007 0 0 0
1973943 4 119435 0.0000000000 0.0000000000 0.0000000000 0 0 0
2130100 3 312 0.1370017496 0.0000315891 0.0000000073 0 0 0
2131863 3 297 0.1136757094 0.0000644786 0.0000000366 0 0 0
2134172 3 359 0.1314154524 0.0000569144 0.0000000246 0 0 0
2136434 3 281 0.1100562619 0.0000486544 0.0000000215 0 0 0
2139741 3 312 0.1114197590 0.0000336921 0.0000000102 0 0 0
2141691 3 281 0.0727653141 0.0000373155 0.0000000191 0 0 0
2143080 3 327 0.0360832937 0.0000259779 0.0000000187 0 0 0
2144624 3 390 0.1249927338 0.0000809538 0.0000000524 0 0 0
2146855 3 234 0.1577428692 0.0000707050 0.0000000317 0 0 0
2147682 3 358 0.0110789331 0.0000133965 0.0000000162 0 0 0
2149725 3 297 0.0617826375 0.0000302411 0.0000000148 0 0 0
2151488 3 437 0.1099471663 0.0000623637 0.0000000354 0 0 0
2153001 3 343 0.2429473085 0.0001605732 0.0000001061 0 0 0
2154499 3 390 0.1126002565 0.0000751671 0.0000000502 0 0 0
2158742 3 343 0.0907268246 0.0000213827 0.0000000050 0 0 0
2161535 3 280 0.1190132408 0.0000426113 0.0000000153 0 0 0
2163438 3 452 0.0865155091 0.0000454627 0.0000000239 0 0 0
2164717 3 359 0.1026575264 0.0000802639 0.0000000628 0 0 0
2167634 3 343 0.1199780600 0.0000411306 0.0000000141 0 0 0
2169225 3 359 0.0426990891 0.0000268379 0.0000000169 0 0 0
2170973 3 296 0.0289853029 0.0000165820 0.0000000095 0 0 0
2172423 3 453 0.0469197263 0.0000323584 0.0000000223 0 0 0
2175403 3 343 0.0606869442 0.0000203647 0.0000000068 0 0 0
2177462 3 359 0.0921875297 0.0000447730 0.0000000217 0 0 0
2178975 3 375 0.1044718800 0.0000690495 0.0000000456 0 0 0
2182719 3 359 0.1235832607 0.0000330083 0.0000000088 0 0 0
2184030 3 281 0.0991217199 0.0000756077 0.0000000577 0 0 0
2186261 3 343 0.1068051690 0.0000478732 0.0000000215 0 0 0
2189209 3 328 0.1478723277 0.0000501602 0.0000000170 0 0 0
2191627 3 265 0.1115229351 0.0000461220 0.0000000191 0 0 0
2192563 3 297 0.0260666086 0.0000278489 0.0000000298 0 0 0
2193624 4 18096 0.0000000000 0.0000000000 0.0000000000 0 0 0
2226493 3 359 0.1270532999 0.0000442694 0.0000000154 0 0 0
2230877 3 187 0.0753691066 0.0000171919 0.0000000039 0 0 0
2232125 3 281 0.0146122340 0.0000117085 0.0000000094 0 0 0
2234028 3 375 0.0729083041 0.0000383123 0.0000000201 0 0 0
2236368 3 312 0.0824264786 0.0000352250 0.0000000151 0 0 0
2238193 3 328 0.0594108855 0.0000325539 0.0000000178 0 0 0
2240221 3 297 0.0867932734 0.0000427975 0.0000000211 0 0 0
2241937 3 344 0.0596371409 0.0000347536 0.0000000203 0 0 0
2244121 3 422 0.0377988365 0.0000173072 0.0000000079 0 0 0
2246773 3 359 0.1260237757 0.0000475203 0.0000000179 0 0 0
2248614 3 406 0.0325132857 0.0000176607 0.0000000096 0 0 0
2255307 3 359 0.1233512875 0.0000184299 0.0000000028 0 0 0
2256680 3 234 0.0775457150 0.0000564790 0.0000000411 0 0 0
2258240 3 358 0.0425686620 0.0000272876 0.0000000175 0 0 0
2259878 3 343 0.0853045356 0.0000520785 0.0000000318 0 0 0
2261126 3 265 0.0342422125 0.0000274377 0.0000000220 0 0 0
2264480 3 374 0.0812230676 0.0000242168 0.0000000072 0 0 0
2266445 3 297 0.0463370336 0.0000235812 0.0000000120 0 0 0
2268302 3 390 0.0684843027 0.0000368790 0.0000000199 0 0 0
2271016 3 328 0.0933053545 0.0000343793 0.0000000127 0 0 0
2274885 3 374 0.0767827998 0.0000346649 0.0000000157 0 0 0
2278925 3 359 0.0840049847 0.0000207933 0.0000000051 0 0 0
2281000 3 265 0.0747276691 0.0000360133 0.0000000174 0 0 0
2283137 3 234 0.1513049706 0.0000708025 0.0000000331 0 0 0
2286491 3 344 0.1079100495 0.0000321735 0.0000000096 0 0 0
2290532 3 593 0.1708453387 0.0000422780 0.0000000105 0 0 0
2327223 3 343 0.1172769647 0.0000491315 0.0000000206 0 0 0
2330827 3 343 0.1521664014 0.0000422215 0.0000000117 0 0 0
2332122 3 374 0.0250126608 0.0000193148 0.0000000149 0 0 0
2334758 3 281 0.0870384104 0.0000330191 0.0000000125 0 0 0
2336240 3 296 0.2004393439 0.0001352492 0.0000000913 0 0 0
2338362 3 405 0.0795899420 0.0000375070 0.0000000177 0 0 0
2340873 3 437 0.0450381405 0.0000179363 0.0000000071 0 0 0
2343588 3 280 0.0550986681 0.0000202942 0.0000000075 0 0 0
2347847 3 327 0.1342065845 0.0000315113 0.0000000074 0 0 0
2353541 3 312 0.1276632467 0.0000224207 0.0000000039 0 0 0
2357768 3 484 0.0372756457 0.0000543377 0.0000000792 0 0 0
2363431 3 312 0.0776007122 0.0000137031 0.0000000024 0 0 0
2368875 3 328 0.0933916714 0.0000171550 0.0000000032 0 0 0
2370763 3 827 0.1097448661 0.0000581276 0.0000000308 0 0 0
2373743 3 374 0.0817816282 0.0000274435 0.0000000092 0 0 0
2374991 3 296 0.0708399827 0.0000567628 0.0000000455 0 0 0
2378704 3 296 0.0835758766 0.0000225090 0.0000000061 0 0 0
2381059 3 359 0.0841269804 0.0000357227 0.0000000152 0 0 0
2382962 3 328 0.0935998920 0.0000491854 0.0000000258 0 0 0
2386379 3 312 0.1282493867 0.0000375327 0.0000000110 0 0 0
2388001 3 359 0.0957596501 0.0000590380 0.0000000364 0 0 0
2398796 0 188 0.0843099993 0.0000461973 0.0000000253 0 0 0
2403726 3 406 0.1937080209 0.0000785834 0.0000000319 0 0 0
2408297 3 265 0.1611864618 0.0000352628 0.0000000077 0 0 0
2410060 3 374 0.1554347581 0.0000881649 0.0000000500 0 0 0
2412275 3 343 0.1418074624 0.0000640214 0.0000000289 0 0 0
2415145 3 328 0.1158353232 0.0000403607 0.0000000141 0 0 0
2417641 3 375 0.1521654959 0.0000609637 0.0000000244 0 0 0
2419716 3 359 0.1233730192 0.0000594569 0.0000000287 0 0 0
2424287 3 343 0.1226551433 0.0000268333 0.0000000059 0 0 0
2425816 3 296 0.0731127485 0.0000478174 0.0000000313 0 0 0
2427766 3 281 0.0700531793 0.0000359247 0.0000000184 0 0 0
2431447 3 359 0.1062789517 0.0000288723 0.0000000078 0 0 0
2434037 3 312 0.1156132891 0.0000446383 0.0000000172 0 0 0
2436268 3 296 0.0943621897 0.0000422959 0.0000000190 0 0 0
2438233 3 344 0.1120901006 0.0000570433 0.0000000290 0 0 0
2442165 3 296 0.1066026020 0.0000271115 0.0000000069 0 0 0
2443881 3 281 0.0624551897 0.0000363958 0.0000000212 0 0 0
2447578 3 343 0.1478193378 0.0000399836 0.0000000108 0 0 0
2449778 3 405 0.1145985861 0.0000520903 0.0000000237 0 0 0
2452133 3 265 0.1013722660 0.0000430455 0.0000000183 0 0 0
2453054 3 452 0.0635807826 0.0000690345 0.0000000750 0 0 0
2454551 3 328 0.0911643189 0.0000608980 0.0000000407 0 0 0
2456720 3 327 0.1247832760 0.0000575303 0.0000000265 0 0 0
2458982 3 280 0.1289006715 0.0000569853 0.0000000252 0 0 0
2460635 3 281 0.1116900899 0.0000675681 0.0000000409 0 0 0
2461961 3 359 0.0594558068 0.0000448385 0.0000000338 0 0 0
2463584 3 390 0.1096515586 0.0000675610 0.0000000416 0 0 0
2465456 3 374 0.1187544650 0.0000634372 0.0000000339 0 0 0
2475377 0 188 0.1059085047 0.0000106752 0.0000000011 0 0 0
2491664 0 187 0.1192725251 0.0000116728 0.0000000011 0 0 0
2494269 3 952 0.5287160337 0.0002029620 0.0000000779 0 0 0
2515033 4 6068 0.0000000000 0.0000000000 0.0000000000 0 0 0
2544579 3 3432 0.0559368945 0.0000018932 0.0000000001 0 0 0
2552411 4 5616 0.0000000000 0.0000000000 0.0000000000 0 0 0
2558307 4 167592 0.0000000000 0.0000000000 0.0000000000 0 0 0
2774478 4 18876 0.0000000000 0.0000000000 0.0000000000 0 0 0
2796178 4 163270 0.0000000000 0.0000000000 0.0000000000 0 0 0
2997247 0 172 0.1975863210 0.0000699916 0.0000000248 0 0 0
2999697 0 156 0.4368335960 0.0001782994 0.0000000728 0 0 0
3003784 0 187 0.3583936576 0.0002835393 0.0000002243 0 0 0
3007778 0 187 0.0164490050 0.0000181757 0.0000000201 0 0 0
3012426 3 219 0.0983342774 0.0000406676 0.0000000168 0 0 0
3019805 0 187 0.1079776265 0.0000640817 0.0000000380 0 0 0
3020601 0 171 0.1063918322 0.0001336581 0.0000001679 0 0 0
3026342 0 171 0.3075645781 0.0000535733 0.0000000093 0 0 0
3029415 2 780 0.1322457014 0.0000430347 0.0000000140 171 437 172
3031583 0 172 0.1052336890 0.0001088249 0.0000001125 0 0 0
3035312 0 187 0.1458801450 0.0000525316 0.0000000189 0 0 0
3036139 0 187 0.1362818475 0.0001647906 0.0000001993 0 0 0
3037012 0 187 0.2832270358 0.0003244296 0.0000003716 0 0 0
3039695 3 156 0.1678845160 0.0002835887 0.0000004790 0 0 0
3040273 0 187 0.4119530746 0.0007127216 0.0000012331 0 0 0
3041396 0 156 0.2305383939 0.0002052880 0.0000001828 0 0 0
3042847 0 171 0.4498820418 0.0003100496 0.0000002137 0 0 0
3046154 2 811 0.4568446922 0.0005739255 0.0000007210 156 468 187
3048229 0 171 0.1807353851 0.0000871014 0.0000000420 0 0 0
3050257 0 156 0.4123729003 0.0003221663 0.0000002517 0 0 0
3051895 2 811 0.3033194940 0.0001851767 0.0000001131 171 468 172
3053767 3 171 0.2900563717 0.0001549446 0.0000000828 0 0 0
3054734 0 156 0.6031032060 0.0006236848 0.0000006450 0 0 0
3059149 3 187 0.2743284331 0.0001490106 0.0000000809 0 0 0
3059991 0 172 0.0817486034 0.0000970886 0.0000001153 0 0 0
3061255 0 187 0.0239928011 0.0000189816 0.0000000150 0 0 0
3062050 0 187 0.1593985401 0.0002005013 0.0000002522 0 0 0
3063049 0 156 0.5439189698 0.0005444634 0.0000005450 0 0 0
3066309 0 156 0.4397353077 0.0001348881 0.0000000414 0 0 0
3068353 0 156 0.5448121397 0.0002665421 0.0000001304 0 0 0
3069226 0 172 0.5408000859 0.0006194732 0.0000007096 0 0 0
3070724 2 577 0.2830716692 0.0001889664 0.0000001261 140 297 140
3072190 3 156 0.0212485295 0.0000309745 0.0000000452 0 0 0
3072456 3 202 0.1537991281 0.0005781922 0.0000021737 0 0 0
3072814 3 172 0.0647981676 0.0001810005 0.0000005056 0 0 0
3074796 3 218 0.3464671555 0.0002288422 0.0000001512 0 0 0
3078009 0 187 0.0608607405 0.0000722812 0.0000000858 0 0 0
3082096 0 172 0.1677304855 0.0001264936 0.0000000954 0 0 0
3083391 3 172 0.0608572061 0.0000469940 0.0000000363 0 0 0
3083812 0 188 0.1996610294 0.0004742542 0.0000011265 0 0 0
3085263 0 172 0.3200483384 0.0002205709 0.0000001520 0 0 0
3086652 2 655 0.4945778927 0.0003560676 0.0000002563 156 296 203
3087993 0 187 0.4338826334 0.0003235516 0.0000002413 0 0 0
3089538 2 795 0.3841350794 0.0002486311 0.0000001609 171 437 187
3092408 0 187 0.6924750259 0.0008224169 0.0000009767 0 0 0
3100520 0 187 0.1407022721 0.0000209753 0.0000000031 0 0 0
3106292 0 187 0.0997320513 0.0000371718 0.0000000139 0 0 0
3114888 0 187 0.2190442536 0.0000372461 0.0000000063 0 0 0
3115683 0 188 0.4176882178 0.0005253940 0.0000006609 0 0 0
3118148 0 172 0.1296518810 0.0000525971 0.0000000213 0 0 0
3119911 0 156 0.2973094497 0.0001686384 0.0000000957 0 0 0
3121253 3 187 0.2578422838 0.0001921328 0.0000001432 0 0 0
3122953 3 203 0.3028677905 0.0002338747 0.0000001806 0 0 0
3124622 3 187 0.3774438582 0.0003611903 0.0000003456 0 0 0
3126900 0 156 0.4631917125 0.0003227817 0.0000002249 0 0 0
3128522 0 156 0.3007670905 0.0001854298 0.0000001143 0 0 0
3136385 0 171 0.1564564158 0.0000696290 0.0000000310 0 0 0
3137087 0 187 0.1450238451 0.0002065867 0.0000002943 0 0 0
3139162 0 171 0.4297381675 0.0004828519 0.0000005425 0 0 0
3141954 2 811 0.1325568322 0.0000474774 0.0000000170 187 468 156
3145542 3 203 0.5325360272 0.0003251136 0.0000001985 0 0 0
3146634 3 187 0.8839915450 0.0008095161 0.0000007413 0 0 0
3147305 3 156 0.8009203093 0.0011936219 0.0000017789 0 0 0
3147866 3 156 0.4716331686 0.0008407008 0.0000014986 0 0 0
3148225 3 172 0.2284122563 0.0006362458 0.0000017723 0 0 0
3149099 3 218 0.6699469287 0.0007665297 0.0000008770 0 0 0
3149582 0 188 0.2468026753 0.0005109786 0.0000010579 0 0 0
3153701 0 171 0.4596448299 0.0001115914 0.0000000271 0 0 0
3159052 0 156 0.3350625959 0.0002045559 0.0000001249 0 0 0
3162453 0 187 0.2519202977 0.0000996520 0.0000000394 0 0 0
3164231 0 187 0.1513327997 0.0000851141 0.0000000479 0 0 0
3165385 0 188 0.3689197504 0.0003196878 0.0000002770 0 0 0
3168927 0 171 0.1576754453 0.0001684567 0.0000001800 0 0 0
3170627 3 172 0.1006191421 0.0000591877 0.0000000348 0 0 0
3171001 0 188 0.1526987423 0.0004082854 0.0000010917 0 0 0
3171828 3 172 0.1573634739 0.0001902823 0.0000002301 0 0 0
3173497 3 156 0.0846265883 0.0000507050 0.0000000304 0 0 0
3175073 0 172 0.2442425004 0.0001549762 0.0000000983 0 0 0
3175713 3 156 0.1955116479 0.0003054869 0.0000004773 0 0 0
3176337 0 156 0.3419375512 0.0005479768 0.0000008782 0 0 0
3181563 0 187 0.0605742459 0.0000510744 0.0000000431 0 0 0
3184761 2 795 0.5609483994 0.0003456244 0.0000002130 156 483 156
3186009 0 171 0.0043383121 0.0000034762 0.0000000028 0 0 0
3187225 0 188 0.3110958548 0.0002558354 0.0000002104 0 0 0
3188396 0 171 0.3108700020 0.0002654740 0.0000002267 0 0 0
3191110 0 172 0.0272336667 0.0000193972 0.0000000138 0 0 0
3194433 0 156 0.6899335534 0.0009828113 0.0000014000 0 0 0
3195665 2 749 0.4229688408 0.0003433189 0.0000002787 172 421 156
3196976 0 171 0.0926865061 0.0000706991 0.0000000539 0 0 0
3197958 0 188 0.1209263938 0.0001231430 0.0000001254 0 0 0
3198754 0 187 0.7675375990 0.0009642432 0.0000012114 0 0 0
3199690 0 156 0.0325557008 0.0000347817 0.0000000372 0 0 0
3200766 0 172 0.5665531454 0.0005265364 0.0000004893 0 0 0
3202170 3 188 0.1967280022 0.0001401197 0.0000000998 0 0 0
3202950 0 188 0.6267024162 0.0008034646 0.0000010301 0 0 0
3204230 0 156 0.1344007727 0.0001050006 0.0000000820 0 0 0
3207194 3 218 0.0638781074 0.0000413451 0.0000000268 0 0 0
3208005 0 171 0.4942796962 0.0006094694 0.0000007515 0 0 0
3209440 2 577 0.3138554212 0.0002187146 0.0000001524 109 312 156
3210875 0 172 0.1265378482 0.0000881797 0.0000000614 0 0 0
3214229 2 718 0.4202333281 0.0003742060 0.0000003332 141 405 172
3215852 3 171 0.2734660724 0.0001684942 0.0000001038 0 0 0
3220313 0 172 0.0230804901 0.0000123293 0.0000000066 0 0 0
3222419 0 188 0.0375003685 0.0000490843 0.0000000642 0 0 0
3224213 0 188 0.3319693987 0.0001850443 0.0000001031 0 0 0
3226413 0 187 0.3454220470 0.0001570100 0.0000000714 0 0 0
3235711 0 171 0.1154882893 0.0000148062 0.0000000019 0 0 0
3246163 0 156 0.2209917325 0.0000367952 0.0000000061 0 0 0
3256942 0 156 0.0204053495 0.0000290674 0.0000000414 0 0 0
3259095 0 156 0.0752024680 0.0000349292 0.0000000162 0 0 0
3260281 2 593 0.1211246385 0.0001021287 0.0000000861 125 312 156
3264571 3 125 0.3123672878 0.0004350519 0.0000006059 0 0 0
3265164 0 171 0.5485488418 0.0009250402 0.0000015599 0 0 0
3265944 3 171 0.3697658468 0.0004740588 0.0000006078 0 0 0
3267129 3 141 0.5523010895 0.0004660769 0.0000003933 0 0 0
3268393 3 171 0.4723167432 0.0003736683 0.0000002956 0 0 0
3269032 0 172 0.5133606518 0.0008033813 0.0000012572 0 0 0
3274368 0 171 0.2560199466 0.0001291725 0.0000000652 0 0 0
3278611 0 156 0.1249145275 0.0000294401 0.0000000069 0 0 0
3280155 0 156 0.3713514946 0.0002405126 0.0000001558 0 0 0
3281388 3 187 0.3261365270 0.0002645065 0.0000002145 0 0 0
3282261 3 125 0.4702693526 0.0005386820 0.0000006170 0 0 0
3283509 0 172 0.3684227539 0.0002952105 0.0000002365 0 0 0
3284414 3 141 0.1870065027 0.0002066370 0.0000002283 0 0 0
3285288 2 733 0.5238522677 0.0005993733 0.0000006858 187 343 203
3287612 0 172 0.0630553642 0.0000271323 0.0000000117 0 0 0
3288595 0 156 0.4377450477 0.0004453154 0.0000004530 0 0 0
3290217 3 156 0.3834412406 0.0002364003 0.0000001457 0 0 0
3292869 0 156 0.4620815628 0.0001742389 0.0000000657 0 0 0
3294102 0 156 0.5183799675 0.0004204217 0.0000003410 0 0 0
3295194 0 156 0.0207480350 0.0000190000 0.0000000174 0 0 0
3297534 0 156 0.3215338847 0.0001374076 0.0000000587 0 0 0
3299936 0 156 0.5269297579 0.0002193713 0.0000000913 0 0 0
3302417 3 93 0.9130861054 0.0011040944 0.0000013351 0 0 0
3305412 0 156 0.2621487368 0.0000875288 0.0000000292 0 0 0
3309733 0 156 0.0494763348 0.0000511648 0.0000000529 0 0 0
3312869 0 187 0.2294654007 0.0002722009 0.0000003229 0 0 0
3321059 0 171 0.3700068274 0.0002578445 0.0000001797 0 0 0
3323352 3 203 0.1750541704 0.0000763429 0.0000000333 0 0 0
3324038 0 188 0.4069617073 0.0005932386 0.0000008648 0 0 0
3327720 0 187 0.2291042189 0.0001213476 0.0000000643 0 0 0
3330169 0 156 0.1775785261 0.0000725106 0.0000000296 0 0 0
3333461 0 203 0.2085293416 0.0000633443 0.0000000192 0 0 0
3334366 0 171 0.0844665174 0.0000933332 0.0000001031 0 0 0
3343148 0 172 0.1453025051 0.0000194880 0.0000000026 0 0 0
3346440 0 187 0.1515186352 0.0000460263 0.0000000140 0 0 0
3351323 0 156 0.3912497540 0.0000801249 0.0000000164 0 0 0
3368202 4 7442 0.0000000000 0.0000000000 0.0000000000 0 0 0
3376814 0 202 0.0602415271 0.0000069951 0.0000000008 0 0 0
3414909 0 156 0.0360953203 0.0000013797 0.0000000001 0 0 0
3426921 0 187 0.0793555946 0.0000234433 0.0000000069 0 0 0
3438559 0 203 0.0173996608 0.0000139420 0.0000000112 0 0 0
3439588 0 203 0.2335113702 0.0002269304 0.0000002205 0 0 0
3441928 0 156 0.1504794844 0.0000643075 0.0000000275 0 0 0
3443956 0 156 0.2752278378 0.0001357139 0.0000000669 0 0 0
3445969 0 171 0.1880736699 0.0002871354 0.0000004384 0 0 0
3446936 2 655 0.1229731234 0.0001271697 0.0000001315 109 343 203
3451678 0 188 0.3769201963 0.0004476487 0.0000005316 0 0 0
3453270 0 171 0.1996278643 0.0001253944 0.0000000788 0 0 0
3455734 0 172 0.2183278159 0.0000886071 0.0000000360 0 0 0
3456842 0 156 0.1908518274 0.0001722489 0.0000001555 0 0 0
3457903 0 156 0.1236140446 0.0001165071 0.0000001098 0 0 0
3458839 3 218 0.2454529594 0.0002622361 0.0000002802 0 0 0
3463160 0 172 0.0675909612 0.0000416714 0.0000000257 0 0 0
3465422 0 203 0.0890066122 0.0000393486 0.0000000174 0 0 0
3466920 2 639 0.1527105356 0.0001019429 0.0000000681 109 359 171
3468605 3 187 0.2082355885 0.0001235820 0.0000000733 0 0 0
3470305 0 187 0.1128788916 0.0000663993 0.0000000391 0 0 0
3472208 2 671 0.1001366188 0.0000526204 0.0000000277 141 374 156
3473831 0 187 0.0982341528 0.0000605263 0.0000000373 0 0 0
3475937 0 187 0.2346698273 0.0001114292 0.0000000529 0 0 0
3477871 0 156 0.2046533183 0.0001058187 0.0000000547 0 0 0
3480008 0 156 0.2147341732 0.0001004839 0.0000000470 0 0 0
3481865 3 187 0.1939719183 0.0001044545 0.0000000562 0 0 0
3482723 0 187 0.5499171929 0.0006409291 0.0000007470 0 0 0
3488183 0 156 0.2026078753 0.0001149222 0.0000000652 0 0 0
3490117 0 172 0.0082730093 0.0000042777 0.0000000022 0 0 0
3491427 0 203 0.2580625648 0.0001969943 0.0000001504 0 0 0
3497574 0 171 0.4054288624 0.0001096643 0.0000000297 0 0 0
3499383 0 188 0.2941986882 0.0001626306 0.0000000899 0 0 0
3500850 0 203 0.3220190160 0.0002195085 0.0000001496 0 0 0
3504547 0 156 0.1849038819 0.0000500146 0.0000000135 0 0 0
3505358 0 188 0.4190851661 0.0005167511 0.0000006372 0 0 0
3507542 0 188 0.3136599849 0.0001436172 0.0000000658 0 0 0
3510054 0 172 0.3222272344 0.0001282752 0.0000000511 0 0 0
3511146 0 156 0.5388379017 0.0004934413 0.0000004519 0 0 0
3513970 0 156 0.2245574870 0.0000795175 0.0000000282 0 0 0
3514890 0 156 0.5873947893 0.0006384726 0.0000006940 0 0 0
3516606 0 172 0.2580620324 0.0001503858 0.0000000876 0 0 0
3518962 0 187 0.2076777292 0.0000881484 0.0000000374 0 0 0
3520178 0 172 0.2231702658 0.0001835282 0.0000001509 0 0 0
3522253 3 172 0.0974798018 0.0000469782 0.0000000226 0 0 0
3525841 3 141 0.2184893508 0.0000707314 0.0000000229 0 0 0
3526216 0 156 0.2518340575 0.0006715575 0.0000017908 0 0 0
3529913 0 171 0.1537115068 0.0001642217 0.0000001755 0 0 0
3530506 3 187 0.4063093965 0.0006851760 0.0000011554 0 0 0
3531286 0 187 0.7269101741 0.0009319361 0.0000011948 0 0 0
3533173 3 125 0.3935205363 0.0002085429 0.0000001105 0 0 0
3539367 0 171 0.2696785427 0.0000965552 0.0000000346 0 0 0
3543594 0 172 0.2645836594 0.0000625937 0.0000000148 0 0 0
3547042 0 187 0.3140759293 0.0000910893 0.0000000264 0 0 0
3549772 0 187 0.2733399674 0.0001001245 0.0000000367 0 0 0
3557229 0 187 0.2145566020 0.0000435206 0.0000000088 0 0 0
3558586 0 187 0.0631708924 0.0000465519 0.0000000343 0 0 0
3559990 0 156 0.2570270560 0.0001830677 0.0000001304 0 0 0
3562314 3 172 0.1957192792 0.0000842166 0.0000000362 0 0 0
3562782 0 172 0.1969655996 0.0004208667 0.0000008993 0 0 0
3564030 0 203 0.3030944097 0.0002428641 0.0000001946 0 0 0
3565403 3 187 0.3629389908 0.0002643401 0.0000001925 0 0 0
3572298 2 656 0.0771342492 0.0000187310 0.0000000045 156 359 141
3573562 0 187 0.2805032346 0.0002219171 0.0000001756 0 0 0
3574701 0 171 0.3070791707 0.0002696042 0.0000002367 0 0 0
3575496 0 156 0.4182451900 0.0005260946 0.0000006618 0 0 0
3580925 0 187 0.3618401023 0.0002035096 0.0000001145 0 0 0
3584139 0 171 0.5247183622 0.0005797993 0.0000006407 0 0 0
3584981 0 203 0.1070826745 0.0001271766 0.0000001510 0 0 0
3586713 0 171 0.0667647290 0.0000385478 0.0000000223 0 0 0
3587477 0 156 0.3047430526 0.0003988783 0.0000005221 0 0 0
3588476 0 171 0.4835144833 0.0004839985 0.0000004845 0 0 0
3590519 0 172 0.2372491326 0.0001161278 0.0000000568 0 0 0
3592500 0 156 0.4739297596 0.0006076023 0.0000007790 0 0 0
3597773 0 172 0.1222220525 0.0000231788 0.0000000044 0 0 0
3601720 2 593 0.3018234352 0.0001572816 0.0000000820 156 312 125
3607430 0 187 0.1842731367 0.0000468769 0.0000000119 0 0 0
3609224 0 171 0.2683547104 0.0001495846 0.0000000834 0 0 0
3610456 0 156 0.2436657617 0.0001977807 0.0000001605 0 0 0
3612328 2 765 0.1529678378 0.0000817136 0.0000000437 187 437 141
3616883 3 188 0.1369156597 0.0000300583 0.0000000066 0 0 0
3617757 0 203 0.6071735141 0.0006947065 0.0000007949 0 0 0
3618865 3 187 0.5246858106 0.0004735432 0.0000004274 0 0 0
3619567 0 156 0.5128910937 0.0007306141 0.0000010408 0 0 0
3621610 0 203 0.2261869150 0.0001107131 0.0000000542 0 0 0
3622718 0 156 0.0248240489 0.0000224044 0.0000000202 0 0 0
3624184 0 172 0.5627080362 0.0003838390 0.0000002618 0 0 0
3625651 3 140 0.3894175639 0.0002654516 0.0000001809 0 0 0
3626322 0 171 0.1586409929 0.0002364247 0.0000003523 0 0 0
3631782 2 811 0.0668440390 0.0000329606 0.0000000163 156 483 172
3634496 0 156 0.1288384489 0.0001423629 0.0000001573 0 0 0
3635947 0 156 0.0717605547 0.0000494559 0.0000000341 0 0 0
3638599 0 156 0.2058283109 0.0000776125 0.0000000293 0 0 0
3640393 3 140 0.3491386164 0.0001946146 0.0000001085 0 0 0
3641048 0 156 0.3271904422 0.0004995274 0.0000007626 0 0 0
3643248 3 156 0.4503807229 0.0007594953 0.0000012808 0 0 0
3644324 3 109 0.5207582070 0.0004839760 0.0000004498 0 0 0
3646477 3 171 0.3328530072 0.0002199954 0.0000001454 0 0 0
3647226 0 187 0.4515911474 0.0006029254 0.0000008050 0 0 0
3648442 0 188 0.0300720732 0.0000247303 0.0000000203 0 0 0
3650502 0 202 0.4464941063 0.0004268586 0.0000004081 0 0 0
3651765 0 172 0.3932815806 0.0003113868 0.0000002465 0 0 0
3653606 0 172 0.4359089638 0.0002367784 0.0000001286 0 0 0
3654994 3 188 0.5271272730 0.0003797747 0.0000002736 0 0 0
3655775 3 171 0.6849200153 0.0008769783 0.0000011229 0 0 0
3658957 0 156 0.0239603535 0.0000143561 0.0000000086 0 0 0
3660018 2 702 0.0013329063 0.0000012563 0.0000000012 156 374 172
3662280 3 156 0.0628915112 0.0000278035 0.0000000123 0 0 0
3664838 3 187 0.0024979184 0.0000020799 0.0000000017 0 0 0
3666071 3 171 0.4495241986 0.0003645776 0.0000002957 0 0 0
3667131 0 172 0.5956174384 0.0005619032 0.0000005301 0 0 0
3668411 0 171 0.3740215273 0.0002922043 0.0000002283 0 0 0
3670329 0 172 0.4999198666 0.0006164240 0.0000007601 0 0 0
3671983 3 140 0.2533325887 0.0001531636 0.0000000926 0 0 0
3672935 0 171 0.5955128929 0.0006255388 0.0000006571 0 0 0
3690672 0 203 0.2883039008 0.0000713447 0.0000000177 0 0 0
3710999 0 171 0.3042031490 0.0000435260 0.0000000062 0 0 0
3712668 0 156 0.0405557422 0.0000242994 0.0000000146 0 0 0
3713994 0 172 0.0033289695 0.0000025105 0.0000000019 0 0 0
3719033 0 156 0.0117271269 0.0000081722 0.0000000057 0 0 0
3720265 0 203 0.0000000000 0.0000000000 0.0000000000 0 0 0
3724009 0 156 0.2688044994 0.0002428225 0.0000002194 0 0 0
3725133 0 156 0.0188991465 0.0000168142 0.0000000150 0 0 0
3726739 0 156 0.1365546757 0.0000850278 0.0000000529 0 0 0
3729423 0 171 0.4099167291 0.0002951164 0.0000002125 0 0 0
3731622 0 172 0.2238034384 0.0001017751 0.0000000463 0 0 0
3733666 0 187 0.0337921075 0.0000165323 0.0000000081 0 0 0
3735288 0 203 0.2221674113 0.0001369713 0.0000000844 0 0 0
3737004 0 172 0.4612517841 0.0005687445 0.0000007013 0 0 0
3747955 0 203 0.0302322683 0.0000095945 0.0000000030 0 0 0
3748767 3 124 0.4497691123 0.0005539028 0.0000006821 0 0 0
3749672 2 670 0.5233456635 0.0005782825 0.0000006390 187 312 171
3751388 0 187 0.0243468950 0.0000141882 0.0000000083 0 0 0
3755054 0 156 0.2234391981 0.0000609490 0.0000000166 0 0 0
3759047 0 156 0.1386539608 0.0000347243 0.0000000087 0 0 0
3763524 3 156 0.1244103692 0.0001697277 0.0000002316 0 0 0
3764835 0 171 0.2920444585 0.0002227647 0.0000001699 0 0 0
3766395 0 171 0.0132373600 0.0000084855 0.0000000054 0 0 0
3769359 0 171 0.1784102757 0.0000601924 0.0000000203 0 0 0
3770076 0 156 0.0934449093 0.0001303276 0.0000001818 0 0 0
3772479 0 156 0.1089319219 0.0000453316 0.0000000189 0 0 0
3773493 0 187 0.1328509474 0.0001310167 0.0000001292 0 0 0
3775833 2 671 0.0666617025 0.0000284879 0.0000000122 171 390 110
3777408 3 172 0.2319381498 0.0001472623 0.0000000935 0 0 0
3777954 3 156 0.3781317422 0.0006925490 0.0000012684 0 0 0
3778656 3 188 0.4746095275 0.0006760819 0.0000009631 0 0 0
3780575 2 734 0.2766930210 0.0001441860 0.0000000751 188 374 172
3782057 3 141 0.3177238395 0.0002143886 0.0000001447 0 0 0
3782853 0 203 0.7453603805 0.0009363824 0.0000011764 0 0 0
3784288 3 141 0.0922777543 0.0000643051 0.0000000448 0 0 0
3784865 0 172 0.4861090997 0.0008424768 0.0000014601 0 0 0
3787346 3 156 0.0641728220 0.0000258657 0.0000000104 0 0 0
3788126 2 671 0.3798292547 0.0004869606 0.0000006243 125 390 156
3789623 3 172 0.1913643951 0.0001278319 0.0000000854 0 0 0
3791012 0 171 0.3350535785 0.0002412193 0.0000001737 0 0 0
3799467 0 172 0.4646652451 0.0000549575 0.0000000065 0 0 0
3801355 0 156 0.2438843075 0.0001291760 0.0000000684 0 0 0
3807563 0 188 0.4290046223 0.0000691051 0.0000000111 0 0 0
3820855 4 39328 0.0000000000 0.0000000000 0.0000000000 0 0 0
3861540 0 156 0.0128620382 0.0000003161 0.0000000000 0 0 0
3871524 3 1794 0.2068600501 0.0000207192 0.0000000021 0 0 0
3874301 0 203 0.1457966196 0.0000525015 0.0000000189 0 0 0
3950226 3 1358 0.0660051208 0.0000008693 0.0000000000 0 0 0
3979383 4 5756 0.0000000000 0.0000000000 0.0000000000 0 0 0
3987916 3 2200 0.1582105965 0.0000185410 0.0000000022 0 0 0
4013095 4 26910 0.0000000000 0.0000000000 0.0000000000 0 0 0
4042064 0 203 0.0311307039 0.0000010746 0.0000000000 0 0 0
4047228 0 187 0.1715376382 0.0000879680 0.0000000451 0 0 0
4060020 4 200336 0.0000000000 0.0000000000 0.0000000000 0 0 0
4272166 0 171 0.0311290442 0.0000048548 0.0000000008 0 0 0
4279841 0 203 0.0372557638 0.0000048542 0.0000000006 0 0 0
4282602 0 156 0.0143396708 0.0000051937 0.0000000019 0 0 0
4291510 0 171 0.0183402926 0.0000045386 0.0000000011 0 0 0
4305846 0 203 0.0351194906 0.0000070352 0.0000000014 0 0 0
4314270 0 172 0.0047393365 0.0000011822 0.0000000003 0 0 0
4320963 0 203 0.0129874950 0.0000019405 0.0000000003 0 0 0
4328810 0 187 0.0010722841 0.0000001366 0.0000000000 0 0 0
4334301 0 203 0.0486509272 0.0000088601 0.0000000016 0 0 0
4335440 0 156 0.0000000000 0.0000000000 0.0000000000 0 0 0
4362412 0 156 0.0227313558 0.0000029087 0.0000000004 0 0 0
4367701 0 171 0.0260205769 0.0000049198 0.0000000009 0 0 0
4371211 0 171 0.0387452189 0.0000110385 0.0000000031 0 0 0
4375766 0 187 0.0188432608 0.0000041368 0.0000000009 0 0 0
4381507 0 203 0.0084256455 0.0000014676 0.0000000003 0 0 0
4396108 0 188 0.0473659778 0.0000081623 0.0000000014 0 0 0
4403269 0 203 0.0721839953 0.0000262870 0.0000000096 0 0 0
4407996 0 171 0.0252377051 0.0000053391 0.0000000011 0 0 0
4410991 0 172 0.0167211469 0.0000055830 0.0000000019 0 0 0
4418666 0 187 0.0020846906 0.0000002716 0.0000000000 0 0 0
4423221 0 203 0.0013172338 0.0000002892 0.0000000001 0 0 0
4426185 0 188 0.0056197214 0.0000018960 0.0000000006 0 0 0
4430210 0 187 0.0340731910 0.0000084654 0.0000000021 0 0 0
4436185 0 172 0.1841925556 0.0000308272 0.0000000052 0 0 0
4441208 0 156 0.2300649495 0.0000458023 0.0000000091 0 0 0
4443782 0 156 0.0188768445 0.0000178083 0.0000000168 0 0 0
4452534 0 172 0.0574869784 0.0000065684 0.0000000008 0 0 0
4456512 0 187 0.0853898792 0.0000214655 0.0000000054 0 0 0
4463828 0 188 0.0418478714 0.0000057200 0.0000000008 0 0 0
4466309 0 187 0.0012091898 0.0000004874 0.0000000002 0 0 0
4468493 0 172 0.0027472527 0.0000012579 0.0000000006 0 0 0
4473391 0 188 0.0465720999 0.0000095084 0.0000000019 0 0 0
4478680 0 171 0.0000000000 0.0000000000 0.0000000000 0 0 0
4491924 0 156 0.0658312315 0.0000187553 0.0000000053 0 0 0
4497025 0 156 0.0513436885 0.0000100654 0.0000000020 0 0 0
4507290 0 172 0.0454966171 0.0000129068 0.0000000037 0 0 0
4513218 0 188 0.0600879507 0.0000101363 0.0000000017 0 0 0
4533967 0 171 0.0204843276 0.0000066314 0.0000000021 0 0 0
4551127 0 156 0.0250610709 0.0000055007 0.0000000012 0 0 0
4558755 0 156 0.0052443176 0.0000012270 0.0000000003 0 0 0
4563420 0 202 0.0019292605 0.0000004136 0.0000000001 0 0 0
4573606 0 188 0.0516623812 0.0000050719 0.0000000005 0 0 0
4582904 0 187 0.0235200194 0.0000025296 0.0000000003 0 0 0
4589612 0 172 0.0082343572 0.0000012275 0.0000000002 0 0 0
4595696 0 172 0.0057245935 0.0000009409 0.0000000002 0 0 0
4602373 0 172 0.0461679954 0.0000069145 0.0000000010 0 0 0
4606242 0 171 0.0046523650 0.0000012025 0.0000000003 0 0 0
4613948 0 156 0.0299276293 0.0000038837 0.0000000005 0 0 0
4615430 0 187 0.0000000000 0.0000000000 0.0000000000 0 0 0
4624619 0 203 0.0720519093 0.0000607520 0.0000000512 0 0 0
4635149 0 203 0.0593811014 0.0000056392 0.0000000005 0 0 0
4639626 0 187 0.0026803663 0.0000005987 0.0000000001 0 0 0
4644821 0 171 0.0768565491 0.0000147943 0.0000000028 0 0 0
4653713 0 187 0.0486678178 0.0000054732 0.0000000006 0 0 0
4663822 0 187 0.0840982973 0.0000203431 0.0000000049 0 0 0
4666084 0 171 0.0318002892 0.0000140585 0.0000000062 0 0 0
4669719 0 187 0.0101762599 0.0000027995 0.0000000008 0 0 0
4675600 0 187 0.0021510426 0.0000003658 0.0000000001 0 0 0
4683540 0 156 0.0042083392 0.0000005300 0.0000000001 0 0 0
4692230 0 187 0.0360223084 0.0000041453 0.0000000005 0 0 0
4695272 0 187 0.0029585799 0.0000009726 0.0000000003 0 0 0
4698392 0 156 0.0269765500 0.0000086463 0.0000000028 0 0 0
4713040 0 172 0.0348578780 0.0000028610 0.0000000002 0 0 0
4717705 0 187 0.0193153981 0.0000041405 0.0000000009 0 0 0
4732150 0 187 0.0209463817 0.0000041063 0.0000000008 0 0 0
4739139 0 203 0.0126931198 0.0000018162 0.0000000003 0 0 0
4743070 0 172 0.0147214715 0.0000037450 0.0000000010 0 0 0
4763444 0 156 0.0368346398 0.0000065589 0.0000000012 0 0 0
4770542 0 172 0.0149277849 0.0000021031 0.0000000003 0 0 0
4773210 0 171 0.0044977511 0.0000016858 0.0000000006 0 0 0
4777375 0 187 0.0601347811 0.0000144381 0.0000000035 0 0 0
4782554 0 172 0.0323992613 0.0000062559 0.0000000012 0 0 0
4786829 0 171 0.0262374262 0.0000061374 0.0000000014 0 0 0
4797234 0 203 0.0930807362 0.0000089458 0.0000000009 0 0 0
4799465 0 187 0.0093359153 0.0000041846 0.0000000019 0 0 0
4810853 0 187 0.0252400458 0.0000034131 0.0000000005 0 0 0
4811867 0 171 0.0000000000 0.0000000000 0.0000000000 0 0 0
4820026 0 202 0.3236528588 0.0000733076 0.0000000166 0 0 0
4821196 0 156 0.0302434385 0.0000258491 0.0000000221 0 0 0
4828668 0 172 0.0837201530 0.0000112045 0.0000000015 0 0 0
4837248 0 172 0.0008665511 0.0000007509 0.0000000007 0 0 0
4840072 0 187 0.0747235542 0.0000264602 0.0000000094 0 0 0
4850227 0 188 0.0374906675 0.0000062589 0.0000000010 0 0 0
4852911 0 171 0.0261503728 0.0000097431 0.0000000036 0 0 0
4854018 0 172 0.0000000000 0.0000000000 0.0000000000 0 0 0
4860024 0 172 0.0208031728 0.0000053769 0.0000000014 0 0 0
4869025 0 156 0.0272586627 0.0000030284 0.0000000003 0 0 0
4878542 0 156 0.0407557755 0.0000156392 0.0000000060 0 0 0
4881818 0 171 0.0175582305 0.0000053597 0.0000000016 0 0 0
4884095 0 187 0.0000000000 0.0000000000 0.0000000000 0 0 0
4887371 0 172 0.0328401342 0.0000100245 0.0000000031 0 0 0
4893627 0 156 0.0017016449 0.0000004826 0.0000000001 0 0 0
4901942 0 171 0.0162406846 0.0000033800 0.0000000007 0 0 0
4917682 0 156 0.0210246329 0.0000013357 0.0000000001 0 0 0
4921223 0 172 0.0112823622 0.0000031862 0.0000000009 0 0 0
4925139 0 156 0.0024040382 0.0000006139 0.0000000002 0 0 0
4933376 0 187 0.0065254081 0.0000012561 0.0000000002 0 0 0
4939944 0 156 0.0171200137 0.0000026066 0.0000000004 0 0 0
4950380 0 187 0.0145942934 0.0000029055 0.0000000006 0 0 0
4956339 0 187 0.0000000000 0.0000000000 0.0000000000 0 0 0
4959568 0 156 0.0122034433 0.0000037793 0.0000000012 0 0 0
4973390 0 172 0.1218110721 0.0000179503 0.0000000026 0 0 0
4978023 0 156 0.2312535493 0.0000499144 0.0000000108 0 0 0
4979271 0 156 0.0140053755 0.0000112223 0.0000000090 0 0 0
4989614 0 156 0.0190171958 0.0000065895 0.0000000023 0 0 0
4998600 0 187 0.1771378990 0.0000197127 0.0000000022 0 0 0
