95.4671532847 13.6071316074
90.0000000000 6.9282032303
255.6000000000 25.3345613737
81.0000000000 15.3101273672
90.4000000000 15.3961034031
84.2000000000 12.1556571192
0.2004998322 0.2074288656
0.0000744819 0.0000949140
0.0000000429 0.0000000727

14071 0 94 0.7600963873 0.0001972739 0.0000000512 0 0 0
18595 0 94 0.5101191638 0.0001127584 0.0000000249 0 0 0
26114 4 22932 0.0000000000 0.0000000000 0.0000000000 0 0 0
60325 4 12652 0.0000000000 0.0000000000 0.0000000000 0 0 0
73024 4 6583 0.0000000000 0.0000000000 0.0000000000 0 0 0
79623 4 6224 0.0000000000 0.0000000000 0.0000000000 0 0 0
93990 0 94 0.2773843295 0.0000485872 0.0000000085 0 0 0
106548 4 8971 0.0000000000 0.0000000000 0.0000000000 0 0 0
116080 4 10343 0.0000000000 0.0000000000 0.0000000000 0 0 0
134847 0 94 0.0000000000 0.0000000000 0.0000000000 0 0 0
151539 0 109 0.0000000000 0.0000000000 0.0000000000 0 0 0
170540 0 94 0.5558936072 0.0000669832 0.0000000081 0 0 0
178371 4 5258 0.0000000000 0.0000000000 0.0000000000 0 0 0
186561 4 6272 0.0000000000 0.0000000000 0.0000000000 0 0 0
207481 4 32776 0.0000000000 0.0000000000 0.0000000000 0 0 0
241193 4 6770 0.0000000000 0.0000000000 0.0000000000 0 0 0
248665 4 20390 0.0000000000 0.0000000000 0.0000000000 0 0 0
271239 4 6489 0.0000000000 0.0000000000 0.0000000000 0 0 0
281270 0 93 0.1380428030 0.0000137616 0.0000000014 0 0 0
282830 4 8673 0.0000000000 0.0000000000 0.0000000000 0 0 0
292190 0 78 0.0002136752 0.0000000228 0.0000000000 0 0 0
294062 4 93928 0.0000000000 0.0000000000 0.0000000000 0 0 0
391344 0 78 0.0757046494 0.0000225715 0.0000000067 0 0 0
392904 0 78 0.0251048171 0.0000160928 0.0000000103 0 0 0
396710 0 94 0.0166019213 0.0000043620 0.0000000011 0 0 0
408769 0 109 0.0718135083 0.0000063496 0.0000000006 0 0 0
409924 0 109 0.0388385066 0.0000336264 0.0000000291 0 0 0
410750 0 78 0.0514867118 0.0000623326 0.0000000755 0 0 0
411374 0 110 0.0613791075 0.0000983640 0.0000001576 0 0 0
415571 0 109 0.2106960199 0.0000643150 0.0000000196 0 0 0
422606 0 94 0.0781240831 0.0001044440 0.0000001396 0 0 0
423558 0 78 0.0486966109 0.0000511519 0.0000000537 0 0 0
425305 0 109 0.0497405800 0.0000284720 0.0000000163 0 0 0
442309 4 5367 0.0000000000 0.0000000000 0.0000000000 0 0 0
450265 4 8081 0.0000000000 0.0000000000 0.0000000000 0 0 0
465086 4 27799 0.0000000000 0.0000000000 0.0000000000 0 0 0
493119 0 78 0.0040329974 0.0000001439 0.0000000000 0 0 0
502541 0 78 0.4185648467 0.0000444242 0.0000000047 0 0 0
508563 4 13291 0.0000000000 0.0000000000 0.0000000000 0 0 0
535208 4 8065 0.0000000000 0.0000000000 0.0000000000 0 0 0
546814 0 94 0.0953653384 0.0000082169 0.0000000007 0 0 0
550683 0 94 1.0000539160 0.0002584787 0.0000000668 0 0 0
563117 0 93 0.0631463656 0.0000476217 0.0000000359 0 0 0
581010 0 109 0.6676596423 0.0002087741 0.0000000653 0 0 0
581649 0 94 0.0037781120 0.0000059125 0.0000000093 0 0 0
584317 1 94 0.5380858350 0.0002016813 0.0000000756 0 0 0
593506 4 11965 0.0000000000 0.0000000000 0.0000000000 0 0 0
606672 0 109 0.0252634937 0.0000019188 0.0000000001 0 0 0
606828 4 6162 0.0000000000 0.0000000000 0.0000000000 0 0 0
614051 0 94 0.0487581962 0.0000067504 0.0000000009 0 0 0
615954 0 94 0.2830656269 0.0001487470 0.0000000782 0 0 0
617811 2 265 0.0991269726 0.0000533802 0.0000000287 78 93 94
618076 4 8346 0.0000000000 0.0000000000 0.0000000000 0 0 0
640649 4 8284 0.0000000000 0.0000000000 0.0000000000 0 0 0
655750 4 8689 0.0000000000 0.0000000000 0.0000000000 0 0 0
701349 4 10140 0.0000000000 0.0000000000 0.0000000000 0 0 0
715124 0 78 0.0671906243 0.0000048777 0.0000000004 0 0 0
718556 3 1170 0.5212711888 0.0001518855 0.0000000443 0 0 0
721941 3 1045 0.1358605601 0.0000401361 0.0000000119 0 0 0
742346 0 94 0.5005779492 0.0001389337 0.0000000386 0 0 0
754155 4 6506 0.0000000000 0.0000000000 0.0000000000 0 0 0
762221 0 78 0.0784958240 0.0000097317 0.0000000012 0 0 0
771269 0 78 0.2547585836 0.0000281563 0.0000000031 0 0 0
776666 0 110 0.1259423720 0.0000342142 0.0000000093 0 0 0
786354 0 109 0.0604053599 0.0000062351 0.0000000006 0 0 0
796432 0 78 0.0719661269 0.0000071409 0.0000000007 0 0 0
800659 0 109 0.1456720927 0.0000344623 0.0000000082 0 0 0
804591 4 5678 0.0000000000 0.0000000000 0.0000000000 0 0 0
821782 4 5085 0.0000000000 0.0000000000 0.0000000000 0 0 0
832827 0 109 0.0532791025 0.0000048238 0.0000000004 0 0 0
835494 0 110 0.2291902740 0.0000859356 0.0000000322 0 0 0
838162 1 94 0.3360760078 0.0001259655 0.0000000472 0 0 0
848349 4 11622 0.0000000000 0.0000000000 0.0000000000 0 0 0
863715 0 94 0.3926490870 0.0001108865 0.0000000313 0 0 0
875696 0 109 0.1546731526 0.0000340690 0.0000000075 0 0 0
902746 0 94 0.3015118384 0.0000514087 0.0000000088 0 0 0
906100 4 23962 0.0000000000 0.0000000000 0.0000000000 0 0 0
931014 4 5491 0.0000000000 0.0000000000 0.0000000000 0 0 0
968236 0 78 0.1822046189 0.0000165430 0.0000000015 0 0 0
972370 0 93 0.1316849688 0.0000318541 0.0000000077 0 0 0
980123 4 16723 0.0000000000 0.0000000000 0.0000000000 0 0 0
1000465 0 110 0.0097657703 0.0000004801 0.0000000000 0 0 0
1027266 0 110 0.7036514314 0.0002349420 0.0000000784 0 0 0
1035550 0 78 0.0996569671 0.0000203465 0.0000000042 0 0 0
1039715 0 109 0.1065479046 0.0000255817 0.0000000061 0 0 0
1042835 4 6318 0.0000000000 0.0000000000 0.0000000000 0 0 0
1059371 0 78 0.1012761603 0.0000111932 0.0000000012 0 0 0
1060807 0 78 0.2984878993 0.0002078607 0.0000001447 0 0 0
1062788 0 93 0.1242647445 0.0000627283 0.0000000317 0 0 0
1075003 0 93 0.1074327288 0.0000315886 0.0000000093 0 0 0
1081570 3 858 0.0487963475 0.0000074305 0.0000000011 0 0 0
1082662 4 5648 0.0000000000 0.0000000000 0.0000000000 0 0 0
1092631 0 78 0.2107810883 0.0000912867 0.0000000395 0 0 0
1099339 2 249 0.2683171771 0.0001005687 0.0000000377 62 94 93
1099838 4 5429 0.0000000000 0.0000000000 0.0000000000 0 0 0
1108387 4 6583 0.0000000000 0.0000000000 0.0000000000 0 0 0
1123769 4 9594 0.0000000000 0.0000000000 0.0000000000 0 0 0
1135032 0 78 0.0642846947 0.0000057076 0.0000000005 0 0 0
1139571 0 110 0.5032948686 0.0001108823 0.0000000244 0 0 0
1141677 0 78 0.5189139897 0.0002463979 0.0000001170 0 0 0
1143565 1 78 0.3705352820 0.0001962581 0.0000001040 0 0 0
1154048 1 94 0.1577283769 0.0000518502 0.0000000170 0 0 0
1155343 0 78 0.2630184977 0.0002031031 0.0000001568 0 0 0
1162504 0 93 0.0655486724 0.0000091536 0.0000000013 0 0 0
1171661 0 78 0.1422031997 0.0001199015 0.0000001011 0 0 0
1173236 0 110 0.7368228744 0.0004678240 0.0000002970 0 0 0
1187464 0 93 0.1384445427 0.0000295822 0.0000000063 0 0 0
1190880 4 5445 0.0000000000 0.0000000000 0.0000000000 0 0 0
1205076 2 250 0.0796739203 0.0000056124 0.0000000004 78 109 63
1205326 4 9781 0.0000000000 0.0000000000 0.0000000000 0 0 0
1220162 0 78 0.2012002769 0.0000611179 0.0000000186 0 0 0
1220240 4 5569 0.0000000000 0.0000000000 0.0000000000 0 0 0
1247852 0 93 0.8636031070 0.0002355710 0.0000000643 0 0 0
1254435 0 94 0.3566773665 0.0001160681 0.0000000378 0 0 0
1258709 4 7395 0.0000000000 0.0000000000 0.0000000000 0 0 0
1270425 0 109 0.0148831926 0.0000069128 0.0000000032 0 0 0
1282078 0 94 0.2559181065 0.0000422865 0.0000000070 0 0 0
1286166 0 93 0.4304474628 0.0001052954 0.0000000258 0 0 0
1305744 0 109 0.1072895657 0.0000183401 0.0000000031 0 0 0
1361171 0 109 0.1152933984 0.0000458971 0.0000000183 0 0 0
1364057 4 25584 0.0000000000 0.0000000000 0.0000000000 0 0 0
1405272 0 94 0.1673332636 0.0000254190 0.0000000039 0 0 0
1405366 4 7878 0.0000000000 0.0000000000 0.0000000000 0 0 0
1426223 0 110 0.3171580040 0.0001225021 0.0000000473 0 0 0
1431621 0 94 0.1755423360 0.0000325199 0.0000000060 0 0 0
1435833 0 94 0.1645050701 0.0000390563 0.0000000093 0 0 0
1436285 4 6630 0.0000000000 0.0000000000 0.0000000000 0 0 0
1450809 0 109 0.2890336579 0.0000430879 0.0000000064 0 0 0
1455536 0 109 0.2176796553 0.0000460503 0.0000000097 0 0 0
1462743 4 6927 0.0000000000 0.0000000000 0.0000000000 0 0 0
1500511 0 94 0.1910078886 0.0000225484 0.0000000027 0 0 0
1501229 0 93 0.0586672780 0.0000817093 0.0000001138 0 0 0
1501915 0 78 0.1576826938 0.0002298582 0.0000003351 0 0 0
1505207 0 93 0.0963209069 0.0000292591 0.0000000089 0 0 0
1507391 0 93 0.0651555756 0.0000622902 0.0000000596 0 0 0
1511509 0 94 0.0613754559 0.0000485565 0.0000000384 0 0 0
1512149 0 109 0.0527709174 0.0000824546 0.0000001288 0 0 0
1516017 0 78 0.0688953868 0.0001078175 0.0000001687 0 0 0
1516766 0 109 0.1566194332 0.0002091047 0.0000002792 0 0 0
1522882 0 109 0.0699842511 0.0000114428 0.0000000019 0 0 0
1524176 0 110 0.0413951368 0.0000319901 0.0000000247 0 0 0
1524800 0 78 0.0587233747 0.0000941080 0.0000001508 0 0 0
1531212 0 94 0.0388756632 0.0000226548 0.0000000132 0 0 0
1537249 0 109 0.0750104825 0.0000124251 0.0000000021 0 0 0
1543349 0 109 0.3918074062 0.0000642307 0.0000000105 0 0 0
1543458 4 5990 0.0000000000 0.0000000000 0.0000000000 0 0 0
1578511 4 44976 0.0000000000 0.0000000000 0.0000000000 0 0 0
1623502 4 111478 0.0000000000 0.0000000000 0.0000000000 0 0 0
1735105 4 133522 0.0000000000 0.0000000000 0.0000000000 0 0 0
1870701 0 78 0.0036070037 0.0000000266 0.0000000000 0 0 0
1873884 4 5600 0.0000000000 0.0000000000 0.0000000000 0 0 0
1889468 4 15476 0.0000000000 0.0000000000 0.0000000000 0 0 0
1911012 0 94 0.1712653885 0.0000079496 0.0000000004 0 0 0
1913414 4 17441 0.0000000000 0.0000000000 0.0000000000 0 0 0
1931651 0 94 0.0183851990 0.0000010081 0.0000000001 0 0 0
1932883 0 78 0.1270154470 0.0001030970 0.0000000837 0 0 0
1946986 0 109 0.1071763309 0.0000095158 0.0000000008 0 0 0
1947095 4 73352 0.0000000000 0.0000000000 0.0000000000 0 0 0
2021648 4 9064 0.0000000000 0.0000000000 0.0000000000 0 0 0
2031055 4 5803 0.0000000000 0.0000000000 0.0000000000 0 0 0
2038324 4 18081 0.0000000000 0.0000000000 0.0000000000 0 0 0
2057747 4 17674 0.0000000000 0.0000000000 0.0000000000 0 0 0
2076030 4 27596 0.0000000000 0.0000000000 0.0000000000 0 0 0
2107948 4 25459 0.0000000000 0.0000000000 0.0000000000 0 0 0
2141644 4 17238 0.0000000000 0.0000000000 0.0000000000 0 0 0
2160380 4 14648 0.0000000000 0.0000000000 0.0000000000 0 0 0
2183203 0 78 0.0763776984 0.0000033465 0.0000000001 0 0 0
2185605 0 78 0.5182437721 0.0002157551 0.0000000898 0 0 0
2185683 4 19641 0.0000000000 0.0000000000 0.0000000000 0 0 0
2212328 4 6287 0.0000000000 0.0000000000 0.0000000000 0 0 0
2222234 4 10327 0.0000000000 0.0000000000 0.0000000000 0 0 0
2233466 0 94 0.0599469819 0.0000053372 0.0000000005 0 0 0
2233591 4 7004 0.0000000000 0.0000000000 0.0000000000 0 0 0
2251983 4 6818 0.0000000000 0.0000000000 0.0000000000 0 0 0
2270298 4 7504 0.0000000000 0.0000000000 0.0000000000 0 0 0
2292778 4 72634 0.0000000000 0.0000000000 0.0000000000 0 0 0
2371184 4 5912 0.0000000000 0.0000000000 0.0000000000 0 0 0
2377174 4 10593 0.0000000000 0.0000000000 0.0000000000 0 0 0
2391729 0 94 0.0583962330 0.0000040121 0.0000000003 0 0 0
2393851 4 49577 0.0000000000 0.0000000000 0.0000000000 0 0 0
2446907 0 78 0.0563215782 0.0000010615 0.0000000000 0 0 0
2449855 4 17067 0.0000000000 0.0000000000 0.0000000000 0 0 0
2468887 0 125 0.0005254309 0.0000000276 0.0000000000 0 0 0
2474394 4 7004 0.0000000000 0.0000000000 0.0000000000 0 0 0
2484253 4 7754 0.0000000000 0.0000000000 0.0000000000 0 0 0
2492007 0 109 0.0000000000 0.0000000000 0.0000000000 0 0 0
2501663 4 19656 0.0000000000 0.0000000000 0.0000000000 0 0 0
2530086 0 94 0.1211070709 0.0000138140 0.0000000016 0 0 0
2531288 0 124 0.0672688465 0.0000559641 0.0000000466 0 0 0
2534064 0 110 0.0832541250 0.0000299907 0.0000000108 0 0 0
2538245 4 7878 0.0000000000 0.0000000000 0.0000000000 0 0 0
2550601 0 124 0.1018280408 0.0000082412 0.0000000007 0 0 0
2556170 0 109 0.3350786933 0.0001512771 0.0000000683 0 0 0
2556279 4 84942 0.0000000000 0.0000000000 0.0000000000 0 0 0
2644404 0 78 0.0067623982 0.0000000767 0.0000000000 0 0 0
2644482 4 7254 0.0000000000 0.0000000000 0.0000000000 0 0 0
2653358 0 78 0.0252073607 0.0000028399 0.0000000003 0 0 0
2666119 0 94 0.1404313588 0.0000110047 0.0000000009 0 0 0
2667648 2 296 0.4624276340 0.0003024380 0.0000001978 109 94 93
2673202 4 15615 0.0000000000 0.0000000000 0.0000000000 0 0 0
2688958 4 79061 0.0000000000 0.0000000000 0.0000000000 0 0 0
2772980 0 78 0.0243416651 0.0000002897 0.0000000000 0 0 0
2773058 4 9766 0.0000000000 0.0000000000 0.0000000000 0 0 0
2795928 0 124 0.1203820652 0.0000052638 0.0000000002 0 0 0
2802605 2 218 0.2113498385 0.0000316534 0.0000000047 78 62 78
2815459 4 5616 0.0000000000 0.0000000000 0.0000000000 0 0 0
2822073 0 110 0.0117466946 0.0000017760 0.0000000003 0 0 0
2827627 0 94 0.0107411251 0.0000019339 0.0000000003 0 0 0
2828438 0 94 0.0866837193 0.0001068850 0.0000001318 0 0 0
2830498 4 10342 0.0000000000 0.0000000000 0.0000000000 0 0 0
2846238 0 125 0.3536843463 0.0000655214 0.0000000121 0 0 0
2850996 4 152865 0.0000000000 0.0000000000 0.0000000000 0 0 0
3006123 0 94 0.0096915112 0.0000000625 0.0000000000 0 0 0
3009696 0 93 0.3921552842 0.0001097552 0.0000000307 0 0 0
3013315 0 109 0.4068831657 0.0001124297 0.0000000311 0 0 0
3013424 4 9875 0.0000000000 0.0000000000 0.0000000000 0 0 0
3025748 4 31762 0.0000000000 0.0000000000 0.0000000000 0 0 0
3060427 0 78 0.0783873857 0.0000022604 0.0000000001 0 0 0
3061909 4 7254 0.0000000000 0.0000000000 0.0000000000 0 0 0
3071737 0 94 0.1655617320 0.0000168459 0.0000000017 0 0 0
3079522 4 8830 0.0000000000 0.0000000000 0.0000000000 0 0 0
3089210 0 93 0.0971542272 0.0000100283 0.0000000010 0 0 0
3090832 0 78 0.4437462320 0.0002735797 0.0000001687 0 0 0
3093484 0 94 0.1278120387 0.0000481946 0.0000000182 0 0 0
3096261 0 93 0.6745274804 0.0002428979 0.0000000875 0 0 0
3107649 4 8268 0.0000000000 0.0000000000 0.0000000000 0 0 0
3123374 0 93 0.0576040822 0.0000036632 0.0000000002 0 0 0
3128116 4 7223 0.0000000000 0.0000000000 0.0000000000 0 0 0
3148147 4 47346 0.0000000000 0.0000000000 0.0000000000 0 0 0
3195524 4 16786 0.0000000000 0.0000000000 0.0000000000 0 0 0
3214042 4 6146 0.0000000000 0.0000000000 0.0000000000 0 0 0
3226958 4 33166 0.0000000000 0.0000000000 0.0000000000 0 0 0
3261419 4 14165 0.0000000000 0.0000000000 0.0000000000 0 0 0
3289562 4 67033 0.0000000000 0.0000000000 0.0000000000 0 0 0
3357297 0 94 0.0071503565 0.0000001056 0.0000000000 0 0 0
3364910 0 125 0.0806593799 0.0000105950 0.0000000014 0 0 0
3366985 4 5335 0.0000000000 0.0000000000 0.0000000000 0 0 0
3375846 0 125 0.0074695408 0.0000008430 0.0000000001 0 0 0
3377390 4 8050 0.0000000000 0.0000000000 0.0000000000 0 0 0
3385455 4 26053 0.0000000000 0.0000000000 0.0000000000 0 0 0
3422131 4 17067 0.0000000000 0.0000000000 0.0000000000 0 0 0
3448464 4 5039 0.0000000000 0.0000000000 0.0000000000 0 0 0
3457497 4 35537 0.0000000000 0.0000000000 0.0000000000 0 0 0
3493049 4 29329 0.0000000000 0.0000000000 0.0000000000 0 0 0
3522487 4 8034 0.0000000000 0.0000000000 0.0000000000 0 0 0
3531613 4 8424 0.0000000000 0.0000000000 0.0000000000 0 0 0
3552954 0 125 0.2803631201 0.0000131373 0.0000000006 0 0 0
3553578 4 8736 0.0000000000 0.0000000000 0.0000000000 0 0 0
3565512 4 6131 0.0000000000 0.0000000000 0.0000000000 0 0 0
3571736 4 8830 0.0000000000 0.0000000000 0.0000000000 0 0 0
3582360 0 78 0.5401565681 0.0004946489 0.0000004530 0 0 0
3584996 0 94 0.6455431581 0.0002448950 0.0000000929 0 0 0
3590254 0 93 0.1068229156 0.0001711906 0.0000002743 0 0 0
3592001 0 78 0.1797260885 0.0001028770 0.0000000589 0 0 0
3603794 0 94 0.4658989432 0.0002089233 0.0000000937 0 0 0
3605620 0 93 0.7926313473 0.0004340807 0.0000002377 0 0 0
3609348 0 78 0.6144233914 0.0003310471 0.0000001784 0 0 0
