100.9935483871 16.0098746844
nan nan
296.0000000000 0.0000000000
62.0000000000 0.0000000000
94.0000000000 0.0000000000
140.0000000000 0.0000000000
0.1876429730 0.1889922684
0.0000390278 0.0000953684
0.0000000217 0.0000001041

6911 0 93 0.5866246039 0.0000848827 0.0000000123 0 0 0
15506 4 13494 0.0000000000 0.0000000000 0.0000000000 0 0 0
33322 0 78 0.9335525817 0.0010880566 0.0000012681 0 0 0
34648 2 296 0.2868154262 0.0002163012 0.0000001631 62 94 140
61043 0 125 0.2727780040 0.0000103345 0.0000000004 0 0 0
61402 4 16239 0.0000000000 0.0000000000 0.0000000000 0 0 0
79576 0 93 0.1081846856 0.0000059527 0.0000000003 0 0 0
83866 0 93 0.2201249923 0.0000513112 0.0000000120 0 0 0
83959 4 14992 0.0000000000 0.0000000000 0.0000000000 0 0 0
106049 0 78 0.2044555002 0.0000092556 0.0000000004 0 0 0
110324 4 122523 0.0000000000 0.0000000000 0.0000000000 0 0 0
241895 4 12121 0.0000000000 0.0000000000 0.0000000000 0 0 0
256153 3 422 0.1325509078 0.0000092966 0.0000000007 0 0 0
256575 4 8782 0.0000000000 0.0000000000 0.0000000000 0 0 0
266605 0 78 0.1327905187 0.0000132393 0.0000000013 0 0 0
266683 4 7379 0.0000000000 0.0000000000 0.0000000000 0 0 0
284530 4 16801 0.0000000000 0.0000000000 0.0000000000 0 0 0
302595 4 15210 0.0000000000 0.0000000000 0.0000000000 0 0 0
318694 0 94 0.0118223788 0.0000007344 0.0000000000 0 0 0
333811 0 93 0.7111636234 0.0000470440 0.0000000031 0 0 0
335792 0 109 0.0698987098 0.0000352846 0.0000000178 0 0 0
355885 0 109 0.1166401121 0.0000058050 0.0000000003 0 0 0
365229 0 125 0.0000000000 0.0000000000 0.0000000000 0 0 0
366212 0 78 0.2018705491 0.0002053617 0.0000002089 0 0 0
378599 0 109 0.0127848316 0.0000018710 0.0000000003 0 0 0
381391 0 78 0.2582266096 0.0000924880 0.0000000331 0 0 0
387459 0 78 0.0078750568 0.0000012978 0.0000000002 0 0 0
389628 0 93 0.6155286378 0.0002837845 0.0000001308 0 0 0
403044 0 94 0.1029015000 0.0000076701 0.0000000006 0 0 0
425992 0 78 0.2026714622 0.0000088318 0.0000000004 0 0 0
431733 0 78 0.3415950810 0.0000595010 0.0000000104 0 0 0
435243 0 93 0.9380559271 0.0002672524 0.0000000761 0 0 0
448924 0 109 0.1766864145 0.0000129147 0.0000000009 0 0 0
460827 4 7098 0.0000000000 0.0000000000 0.0000000000 0 0 0
484726 0 125 0.2541347049 0.0000211850 0.0000000018 0 0 0
489546 4 23915 0.0000000000 0.0000000000 0.0000000000 0 0 0
517892 0 93 0.0914310352 0.0000032255 0.0000000001 0 0 0
526098 0 78 0.3828639213 0.0000466566 0.0000000057 0 0 0
546658 4 21419 0.0000000000 0.0000000000 0.0000000000 0 0 0
568421 4 20654 0.0000000000 0.0000000000 0.0000000000 0 0 0
590947 0 109 0.0123472564 0.0000005481 0.0000000000 0 0 0
602070 0 109 0.1314382579 0.0000118168 0.0000000011 0 0 0
606142 4 20405 0.0000000000 0.0000000000 0.0000000000 0 0 0
629526 0 125 0.0552950613 0.0000023647 0.0000000001 0 0 0
638403 4 11669 0.0000000000 0.0000000000 0.0000000000 0 0 0
654284 4 12558 0.0000000000 0.0000000000 0.0000000000 0 0 0
672317 4 5476 0.0000000000 0.0000000000 0.0000000000 0 0 0
681209 0 110 0.1007346055 0.0000113287 0.0000000013 0 0 0
682192 0 109 0.0647068384 0.0000658259 0.0000000670 0 0 0
692722 4 30998 0.0000000000 0.0000000000 0.0000000000 0 0 0
724203 4 14805 0.0000000000 0.0000000000 0.0000000000 0 0 0
754904 4 10265 0.0000000000 0.0000000000 0.0000000000 0 0 0
766932 0 109 0.0373109234 0.0000031020 0.0000000003 0 0 0
772314 4 32635 0.0000000000 0.0000000000 0.0000000000 0 0 0
807991 0 125 0.0163790804 0.0000004591 0.0000000000 0 0 0
822187 4 9345 0.0000000000 0.0000000000 0.0000000000 0 0 0
832140 4 19173 0.0000000000 0.0000000000 0.0000000000 0 0 0
854105 4 7800 0.0000000000 0.0000000000 0.0000000000 0 0 0
869113 4 6427 0.0000000000 0.0000000000 0.0000000000 0 0 0
876039 4 7129 0.0000000000 0.0000000000 0.0000000000 0 0 0
887068 4 6864 0.0000000000 0.0000000000 0.0000000000 0 0 0
900001 4 56831 0.0000000000 0.0000000000 0.0000000000 0 0 0
968064 0 125 0.0132215143 0.0000001943 0.0000000000 0 0 0
990185 0 125 0.2080461469 0.0000158947 0.0000000012 0 0 0
997408 4 8611 0.0000000000 0.0000000000 0.0000000000 0 0 0
1009326 4 6802 0.0000000000 0.0000000000 0.0000000000 0 0 0
1024583 4 11326 0.0000000000 0.0000000000 0.0000000000 0 0 0
1036158 4 23042 0.0000000000 0.0000000000 0.0000000000 0 0 0
1060198 4 11638 0.0000000000 0.0000000000 0.0000000000 0 0 0
1076843 4 38174 0.0000000000 0.0000000000 0.0000000000 0 0 0
1120461 0 78 0.0364612704 0.0000008359 0.0000000000 0 0 0
1126873 0 125 0.3410557163 0.0000531902 0.0000000083 0 0 0
1132957 0 109 0.3287143789 0.0000540293 0.0000000089 0 0 0
1135422 4 14867 0.0000000000 0.0000000000 0.0000000000 0 0 0
1150975 0 94 0.0085061554 0.0000005469 0.0000000000 0 0 0
1157574 0 94 0.3580612910 0.0001334556 0.0000000497 0 0 0
1179508 0 109 0.1580948530 0.0000072078 0.0000000003 0 0 0
1179617 4 5647 0.0000000000 0.0000000000 0.0000000000 0 0 0
1199367 4 6973 0.0000000000 0.0000000000 0.0000000000 0 0 0
1210614 4 8222 0.0000000000 0.0000000000 0.0000000000 0 0 0
1219272 4 6318 0.0000000000 0.0000000000 0.0000000000 0 0 0
1226214 4 7629 0.0000000000 0.0000000000 0.0000000000 0 0 0
1236729 4 6396 0.0000000000 0.0000000000 0.0000000000 0 0 0
1246729 0 93 0.4123258068 0.0000412326 0.0000000041 0 0 0
1254763 0 93 0.2406357507 0.0000299522 0.0000000037 0 0 0
1261081 0 109 0.0110465997 0.0000017484 0.0000000003 0 0 0
1261814 0 93 0.0286493861 0.0000390851 0.0000000533 0 0 0
1262516 0 93 0.0358985653 0.0000511376 0.0000000728 0 0 0
1263374 0 109 0.0303030303 0.0000353182 0.0000000412 0 0 0
1264091 0 94 0.0432357043 0.0000603008 0.0000000841 0 0 0
1264887 0 78 0.0624183130 0.0000784150 0.0000000985 0 0 0
1269817 0 78 0.0437122583 0.0000354520 0.0000000288 0 0 0
1271018 0 93 0.0392320627 0.0000326662 0.0000000272 0 0 0
1271782 0 94 0.0314136126 0.0000411173 0.0000000538 0 0 0
1272984 0 124 0.0431048511 0.0000358609 0.0000000298 0 0 0
1273748 0 109 0.0370426218 0.0000484851 0.0000000635 0 0 0
1274466 0 93 0.0403899721 0.0000562534 0.0000000783 0 0 0
1275277 0 93 0.0245207762 0.0000302352 0.0000000373 0 0 0
1276400 0 125 0.0408754919 0.0000363985 0.0000000324 0 0 0
1284777 0 78 0.0089843895 0.0000010725 0.0000000001 0 0 0
1288381 0 93 0.0091564928 0.0000025406 0.0000000007 0 0 0
1292047 0 78 0.0373842214 0.0000165271 0.0000000073 0 0 0
1292655 0 94 0.0363119856 0.0000597237 0.0000000982 0 0 0
1294090 0 110 0.0160278746 0.0000111693 0.0000000078 0 0 0
1296087 0 78 0.0142284495 0.0000071249 0.0000000036 0 0 0
1297476 0 124 0.0138488610 0.0000099704 0.0000000072 0 0 0
1300954 0 94 0.0310518110 0.0000331750 0.0000000354 0 0 0
1303232 0 94 0.0096575944 0.0000042395 0.0000000019 0 0 0
1306415 0 109 0.0108860451 0.0000034201 0.0000000011 0 0 0
1309113 0 125 0.0568525304 0.0000210721 0.0000000078 0 0 0
1310829 0 78 0.0406779086 0.0000237051 0.0000000138 0 0 0
1316664 0 109 0.0107443015 0.0000029689 0.0000000008 0 0 0
1320361 0 94 0.2033521186 0.0000550046 0.0000000149 0 0 0
1328832 0 109 0.0708559420 0.0000083645 0.0000000010 0 0 0
1334916 4 8003 0.0000000000 0.0000000000 0.0000000000 0 0 0
1344806 4 13588 0.0000000000 0.0000000000 0.0000000000 0 0 0
1365633 0 109 0.0433017374 0.0000020791 0.0000000001 0 0 0
1395647 0 78 0.1833707600 0.0000061095 0.0000000002 0 0 0
1411013 4 5055 0.0000000000 0.0000000000 0.0000000000 0 0 0
1429406 0 78 0.5803128780 0.0000315507 0.0000000017 0 0 0
1435162 0 109 0.3826285234 0.0000664747 0.0000000115 0 0 0
1437799 0 93 0.1247023813 0.0000472895 0.0000000179 0 0 0
1461542 4 7036 0.0000000000 0.0000000000 0.0000000000 0 0 0
1468593 4 5616 0.0000000000 0.0000000000 0.0000000000 0 0 0
1507843 0 109 0.2540868028 0.0000064735 0.0000000002 0 0 0
1533427 0 125 0.1061350981 0.0000041485 0.0000000002 0 0 0
1546531 4 9563 0.0000000000 0.0000000000 0.0000000000 0 0 0
1556110 4 5397 0.0000000000 0.0000000000 0.0000000000 0 0 0
1563816 0 125 0.1673676981 0.0000217191 0.0000000028 0 0 0
1586842 4 9672 0.0000000000 0.0000000000 0.0000000000 0 0 0
1606560 4 31715 0.0000000000 0.0000000000 0.0000000000 0 0 0
1652409 0 125 0.0621342902 0.0000013552 0.0000000000 0 0 0
1657869 4 7566 0.0000000000 0.0000000000 0.0000000000 0 0 0
1677057 4 5086 0.0000000000 0.0000000000 0.0000000000 0 0 0
1708211 0 109 0.3458096513 0.0000761695 0.0000000168 0 0 0
1722360 0 94 0.3155189894 0.0000222997 0.0000000016 0 0 0
1732344 0 125 0.2833709049 0.0000283825 0.0000000028 0 0 0
1748787 0 109 0.0781249963 0.0000047513 0.0000000003 0 0 0
1754356 0 93 0.1829902878 0.0000328587 0.0000000059 0 0 0
1780127 0 78 0.2662192819 0.0000103302 0.0000000004 0 0 0
1785774 4 6240 0.0000000000 0.0000000000 0.0000000000 0 0 0
1797225 4 5476 0.0000000000 0.0000000000 0.0000000000 0 0 0
1802747 4 5913 0.0000000000 0.0000000000 0.0000000000 0 0 0
1816351 4 6676 0.0000000000 0.0000000000 0.0000000000 0 0 0
1823043 4 6037 0.0000000000 0.0000000000 0.0000000000 0 0 0
1833089 0 125 0.1076492882 0.0000107156 0.0000000011 0 0 0
1838128 0 94 0.5812407701 0.0001153484 0.0000000229 0 0 0
1876458 0 93 0.3248225877 0.0000127117 0.0000000005 0 0 0
1881450 0 109 0.4217682313 0.0000844888 0.0000000169 0 0 0
1892807 0 124 0.2345809552 0.0000206552 0.0000000018 0 0 0
1918952 0 125 0.2493265067 0.0000095363 0.0000000004 0 0 0
1941947 0 125 0.9100245128 0.0000665904 0.0000000049 0 0 0
1982070 4 6896 0.0000000000 0.0000000000 0.0000000000 0 0 0
1993989 4 10733 0.0000000000 0.0000000000 0.0000000000 0 0 0
2004847 4 7987 0.0000000000 0.0000000000 0.0000000000 0 0 0
2012849 4 11685 0.0000000000 0.0000000000 0.0000000000 0 0 0
2024550 4 6318 0.0000000000 0.0000000000 0.0000000000 0 0 0
2033722 4 6786 0.0000000000 0.0000000000 0.0000000000 0 0 0
2052864 0 109 0.2317252342 0.0000260132 0.0000000029 0 0 0
2061959 4 6567 0.0000000000 0.0000000000 0.0000000000 0 0 0
2120865 0 93 0.1274520649 0.0000052036 0.0000000002 0 0 0
2132003 0 125 0.1441941638 0.0000129461 0.0000000012 0 0 0
2187368 4 5335 0.0000000000 0.0000000000 0.0000000000 0 0 0
2200862 0 93 0.4986064501 0.0000369502 0.0000000027 0 0 0
2218116 0 93 0.3699885160 0.0000271034 0.0000000020 0 0 0
2218209 4 6739 0.0000000000 0.0000000000 0.0000000000 0 0 0
2225791 0 78 0.0222238974 0.0000029311 0.0000000004 0 0 0
2236664 0 94 0.1270523636 0.0000116851 0.0000000011 0 0 0
2246258 0 78 0.1311794665 0.0000136731 0.0000000014 0 0 0
2279830 4 5054 0.0000000000 0.0000000000 0.0000000000 0 0 0
2288222 0 110 0.0559421081 0.0000066661 0.0000000008 0 0 0
2288332 4 5912 0.0000000000 0.0000000000 0.0000000000 0 0 0
2302731 0 124 0.1961900139 0.0000136253 0.0000000009 0 0 0
2302855 4 6053 0.0000000000 0.0000000000 0.0000000000 0 0 0
2318065 0 125 0.1888923969 0.0000124190 0.0000000008 0 0 0
2322231 0 93 0.1111251266 0.0000266743 0.0000000064 0 0 0
2337566 0 93 0.0428116377 0.0000027918 0.0000000002 0 0 0
2349546 4 22870 0.0000000000 0.0000000000 0.0000000000 0 0 0
2379779 0 78 0.0659780896 0.0000021823 0.0000000001 0 0 0
2397330 0 93 0.2922985318 0.0000224379 0.0000000017 0 0 0
2403507 0 109 0.1328663132 0.0000215098 0.0000000035 0 0 0
2406908 4 6521 0.0000000000 0.0000000000 0.0000000000 0 0 0
2416096 0 94 0.0619261443 0.0000067399 0.0000000007 0 0 0
2417968 0 94 0.1237864281 0.0000661252 0.0000000353 0 0 0
2432867 0 78 0.0967324340 0.0000064925 0.0000000004 0 0 0
2437765 0 94 0.8246802559 0.0001683708 0.0000000344 0 0 0
2444504 0 94 0.5760695919 0.0000854829 0.0000000127 0 0 0
2444598 4 5538 0.0000000000 0.0000000000 0.0000000000 0 0 0
2494939 4 5772 0.0000000000 0.0000000000 0.0000000000 0 0 0
2501148 4 8627 0.0000000000 0.0000000000 0.0000000000 0 0 0
2518371 0 93 0.2084204250 0.0000121013 0.0000000007 0 0 0
2533347 4 5226 0.0000000000 0.0000000000 0.0000000000 0 0 0
2544516 4 5507 0.0000000000 0.0000000000 0.0000000000 0 0 0
2554017 4 6833 0.0000000000 0.0000000000 0.0000000000 0 0 0
2571161 4 9641 0.0000000000 0.0000000000 0.0000000000 0 0 0
2593314 4 6770 0.0000000000 0.0000000000 0.0000000000 0 0 0
2604202 4 12808 0.0000000000 0.0000000000 0.0000000000 0 0 0
2617119 4 7379 0.0000000000 0.0000000000 0.0000000000 0 0 0
2634997 0 109 0.2659114607 0.0000301145 0.0000000034 0 0 0
2635106 4 10156 0.0000000000 0.0000000000 0.0000000000 0 0 0
2648694 4 36707 0.0000000000 0.0000000000 0.0000000000 0 0 0
2685495 4 29577 0.0000000000 0.0000000000 0.0000000000 0 0 0
2738956 4 8003 0.0000000000 0.0000000000 0.0000000000 0 0 0
2760687 4 33088 0.0000000000 0.0000000000 0.0000000000 0 0 0
2794336 4 16864 0.0000000000 0.0000000000 0.0000000000 0 0 0
2814648 4 8252 0.0000000000 0.0000000000 0.0000000000 0 0 0
2825583 4 11888 0.0000000000 0.0000000000 0.0000000000 0 0 0
2839982 0 110 0.1184450399 0.0000082259 0.0000000006 0 0 0
2844054 4 14040 0.0000000000 0.0000000000 0.0000000000 0 0 0
2867797 4 13448 0.0000000000 0.0000000000 0.0000000000 0 0 0
2922257 4 5913 0.0000000000 0.0000000000 0.0000000000 0 0 0
2936672 4 23837 0.0000000000 0.0000000000 0.0000000000 0 0 0
2963286 4 8626 0.0000000000 0.0000000000 0.0000000000 0 0 0
2973566 4 12277 0.0000000000 0.0000000000 0.0000000000 0 0 0
2986732 4 15242 0.0000000000 0.0000000000 0.0000000000 0 0 0
3010897 0 125 0.0659673689 0.0000027299 0.0000000001 0 0 0
3023705 4 5351 0.0000000000 0.0000000000 0.0000000000 0 0 0
3030226 4 7566 0.0000000000 0.0000000000 0.0000000000 0 0 0
3037823 4 8502 0.0000000000 0.0000000000 0.0000000000 0 0 0
3047651 0 125 0.0970957408 0.0000098795 0.0000000010 0 0 0
3047776 4 11700 0.0000000000 0.0000000000 0.0000000000 0 0 0
3093047 0 94 0.2579575068 0.0000079269 0.0000000002 0 0 0
3108803 4 6506 0.0000000000 0.0000000000 0.0000000000 0 0 0
3117820 0 109 0.1170909241 0.0000129856 0.0000000014 0 0 0
3120316 4 6131 0.0000000000 0.0000000000 0.0000000000 0 0 0
3140019 0 94 0.1326277026 0.0000067313 0.0000000003 0 0 0
3160518 0 78 0.2202760770 0.0000107457 0.0000000005 0 0 0
3164449 0 93 0.3348832108 0.0000851903 0.0000000217 0 0 0
3168302 0 94 0.3220340525 0.0000835801 0.0000000217 0 0 0
3174792 0 93 0.1140353677 0.0000175709 0.0000000027 0 0 0
3180158 0 94 0.1034204505 0.0000192733 0.0000000036 0 0 0
3180252 4 13478 0.0000000000 0.0000000000 0.0000000000 0 0 0
3198769 0 109 0.2114405052 0.0000114187 0.0000000006 0 0 0
3203917 4 9953 0.0000000000 0.0000000000 0.0000000000 0 0 0
3262043 0 125 0.1625760180 0.0000147194 0.0000000013 0 0 0
3262168 4 5990 0.0000000000 0.0000000000 0.0000000000 0 0 0
3284133 0 125 0.2320062550 0.0000105625 0.0000000005 0 0 0
3284258 4 11700 0.0000000000 0.0000000000 0.0000000000 0 0 0
3304538 4 19515 0.0000000000 0.0000000000 0.0000000000 0 0 0
3329498 4 6848 0.0000000000 0.0000000000 0.0000000000 0 0 0
3372991 4 5382 0.0000000000 0.0000000000 0.0000000000 0 0 0
3383880 0 93 0.0161437389 0.0000014826 0.0000000001 0 0 0
3383973 4 6147 0.0000000000 0.0000000000 0.0000000000 0 0 0
3401321 4 6661 0.0000000000 0.0000000000 0.0000000000 0 0 0
3408731 0 109 0.0324695659 0.0000043819 0.0000000006 0 0 0
3414487 4 6084 0.0000000000 0.0000000000 0.0000000000 0 0 0
3424705 4 5928 0.0000000000 0.0000000000 0.0000000000 0 0 0
3450929 4 7582 0.0000000000 0.0000000000 0.0000000000 0 0 0
3458963 4 10015 0.0000000000 0.0000000000 0.0000000000 0 0 0
3473752 0 78 0.2213150451 0.0000149648 0.0000000010 0 0 0
3487808 0 109 0.2923626188 0.0000207998 0.0000000015 0 0 0
3509336 0 125 0.1202550110 0.0000071975 0.0000000004 0 0 0
3512159 0 110 0.2987544749 0.0001058287 0.0000000375 0 0 0
3516637 0 124 0.3158422978 0.0000705320 0.0000000158 0 0 0
3542517 0 78 0.3409307070 0.0000211982 0.0000000013 0 0 0
3547041 0 109 0.3981166572 0.0000880010 0.0000000195 0 0 0
3552049 4 9922 0.0000000000 0.0000000000 0.0000000000 0 0 0
3573031 0 78 0.0702515192 0.0000033482 0.0000000002 0 0 0
3573187 4 11451 0.0000000000 0.0000000000 0.0000000000 0 0 0
3603014 0 94 0.2761620557 0.0000092588 0.0000000003 0 0 0
3609364 0 109 0.2086035644 0.0000649047 0.0000000202 0 0 0
3629410 0 109 0.1923400489 0.0000095949 0.0000000005 0 0 0
3634776 0 94 0.3704986533 0.0000690456 0.0000000129 0 0 0
3640096 0 109 0.0168240344 0.0000031624 0.0000000006 0 0 0
3642233 4 5850 0.0000000000 0.0000000000 0.0000000000 0 0 0
3656226 0 125 0.0349605706 0.0000024984 0.0000000002 0 0 0
3662482 0 125 0.2455052114 0.0000392432 0.0000000063 0 0 0
3670391 4 7442 0.0000000000 0.0000000000 0.0000000000 0 0 0
3685976 0 125 0.0347106785 0.0000022272 0.0000000001 0 0 0
3701061 0 78 0.1209384255 0.0000080171 0.0000000005 0 0 0
3710640 4 6442 0.0000000000 0.0000000000 0.0000000000 0 0 0
3717488 0 94 0.0012631836 0.0000001845 0.0000000000 0 0 0
3729079 0 109 0.2438810438 0.0000210406 0.0000000018 0 0 0
3762385 0 109 0.4523560787 0.0000336399 0.0000000025 0 0 0
3772603 0 94 0.5131246676 0.0000502177 0.0000000049 0 0 0
3776846 0 78 0.0330450786 0.0000077881 0.0000000018 0 0 0
3779639 4 40919 0.0000000000 0.0000000000 0.0000000000 0 0 0
3821697 0 78 0.0386689094 0.0000009194 0.0000000000 0 0 0
