107.3900709220 13.4194592748
125.0000000000 0.0000000000
324.6285714286 36.7330802367
104.5428571429 15.2096639526
93.6857142857 24.8328945768
126.4000000000 18.7695802526
0.2223864051 0.2167253346
0.0001288088 0.0001801764
0.0000001107 0.0000002207

1891 0 94 0.2690697793 0.0001422897 0.0000000752 0 0 0
2750 0 94 0.2622885669 0.0003053418 0.0000003555 0 0 0
16703 3 1250 0.2472635486 0.0000315267 0.0000000040 0 0 0
17953 4 153485 0.0000000000 0.0000000000 0.0000000000 0 0 0
183485 0 125 0.0564659523 0.0000840267 0.0000001250 0 0 0
185375 3 625 0.7471441130 0.0003953143 0.0000002092 0 0 0
187063 0 109 0.4085755311 0.0002420471 0.0000001434 0 0 0
187250 4 23141 0.0000000000 0.0000000000 0.0000000000 0 0 0
215656 0 94 0.1698141248 0.0001294315 0.0000000987 0 0 0
216750 0 110 0.6079705235 0.0005557317 0.0000005080 0 0 0
218781 0 110 0.3908208179 0.0001924278 0.0000000947 0 0 0
224313 0 109 0.1364695313 0.0000246691 0.0000000045 0 0 0
224922 3 984 0.0917244880 0.0001506149 0.0000002473 0 0 0
225906 4 7235 0.0000000000 0.0000000000 0.0000000000 0 0 0
234031 0 125 0.0168179406 0.0000020699 0.0000000003 0 0 0
235766 3 844 0.0709947855 0.0000409192 0.0000000236 0 0 0
236625 4 141563 0.0000000000 0.0000000000 0.0000000000 0 0 0
384610 0 125 0.0309474664 0.0000002091 0.0000000000 0 0 0
385391 4 5390 0.0000000000 0.0000000000 0.0000000000 0 0 0
394094 0 109 0.2059602453 0.0001882635 0.0000001721 0 0 0
395000 0 94 0.7040368265 0.0007770826 0.0000008577 0 0 0
397281 0 125 0.2614039106 0.0001146006 0.0000000502 0 0 0
397531 4 17344 0.0000000000 0.0000000000 0.0000000000 0 0 0
425235 0 93 0.4727268296 0.0002176459 0.0000001002 0 0 0
428235 3 546 0.4426997072 0.0002380106 0.0000001280 0 0 0
432328 3 860 0.0430634453 0.0000105212 0.0000000026 0 0 0
433235 4 92765 0.0000000000 0.0000000000 0.0000000000 0 0 0
536750 0 125 0.4885189606 0.0000558307 0.0000000064 0 0 0
537766 4 5687 0.0000000000 0.0000000000 0.0000000000 0 0 0
544875 0 110 0.2137658951 0.0000300698 0.0000000042 0 0 0
553000 0 110 0.0741799214 0.0000118404 0.0000000019 0 0 0
554891 2 344 0.0000000000 0.0000000000 0.0000000000 109 94 141
556688 0 109 0.1544377651 0.0000859420 0.0000000478 0 0 0
586250 4 7094 0.0000000000 0.0000000000 0.0000000000 0 0 0
597891 0 125 0.8126780036 0.0003270334 0.0000001316 0 0 0
600031 4 24188 0.0000000000 0.0000000000 0.0000000000 0 0 0
625719 0 125 0.0543412005 0.0000021154 0.0000000001 0 0 0
626531 0 110 0.1204771886 0.0001483709 0.0000001827 0 0 0
631531 0 110 0.1899597971 0.0000675533 0.0000000240 0 0 0
631750 4 6860 0.0000000000 0.0000000000 0.0000000000 0 0 0
639641 3 750 0.1206016722 0.0000152834 0.0000000019 0 0 0
640438 4 5625 0.0000000000 0.0000000000 0.0000000000 0 0 0
647219 3 781 0.1200754226 0.0000177076 0.0000000026 0 0 0
648063 4 43515 0.0000000000 0.0000000000 0.0000000000 0 0 0
693375 0 110 0.0386289816 0.0000008525 0.0000000000 0 0 0
694063 0 109 0.1718718398 0.0002498137 0.0000003631 0 0 0
694172 4 60047 0.0000000000 0.0000000000 0.0000000000 0 0 0
755828 0 94 0.0037179669 0.0000000603 0.0000000000 0 0 0
758266 0 125 0.4113244383 0.0001687139 0.0000000692 0 0 0
768594 2 375 0.4175582662 0.0000404297 0.0000000039 109 141 125
769453 0 110 0.0359117485 0.0000418065 0.0000000487 0 0 0
771922 4 14531 0.0000000000 0.0000000000 0.0000000000 0 0 0
787610 0 109 0.0538670036 0.0000034336 0.0000000002 0 0 0
788391 0 109 0.1178776152 0.0001509316 0.0000001933 0 0 0
789453 0 94 0.2566456598 0.0002416626 0.0000002276 0 0 0
791985 0 109 0.3542144205 0.0002137685 0.0000001290 0 0 0
798313 3 1703 0.0853584099 0.0000134890 0.0000000021 0 0 0
804094 3 1187 0.0208877579 0.0000036132 0.0000000006 0 0 0
805281 4 86454 0.0000000000 0.0000000000 0.0000000000 0 0 0
898719 0 109 0.0311647912 0.0000349773 0.0000000393 0 0 0
902735 0 93 0.0825269527 0.0000205495 0.0000000051 0 0 0
907328 0 110 0.0716359182 0.0000533402 0.0000000397 0 0 0
909860 2 375 0.3840223253 0.0001516676 0.0000000599 140 78 157
914485 0 93 0.4066863008 0.0005102714 0.0000006402 0 0 0
915469 0 94 0.2819458589 0.0002865303 0.0000002912 0 0 0
917219 0 94 0.4403967178 0.0002516553 0.0000001438 0 0 0
918485 4 45156 0.0000000000 0.0000000000 0.0000000000 0 0 0
965375 0 94 0.0072865567 0.0000001554 0.0000000000 0 0 0
965469 4 8453 0.0000000000 0.0000000000 0.0000000000 0 0 0
974703 2 297 0.0557931615 0.0000060421 0.0000000007 110 78 109
977203 3 891 0.0912098613 0.0000364839 0.0000000146 0 0 0
983063 3 750 0.0334584884 0.0000057096 0.0000000010 0 0 0
986156 3 407 0.0941125204 0.0000304276 0.0000000098 0 0 0
989172 3 969 0.1388643512 0.0000460426 0.0000000153 0 0 0
990188 4 166672 0.0000000000 0.0000000000 0.0000000000 0 0 0
1160297 3 1250 0.0398503273 0.0000510247 0.0000000653 0 0 0
1161594 4 123469 0.0000000000 0.0000000000 0.0000000000 0 0 0
1286297 3 1453 0.0086457157 0.0000000693 0.0000000000 0 0 0
1287750 4 56047 0.0000000000 0.0000000000 0.0000000000 0 0 0
1368469 2 453 0.0983757191 0.0000012187 0.0000000000 109 203 141
1369313 0 125 0.0387650478 0.0000459302 0.0000000544 0 0 0
1372563 0 109 0.4350689815 0.0002602087 0.0000001556 0 0 0
1373563 3 187 0.7101476833 0.0007101477 0.0000007101 0 0 0
1375360 0 109 1.0143361021 0.0005644608 0.0000003141 0 0 0
1379563 0 109 0.1386049158 0.0000329776 0.0000000078 0 0 0
1386172 0 109 0.2289641386 0.0000346443 0.0000000052 0 0 0
1388110 2 343 0.2726997088 0.0001407119 0.0000000726 109 94 140
1390000 3 188 0.2255279923 0.0001193270 0.0000000631 0 0 0
1391547 0 94 0.5946444288 0.0003843855 0.0000002485 0 0 0
1393828 0 94 0.4138596901 0.0002759065 0.0000001839 0 0 0
1395797 0 94 0.1684961598 0.0000855745 0.0000000435 0 0 0
1397735 0 93 0.0941621889 0.0000485873 0.0000000251 0 0 0
1398953 0 110 0.0580980431 0.0000476995 0.0000000392 0 0 0
1399063 4 14297 0.0000000000 0.0000000000 0.0000000000 0 0 0
1414953 3 453 0.0882886229 0.0000055562 0.0000000003 0 0 0
1420219 2 312 0.0374310962 0.0000071081 0.0000000013 109 94 109
1422485 0 109 0.6211018600 0.0002740961 0.0000001210 0 0 0
1423406 3 2188 0.1518485993 0.0001648736 0.0000001790 0 0 0
1427985 0 93 0.1653759814 0.0000361162 0.0000000079 0 0 0
1428485 3 1109 0.0173005631 0.0000346011 0.0000000692 0 0 0
1431172 0 94 0.8180841700 0.0003044601 0.0000001133 0 0 0
1431813 3 1078 0.2141853540 0.0003341425 0.0000005213 0 0 0
1434766 0 94 0.5510570623 0.0001866092 0.0000000632 0 0 0
1435188 3 1140 0.0356978557 0.0000845921 0.0000002005 0 0 0
1437953 0 125 0.6699568615 0.0002422990 0.0000000876 0 0 0
1438750 3 1000 0.0648785495 0.0000814034 0.0000001021 0 0 0
1441313 0 109 0.2939473808 0.0001146888 0.0000000447 0 0 0
1442063 3 703 0.0464428828 0.0000619238 0.0000000826 0 0 0
1450031 2 375 0.4550359164 0.0001078795 0.0000000256 110 125 140
1451016 0 125 0.0255049924 0.0000258934 0.0000000263 0 0 0
1452938 3 3172 0.0185185185 0.0000311760 0.0000000525 0 0 0
1457781 4 22750 0.0000000000 0.0000000000 0.0000000000 0 0 0
1483578 2 344 0.7234732931 0.0004823155 0.0000003215 125 78 141
1484875 0 110 0.6190982051 0.0004773309 0.0000003680 0 0 0
1486031 2 282 0.1280106116 0.0001107358 0.0000000958 94 78 110
1490578 0 94 0.2100950933 0.0001211621 0.0000000699 0 0 0
1493578 2 297 0.0955488197 0.0000318496 0.0000000106 94 78 125
1496125 0 94 0.3720447535 0.0001460718 0.0000000574 0 0 0
1509016 0 94 0.4879709559 0.0003393400 0.0000002360 0 0 0
1509219 4 5437 0.0000000000 0.0000000000 0.0000000000 0 0 0
1517094 3 500 0.0677719942 0.0000086060 0.0000000011 0 0 0
1517625 4 11547 0.0000000000 0.0000000000 0.0000000000 0 0 0
1530203 3 594 0.0422377739 0.0000033581 0.0000000003 0 0 0
1530797 4 74875 0.0000000000 0.0000000000 0.0000000000 0 0 0
1609985 0 109 0.0444640561 0.0000005615 0.0000000000 0 0 0
1610766 0 125 0.0472296409 0.0000604733 0.0000000774 0 0 0
1610891 4 27031 0.0000000000 0.0000000000 0.0000000000 0 0 0
1639453 0 110 0.0104314836 0.0000003652 0.0000000000 0 0 0
1640078 0 110 0.1483319793 0.0002373312 0.0000003797 0 0 0
1641000 0 125 0.2798989548 0.0003035780 0.0000003293 0 0 0
1641922 0 125 0.7327458012 0.0007947351 0.0000008620 0 0 0
1650141 3 672 0.0997915388 0.0000171228 0.0000000029 0 0 0
1650875 4 5860 0.0000000000 0.0000000000 0.0000000000 0 0 0
1657391 3 953 0.0197237925 0.0000030270 0.0000000005 0 0 0
1658375 4 105797 0.0000000000 0.0000000000 0.0000000000 0 0 0
1772094 4 75891 0.0000000000 0.0000000000 0.0000000000 0 0 0
1849844 0 125 0.0077860834 0.0000001001 0.0000000000 0 0 0
1850563 0 93 0.1169328703 0.0001626326 0.0000002262 0 0 0
1851391 0 94 0.2876153929 0.0003473616 0.0000004195 0 0 0
1852188 0 93 0.6996979344 0.0008779146 0.0000011015 0 0 0
1854110 0 93 0.2884242164 0.0001500646 0.0000000781 0 0 0
1854375 4 7078 0.0000000000 0.0000000000 0.0000000000 0 0 0
1862078 3 438 0.0762978073 0.0000099049 0.0000000013 0 0 0
1862563 4 8453 0.0000000000 0.0000000000 0.0000000000 0 0 0
1871797 3 766 0.0175678782 0.0000019025 0.0000000002 0 0 0
1872578 4 44407 0.0000000000 0.0000000000 0.0000000000 0 0 0
1920656 0 125 0.0447863012 0.0000009315 0.0000000000 0 0 0
1921438 0 109 0.0242966752 0.0000310699 0.0000000397 0 0 0
1921547 4 39875 0.0000000000 0.0000000000 0.0000000000 0 0 0
1962656 0 94 0.0109804076 0.0000002671 0.0000000000 0 0 0
1970906 0 94 0.5461913323 0.0000832355 0.0000000127 0 0 0
1972328 2 282 0.8233269613 0.0005789922 0.0000004072 94 78 110
1974953 2 297 0.4354294497 0.0001658779 0.0000000632 78 94 125
1977063 0 93 0.4175586958 0.0001978951 0.0000000938 0 0 0
1978297 0 94 0.6524215706 0.0005287047 0.0000004284 0 0 0
1979063 0 93 0.4655544160 0.0006077734 0.0000007934 0 0 0
1979938 0 109 0.2484985197 0.0002839983 0.0000003246 0 0 0
1983672 0 109 0.3301474777 0.0001717729 0.0000000894 0 0 0
1983891 4 8531 0.0000000000 0.0000000000 0.0000000000 0 0 0
1994016 2 328 0.0766333434 0.0000075687 0.0000000007 125 78 125
1995172 2 281 0.0000000000 0.0000000000 0.0000000000 109 79 93
1997906 3 594 0.0985814471 0.0000360576 0.0000000132 0 0 0
1998860 4 6218 0.0000000000 0.0000000000 0.0000000000 0 0 0
2006110 3 953 0.0176853561 0.0000024394 0.0000000003 0 0 0
2008641 3 765 0.0898893911 0.0000355154 0.0000000140 0 0 0
2011453 3 453 0.0655825801 0.0000233224 0.0000000083 0 0 0
2019313 0 93 0.1645413561 0.0000209340 0.0000000027 0 0 0
2020141 0 94 0.1692238558 0.0002043766 0.0000002468 0 0 0
2025485 3 875 0.1809281432 0.0000433672 0.0000000104 0 0 0
2029125 0 110 0.3697316461 0.0002818077 0.0000002148 0 0 0
2029797 3 2031 0.0180986275 0.0000269325 0.0000000401 0 0 0
2033297 0 94 0.4826595947 0.0001379027 0.0000000394 0 0 0
2033688 3 625 0.2038953336 0.0005214714 0.0000013337 0 0 0
2036813 3 500 0.1094598508 0.0000350272 0.0000000112 0 0 0
2042281 2 313 0.0348849667 0.0000063798 0.0000000012 79 78 156
2045031 0 110 0.0576375502 0.0000209591 0.0000000076 0 0 0
2048000 3 485 0.1701752200 0.0000573174 0.0000000193 0 0 0
2051219 3 2297 0.0704896244 0.0000218980 0.0000000068 0 0 0
2053516 4 326344 0.0000000000 0.0000000000 0.0000000000 0 0 0
2380172 4 7453 0.0000000000 0.0000000000 0.0000000000 0 0 0
2390031 3 1641 0.1053095456 0.0000106816 0.0000000011 0 0 0
2391672 4 38750 0.0000000000 0.0000000000 0.0000000000 0 0 0
2431281 0 125 0.0196625835 0.0000004964 0.0000000000 0 0 0
2436453 2 360 0.1185396487 0.0000229195 0.0000000044 125 94 141
2439485 2 281 0.2391189174 0.0000788651 0.0000000260 78 93 110
2448438 3 672 0.1551429654 0.0000714286 0.0000000329 0 0 0
2449563 0 125 0.1662706036 0.0001477961 0.0000001314 0 0 0
2450344 3 703 0.0551636036 0.0000706320 0.0000000904 0 0 0
2451094 4 9250 0.0000000000 0.0000000000 0.0000000000 0 0 0
2461531 3 813 0.0564844969 0.0000054119 0.0000000005 0 0 0
2462344 4 32375 0.0000000000 0.0000000000 0.0000000000 0 0 0
2495438 4 7656 0.0000000000 0.0000000000 0.0000000000 0 0 0
2507531 4 11516 0.0000000000 0.0000000000 0.0000000000 0 0 0
2520531 1 125 0.0782459165 0.0000060189 0.0000000005 0 0 0
2521469 0 125 0.1366925721 0.0001457277 0.0000001554 0 0 0
2526563 4 20093 0.0000000000 0.0000000000 0.0000000000 0 0 0
2552531 0 125 0.0749675319 0.0000028869 0.0000000001 0 0 0
2556438 3 3172 0.3656193679 0.0001299749 0.0000000462 0 0 0
2561360 0 125 0.1318809190 0.0000267942 0.0000000054 0 0 0
2568297 3 266 0.2283883026 0.0000329232 0.0000000047 0 0 0
2571469 2 297 0.5078588847 0.0003349993 0.0000002210 94 93 110
2575172 0 125 0.4407992748 0.0001190384 0.0000000321 0 0 0
2575891 0 94 0.7714629176 0.0010729665 0.0000014923 0 0 0
2590000 2 313 0.1643083176 0.0000116456 0.0000000008 110 93 110
2594156 3 219 0.3246056519 0.0000781053 0.0000000188 0 0 0
2597110 0 109 0.1425176384 0.0000911821 0.0000000583 0 0 0
2598828 0 78 0.4180192648 0.0002433174 0.0000001416 0 0 0
2600953 0 94 0.1441667212 0.0000678432 0.0000000319 0 0 0
2603844 4 7312 0.0000000000 0.0000000000 0.0000000000 0 0 0
2613813 3 875 0.0451448727 0.0000045285 0.0000000005 0 0 0
2614750 4 5469 0.0000000000 0.0000000000 0.0000000000 0 0 0
2620906 2 282 0.0137156237 0.0000022280 0.0000000004 94 78 110
2627610 3 2750 0.0121577359 0.0000111131 0.0000000102 0 0 0
2632328 0 94 0.2219614144 0.0000470457 0.0000000100 0 0 0
2633031 3 985 0.0330527283 0.0000470167 0.0000000669 0 0 0
2637547 3 125 0.4353400161 0.0000963995 0.0000000213 0 0 0
2637953 3 563 0.0638893382 0.0001573629 0.0000003876 0 0 0
2640406 0 110 0.5492885331 0.0002239252 0.0000000913 0 0 0
2640719 3 531 0.0000000000 0.0000000000 0.0000000000 0 0 0
2642766 0 94 0.5002101781 0.0002443626 0.0000001194 0 0 0
2643313 3 609 0.0473313463 0.0000865290 0.0000001582 0 0 0
2646281 0 94 0.4404837519 0.0001484110 0.0000000500 0 0 0
2646797 3 1359 0.0038759690 0.0000075116 0.0000000146 0 0 0
2652844 0 109 0.4726023225 0.0002520546 0.0000001344 0 0 0
2654203 0 110 0.7077270458 0.0005207705 0.0000003832 0 0 0
2660078 3 1797 0.2778342303 0.0000472909 0.0000000080 0 0 0
2663422 3 1281 0.1075517662 0.0000321626 0.0000000096 0 0 0
2665485 0 125 0.0109242031 0.0000052953 0.0000000026 0 0 0
2668969 4 5391 0.0000000000 0.0000000000 0.0000000000 0 0 0
2675266 2 328 0.0535001594 0.0000084961 0.0000000013 109 94 125
2677969 2 312 0.2374400461 0.0000878432 0.0000000325 125 62 125
2683703 2 313 0.1607879716 0.0000280412 0.0000000049 78 110 125
2686531 2 375 0.3088026958 0.0001091947 0.0000000386 110 109 156
2693438 0 125 0.0342949061 0.0000049652 0.0000000007 0 0 0
2694578 0 125 0.0567673397 0.0000497959 0.0000000437 0 0 0
2694844 4 6422 0.0000000000 0.0000000000 0.0000000000 0 0 0
2702344 3 1594 0.0596021149 0.0000079469 0.0000000011 0 0 0
2706688 0 125 0.0888866257 0.0000204619 0.0000000047 0 0 0
2706813 4 32125 0.0000000000 0.0000000000 0.0000000000 0 0 0
2740063 3 547 0.0426429472 0.0000012825 0.0000000000 0 0 0
2740610 4 21843 0.0000000000 0.0000000000 0.0000000000 0 0 0
2764110 3 2578 0.0353334532 0.0000015036 0.0000000001 0 0 0
2766688 4 23797 0.0000000000 0.0000000000 0.0000000000 0 0 0
2792594 3 1312 0.0150931510 0.0000005826 0.0000000000 0 0 0
2793985 4 21031 0.0000000000 0.0000000000 0.0000000000 0 0 0
2815594 4 38922 0.0000000000 0.0000000000 0.0000000000 0 0 0
2856172 2 313 0.0091294042 0.0000002250 0.0000000000 94 78 141
2859547 4 5859 0.0000000000 0.0000000000 0.0000000000 0 0 0
2867703 3 641 0.1135805392 0.0000139260 0.0000000017 0 0 0
2869063 0 109 0.2049512559 0.0001506995 0.0000001108 0 0 0
2869625 3 938 0.0253190348 0.0000450517 0.0000000802 0 0 0
2873000 2 328 0.1471651408 0.0000436045 0.0000000129 110 78 140
2883516 3 515 0.1939905121 0.0000184472 0.0000000018 0 0 0
2884391 3 750 0.0691039286 0.0000789759 0.0000000903 0 0 0
2886672 3 781 0.1891645288 0.0000829305 0.0000000364 0 0 0
2888906 3 969 0.1994173079 0.0000892647 0.0000000400 0 0 0
2890235 3 703 0.0404692072 0.0000304509 0.0000000229 0 0 0
2893656 0 110 0.1361556231 0.0000397999 0.0000000116 0 0 0
2908313 4 5281 0.0000000000 0.0000000000 0.0000000000 0 0 0
2913610 4 5343 0.0000000000 0.0000000000 0.0000000000 0 0 0
2918969 4 12031 0.0000000000 0.0000000000 0.0000000000 0 0 0
2932453 0 110 0.0832704841 0.0000061755 0.0000000005 0 0 0
2933297 0 94 0.0416142387 0.0000493060 0.0000000584 0 0 0
2935203 3 1157 0.5527191356 0.0002899891 0.0000001521 0 0 0
2937297 0 125 0.3426242500 0.0001636219 0.0000000781 0 0 0
2937422 4 31641 0.0000000000 0.0000000000 0.0000000000 0 0 0
2976735 0 125 0.5270527841 0.0001022014 0.0000000198 0 0 0
2982516 2 297 0.0211721235 0.0000046882 0.0000000010 94 93 110
2984625 0 94 0.7236129406 0.0003431071 0.0000001627 0 0 0
2985735 0 93 0.7251302009 0.0006532705 0.0000005885 0 0 0
2986375 0 125 0.5408664794 0.0008451039 0.0000013205 0 0 0
2987375 0 94 0.2324690857 0.0002324691 0.0000002325 0 0 0
2988219 0 94 0.7871382064 0.0009326282 0.0000011050 0 0 0
2990250 0 78 0.3000121127 0.0001477165 0.0000000727 0 0 0
2990453 4 5219 0.0000000000 0.0000000000 0.0000000000 0 0 0
2997219 3 1094 0.2101644035 0.0000310618 0.0000000046 0 0 0
3002891 3 859 0.0327081289 0.0000057666 0.0000000010 0 0 0
3005703 3 485 0.1546772946 0.0000550062 0.0000000196 0 0 0
3008781 3 610 0.0958208121 0.0000311309 0.0000000101 0 0 0
3009391 4 5515 0.0000000000 0.0000000000 0.0000000000 0 0 0
3015953 0 94 0.0943110216 0.0000143723 0.0000000022 0 0 0
3024453 3 750 0.1034875770 0.0000208308 0.0000000042 0 0 0
3028172 0 125 0.2955699572 0.0000794757 0.0000000214 0 0 0
3028594 3 1172 0.1016251689 0.0002408179 0.0000005707 0 0 0
3031797 3 797 0.1005474483 0.0000313916 0.0000000098 0 0 0
3032610 4 6968 0.0000000000 0.0000000000 0.0000000000 0 0 0
3043469 0 109 0.1669034321 0.0000593329 0.0000000211 0 0 0
3049438 0 93 0.1930008663 0.0000323339 0.0000000054 0 0 0
3050125 0 110 0.1914306729 0.0002786473 0.0000004056 0 0 0
3054110 3 1000 0.1813505610 0.0000613915 0.0000000208 0 0 0
3057375 0 125 0.4200473522 0.0001286516 0.0000000394 0 0 0
3059078 0 78 0.0721342930 0.0000423572 0.0000000249 0 0 0
3060219 0 94 0.0406469795 0.0000356240 0.0000000312 0 0 0
3063641 0 78 0.4890692064 0.0001429191 0.0000000418 0 0 0
3066281 0 94 0.4139822823 0.0001568115 0.0000000594 0 0 0
3072297 0 125 0.1357758225 0.0000502315 0.0000000186 0 0 0
3074844 0 125 0.0000000000 0.0000000000 0.0000000000 0 0 0
3077969 0 109 0.4949931833 0.0001583978 0.0000000507 0 0 0
3080328 0 125 0.5067917940 0.0002148333 0.0000000911 0 0 0
3081438 0 109 0.0493020237 0.0000444162 0.0000000400 0 0 0
3081953 4 12672 0.0000000000 0.0000000000 0.0000000000 0 0 0
3103203 4 13500 0.0000000000 0.0000000000 0.0000000000 0 0 0
3117156 4 12875 0.0000000000 0.0000000000 0.0000000000 0 0 0
3134281 0 125 0.0607875625 0.0000035496 0.0000000002 0 0 0
3136703 0 125 0.6299124651 0.0002600795 0.0000001074 0 0 0
3144891 4 5015 0.0000000000 0.0000000000 0.0000000000 0 0 0
3153625 0 125 0.0896821388 0.0000102682 0.0000000012 0 0 0
3155000 4 23500 0.0000000000 0.0000000000 0.0000000000 0 0 0
3180266 4 14906 0.0000000000 0.0000000000 0.0000000000 0 0 0
3196094 0 109 0.0785271154 0.0000049613 0.0000000003 0 0 0
3202735 2 343 0.4198822088 0.0000858479 0.0000000176 125 93 125
3208125 2 281 0.1141914181 0.0000211858 0.0000000039 78 125 78
3210875 2 297 0.1904809999 0.0000692658 0.0000000252 110 78 109
3213094 2 344 0.0149264214 0.0000067266 0.0000000030 109 110 125
3213438 4 10187 0.0000000000 0.0000000000 0.0000000000 0 0 0
3225360 3 2484 0.0604026995 0.0000050665 0.0000000004 0 0 0
3227844 4 294937 0.0000000000 0.0000000000 0.0000000000 0 0 0
3527110 3 1828 0.0030979755 0.0000000104 0.0000000000 0 0 0
3529063 4 35000 0.0000000000 0.0000000000 0.0000000000 0 0 0
3566031 2 344 0.0297271122 0.0000008041 0.0000000000 110 78 156
3567360 2 312 0.0000000000 0.0000000000 0.0000000000 109 78 125
3570250 2 344 0.1334266735 0.0000461684 0.0000000160 94 94 156
3573219 0 125 0.2068667094 0.0000696756 0.0000000235 0 0 0
3577781 0 94 0.4056458323 0.0000889184 0.0000000195 0 0 0
3577875 4 98656 0.0000000000 0.0000000000 0.0000000000 0 0 0
3677828 0 125 0.0152870364 0.0000001529 0.0000000000 0 0 0
3680625 3 1328 0.3959181555 0.0001415510 0.0000000506 0 0 0
3714500 0 125 0.6181453078 0.0000182478 0.0000000005 0 0 0
3715375 0 94 0.0432324881 0.0000494086 0.0000000565 0 0 0
3717063 3 2906 0.6370502001 0.0003773994 0.0000002236 0 0 0
3721172 0 109 0.1516922507 0.0000369171 0.0000000090 0 0 0
