71.5503211991 14.5713608003
73.7272727273 15.0459351750
242.4912280702 56.7039473260
74.1228070175 20.9962989015
87.3684210526 61.1066457979
81.0000000000 18.7148500938
0.2782555732 0.2548586146
0.0001771328 0.0002389780
0.0000001501 0.0000002917

5023 0 62 0.1284253970 0.0000255675 0.0000000051 0 0 0
7254 0 78 0.6887604327 0.0003087227 0.0000001384 0 0 0
15303 0 78 0.1616505892 0.0000695571 0.0000000299 0 0 0
15381 4 10515 0.0000000000 0.0000000000 0.0000000000 0 0 0
26317 0 78 0.0291048333 0.0000026614 0.0000000002 0 0 0
27815 0 78 0.0691182714 0.0000461404 0.0000000308 0 0 0
30420 0 47 0.1289146066 0.0000494874 0.0000000190 0 0 0
32807 4 7082 0.0000000000 0.0000000000 0.0000000000 0 0 0
40591 0 94 0.0970519097 0.0000124681 0.0000000016 0 0 0
43087 0 94 0.1038425273 0.0000416036 0.0000000167 0 0 0
46238 0 63 0.0241198886 0.0000076547 0.0000000024 0 0 0
47892 0 93 0.3113494887 0.0001882403 0.0000001138 0 0 0
50060 0 63 0.2699452719 0.0001245135 0.0000000574 0 0 0
51839 0 62 0.3871901027 0.0002176448 0.0000001223 0 0 0
54397 0 63 0.3870182752 0.0001512972 0.0000000591 0 0 0
57283 0 78 0.2010728569 0.0000696718 0.0000000241 0 0 0
59857 0 63 0.2301606824 0.0000894175 0.0000000347 0 0 0
65130 0 47 0.1319543831 0.0000250245 0.0000000047 0 0 0
67595 0 78 0.1898492314 0.0000770179 0.0000000312 0 0 0
68687 0 47 0.3895490333 0.0003567299 0.0000003267 0 0 0
74630 0 78 0.3435552330 0.0001258444 0.0000000461 0 0 0
76346 4 10577 0.0000000000 0.0000000000 0.0000000000 0 0 0
87891 0 62 0.1139968165 0.0000098741 0.0000000009 0 0 0
88608 4 56535 0.0000000000 0.0000000000 0.0000000000 0 0 0
147062 0 62 0.0298371710 0.0000005104 0.0000000000 0 0 0
148466 4 6926 0.0000000000 0.0000000000 0.0000000000 0 0 0
155860 0 47 0.0575500044 0.0000077833 0.0000000011 0 0 0
167170 0 78 0.3144787097 0.0000278054 0.0000000025 0 0 0
171507 0 94 0.1057443464 0.0000243819 0.0000000056 0 0 0
172193 4 12980 0.0000000000 0.0000000000 0.0000000000 0 0 0
186062 0 62 0.0664506307 0.0000047913 0.0000000003 0 0 0
187622 0 62 0.1768606758 0.0001133722 0.0000000727 0 0 0
188542 0 78 0.2749176965 0.0002988236 0.0000003248 0 0 0
195438 0 46 0.1191972250 0.0000172850 0.0000000025 0 0 0
196623 0 63 0.4797165592 0.0004048241 0.0000003416 0 0 0
203862 1 93 0.5188314279 0.0001196291 0.0000000276 0 0 0
204501 0 78 0.1559472325 0.0002440489 0.0000003819 0 0 0
206186 0 62 0.5194217983 0.0003082622 0.0000001829 0 0 0
209774 0 78 0.2533329023 0.0000706056 0.0000000197 0 0 0
210539 3 686 0.3289473443 0.0004299965 0.0000005621 0 0 0
214548 0 78 0.2280405976 0.0000885939 0.0000000344 0 0 0
216529 3 281 0.8224796107 0.0004151841 0.0000002096 0 0 0
220429 4 5148 0.0000000000 0.0000000000 0.0000000000 0 0 0
227995 2 218 0.0561519500 0.0000074216 0.0000000010 62 63 93
232971 0 78 0.0858713476 0.0000172571 0.0000000035 0 0 0
233486 3 281 0.2359142358 0.0004580859 0.0000008895 0 0 0
234656 3 359 0.2821106403 0.0002411202 0.0000002061 0 0 0
236481 1 63 0.1403575402 0.0000769082 0.0000000421 0 0 0
241427 0 78 0.1226378188 0.0000247954 0.0000000050 0 0 0
244204 0 78 0.1769378876 0.0000637155 0.0000000229 0 0 0
244282 4 5444 0.0000000000 0.0000000000 0.0000000000 0 0 0
250865 0 62 0.1219652053 0.0000185273 0.0000000028 0 0 0
251770 3 686 0.9703416045 0.0010722007 0.0000011848 0 0 0
262378 3 452 0.1320008070 0.0000124435 0.0000000012 0 0 0
263376 0 78 0.6940667491 0.0006954577 0.0000006969 0 0 0
267323 2 234 0.1784914445 0.0000452221 0.0000000115 62 63 109
267557 4 7379 0.0000000000 0.0000000000 0.0000000000 0 0 0
275575 0 63 0.1116087504 0.0000139198 0.0000000017 0 0 0
280755 0 62 0.2430516024 0.0000998569 0.0000000410 0 0 0
290458 0 62 0.0126582278 0.0000051687 0.0000000021 0 0 0
295746 0 78 0.0418684143 0.0000079176 0.0000000015 0 0 0
297634 4 17878 0.0000000000 0.0000000000 0.0000000000 0 0 0
315558 4 56005 0.0000000000 0.0000000000 0.0000000000 0 0 0
372655 1 78 0.0117793725 0.0000002063 0.0000000000 0 0 0
377148 4 6926 0.0000000000 0.0000000000 0.0000000000 0 0 0
386258 4 6178 0.0000000000 0.0000000000 0.0000000000 0 0 0
393294 0 78 0.1872319034 0.0000266106 0.0000000038 0 0 0
394869 0 78 0.2134756460 0.0001355401 0.0000000861 0 0 0
396445 3 1326 0.4887670724 0.0003101314 0.0000001968 0 0 0
402217 0 94 0.2516586755 0.0000435999 0.0000000076 0 0 0
405165 0 94 0.5046114447 0.0001711708 0.0000000581 0 0 0
406944 2 203 0.2111709848 0.0001187021 0.0000000667 47 78 78
409580 0 63 0.1840113097 0.0001871936 0.0000001904 0 0 0
414650 0 63 0.0023752969 0.0000018807 0.0000000015 0 0 0
415992 0 47 0.0075253499 0.0000056076 0.0000000042 0 0 0
420391 0 78 0.1982670914 0.0000450709 0.0000000102 0 0 0
420469 4 5912 0.0000000000 0.0000000000 0.0000000000 0 0 0
426912 0 78 0.0031041440 0.0000004818 0.0000000001 0 0 0
427614 0 47 0.2008041995 0.0002860459 0.0000004075 0 0 0
429595 4 8502 0.0000000000 0.0000000000 0.0000000000 0 0 0
440437 3 421 0.0780244342 0.0000071965 0.0000000007 0 0 0
443698 0 78 0.1678468022 0.0000833814 0.0000000414 0 0 0
449329 0 63 0.3202384589 0.0001833076 0.0000001049 0 0 0
452668 0 46 0.4294123751 0.0001286051 0.0000000385 0 0 0
461825 0 62 0.2180232007 0.0000238095 0.0000000026 0 0 0
462964 3 1295 0.9196695360 0.0008074359 0.0000007089 0 0 0
466411 0 94 0.2807313437 0.0000814422 0.0000000236 0 0 0
466583 4 21684 0.0000000000 0.0000000000 0.0000000000 0 0 0
489125 0 62 0.0539708815 0.0000023942 0.0000000001 0 0 0
490732 0 62 0.5672739550 0.0003530018 0.0000002197 0 0 0
491886 0 78 0.7073838392 0.0006129843 0.0000005312 0 0 0
497721 2 390 0.1222335667 0.0000209483 0.0000000036 62 265 63
501636 0 63 0.3643283904 0.0001743198 0.0000000834 0 0 0
504975 0 78 0.3399145629 0.0001702126 0.0000000852 0 0 0
505958 0 62 0.7204457357 0.0007329051 0.0000007456 0 0 0
506753 0 63 0.8159745845 0.0010263831 0.0000012910 0 0 0
508610 0 62 0.0647698054 0.0000348787 0.0000000188 0 0 0
513773 4 7176 0.0000000000 0.0000000000 0.0000000000 0 0 0
520965 4 5741 0.0000000000 0.0000000000 0.0000000000 0 0 0
532603 0 46 0.1114509052 0.0000095765 0.0000000008 0 0 0
536159 0 78 0.3785047620 0.0001064412 0.0000000299 0 0 0
540247 0 78 0.2139373936 0.0000523330 0.0000000128 0 0 0
550683 4 7909 0.0000000000 0.0000000000 0.0000000000 0 0 0
559326 2 249 0.0246354194 0.0000028503 0.0000000003 93 47 109
561432 0 62 0.2241420817 0.0001064302 0.0000000505 0 0 0
566704 1 78 0.2844410025 0.0002121111 0.0000001582 0 0 0
572570 4 8720 0.0000000000 0.0000000000 0.0000000000 0 0 0
583506 4 14336 0.0000000000 0.0000000000 0.0000000000 0 0 0
602054 2 203 0.0139717901 0.0000041657 0.0000000012 63 78 62
603770 2 234 0.0914119015 0.0000532703 0.0000000310 31 110 93
620057 0 78 0.0527287630 0.0000136851 0.0000000036 0 0 0
621320 1 94 0.0164914481 0.0000130574 0.0000000103 0 0 0
623676 2 234 0.0994024277 0.0000421912 0.0000000179 62 63 109
626234 2 203 0.0461725909 0.0000180503 0.0000000071 47 78 78
627997 0 63 0.2403659114 0.0001363391 0.0000000773 0 0 0
629557 0 63 0.0000000000 0.0000000000 0.0000000000 0 0 0
633691 0 63 0.1243073265 0.0000300695 0.0000000073 0 0 0
636484 1 62 0.1013521227 0.0000362879 0.0000000130 0 0 0
637388 0 94 0.0566689812 0.0000626869 0.0000000693 0 0 0
639089 2 405 0.7595265997 0.0004465177 0.0000002625 62 297 46
641554 4 9126 0.0000000000 0.0000000000 0.0000000000 0 0 0
652957 0 78 0.1205482425 0.0000105716 0.0000000009 0 0 0
661896 0 94 0.1734222208 0.0000194006 0.0000000022 0 0 0
663456 2 250 0.4292345975 0.0002751504 0.0000001764 78 63 109
667247 0 78 0.2630509225 0.0000693883 0.0000000183 0 0 0
670554 4 6552 0.0000000000 0.0000000000 0.0000000000 0 0 0
685780 0 78 0.0858631449 0.0000056392 0.0000000004 0 0 0
688448 0 93 0.0000000000 0.0000000000 0.0000000000 0 0 0
693034 0 62 0.2789777292 0.0000851580 0.0000000260 0 0 0
694204 4 16677 0.0000000000 0.0000000000 0.0000000000 0 0 0
711598 0 78 0.0493471537 0.0000028370 0.0000000002 0 0 0
717121 0 93 0.4374633920 0.0000792076 0.0000000143 0 0 0
718181 0 63 0.0235849057 0.0000222499 0.0000000210 0 0 0
719866 3 265 0.7733816932 0.0004589802 0.0000002724 0 0 0
721052 0 62 0.6395801545 0.0005392750 0.0000004547 0 0 0
721832 0 93 0.6324648255 0.0008108523 0.0000010396 0 0 0
731878 3 952 0.0783964996 0.0000099324 0.0000000013 0 0 0
736527 0 94 0.0583403965 0.0000125490 0.0000000027 0 0 0
738415 2 249 0.1586810936 0.0000840472 0.0000000445 109 31 109
740115 2 203 0.0476447756 0.0000280263 0.0000000165 63 62 78
741691 2 203 0.3504528457 0.0002223686 0.0000001411 62 63 78
743282 3 312 0.5877407066 0.0003694159 0.0000002322 0 0 0
743953 4 9297 0.0000000000 0.0000000000 0.0000000000 0 0 0
753328 0 78 0.0002133333 0.0000000228 0.0000000000 0 0 0
757665 0 78 0.0000000000 0.0000000000 0.0000000000 0 0 0
760863 0 63 0.9190345723 0.0007185571 0.0000005618 0 0 0
769630 0 63 0.1662261041 0.0000189604 0.0000000022 0 0 0
770816 2 265 0.8679441584 0.0007318248 0.0000006171 109 31 125
773063 2 249 0.0292560644 0.0000130201 0.0000000058 93 63 93
774747 0 78 0.1997150814 0.0001185957 0.0000000704 0 0 0
775715 2 249 0.4012400278 0.0004145042 0.0000004282 78 78 93
779989 0 94 0.0106160495 0.0000042807 0.0000000017 0 0 0
780831 3 375 0.2615612898 0.0003106429 0.0000003689 0 0 0
788241 3 624 0.0059876040 0.0000008080 0.0000000001 0 0 0
789630 3 234 0.0985349240 0.0000709395 0.0000000511 0 0 0
790550 0 94 0.3297238925 0.0003583955 0.0000003896 0 0 0
791767 0 94 0.2353882127 0.0001934168 0.0000001589 0 0 0
793873 0 94 0.1665401369 0.0000790789 0.0000000375 0 0 0
794591 0 78 0.2283524342 0.0003180396 0.0000004430 0 0 0
802453 0 78 0.1319331432 0.0000167811 0.0000000021 0 0 0
804653 3 343 0.2323117205 0.0001055962 0.0000000480 0 0 0
805776 1 94 0.9139563618 0.0008138525 0.0000007247 0 0 0
810768 0 47 0.1928296900 0.0000386277 0.0000000077 0 0 0
813545 0 78 0.0968936627 0.0000348915 0.0000000126 0 0 0
814278 0 62 0.1087745224 0.0001483963 0.0000002025 0 0 0
815432 2 219 0.0055582440 0.0000048165 0.0000000042 78 47 94
817819 3 328 0.5119145910 0.0002144594 0.0000000898 0 0 0
819083 3 749 0.1735734514 0.0001373208 0.0000001086 0 0 0
821111 0 78 0.3231899937 0.0001593639 0.0000000786 0 0 0
823310 3 718 0.2186117592 0.0000994142 0.0000000452 0 0 0
825167 0 78 0.3670141844 0.0001976382 0.0000001064 0 0 0
826243 0 78 0.2530226312 0.0002351511 0.0000002185 0 0 0
826883 3 546 0.0215209174 0.0000336264 0.0000000525 0 0 0
830362 0 62 0.7773782142 0.0003922191 0.0000001979 0 0 0
832390 0 78 0.0403465469 0.0000198947 0.0000000098 0 0 0
834511 3 437 0.5999562612 0.0002828648 0.0000001334 0 0 0
837070 0 93 0.0537327046 0.0000209975 0.0000000082 0 0 0
837819 0 78 0.2860365852 0.0003818913 0.0000005099 0 0 0
842155 0 63 0.2262145013 0.0000521712 0.0000000120 0 0 0
843981 0 62 0.1926231448 0.0001054891 0.0000000578 0 0 0
846258 0 94 0.0149319280 0.0000065577 0.0000000029 0 0 0
847179 0 93 0.0000000000 0.0000000000 0.0000000000 0 0 0
848895 0 62 0.0000000000 0.0000000000 0.0000000000 0 0 0
851500 2 203 0.3215146539 0.0001234221 0.0000000474 47 62 94
859097 3 546 0.5318350676 0.0003444528 0.0000002231 0 0 0
860501 0 62 0.2144113105 0.0001527146 0.0000001088 0 0 0
864027 0 93 0.7898420199 0.0003375393 0.0000001442 0 0 0
873168 0 63 0.4436522982 0.0000718233 0.0000000116 0 0 0
875820 0 63 0.7834802324 0.0002954300 0.0000001114 0 0 0
877458 0 63 0.3061696294 0.0001869167 0.0000001141 0 0 0
878285 0 47 0.9643184676 0.0011660441 0.0000014100 0 0 0
879533 2 203 0.3097839430 0.0002482243 0.0000001989 78 63 62
880750 2 187 0.1858705147 0.0001527284 0.0000001255 78 47 62
882170 2 171 0.3770176065 0.0002655054 0.0000001870 78 15 78
890921 4 7613 0.0000000000 0.0000000000 0.0000000000 0 0 0
899969 0 63 0.1783693150 0.0000197137 0.0000000022 0 0 0
902138 0 47 0.6593656031 0.0010066650 0.0000015369 0 0 0
904400 3 749 0.5454167717 0.0003840963 0.0000002705 0 0 0
905960 3 483 0.3530241950 0.0002262976 0.0000001451 0 0 0
907645 0 62 0.7703944208 0.0004572074 0.0000002713 0 0 0
908035 3 390 0.0459888842 0.0001179202 0.0000003024 0 0 0
910889 0 47 0.4757813062 0.0001667068 0.0000000584 0 0 0
911716 3 421 0.1506330193 0.0001821439 0.0000002202 0 0 0
913229 3 1046 0.5610614788 0.0003708272 0.0000002451 0 0 0
914836 0 78 0.0747272523 0.0000465011 0.0000000289 0 0 0
915757 3 390 0.3307221564 0.0003590903 0.0000003899 0 0 0
918299 3 515 0.4539743122 0.0001785894 0.0000000703 0 0 0
919719 3 530 0.7666930503 0.0005399247 0.0000003802 0 0 0
921513 3 515 0.6897044862 0.0003844507 0.0000002143 0 0 0
924945 0 78 0.5621781747 0.0001638048 0.0000000477 0 0 0
932886 0 46 0.3128452582 0.0000527653 0.0000000089 0 0 0
934243 3 405 0.7094601566 0.0005228151 0.0000003853 0 0 0
940576 2 375 1.0204760075 0.0007609814 0.0000005675 78 234 63
942136 3 437 0.8587531281 0.0005504828 0.0000003529 0 0 0
943665 3 234 0.2661723717 0.0001740826 0.0000001139 0 0 0
945069 0 63 0.3607989024 0.0002569793 0.0000001830 0 0 0
945381 4 6271 0.0000000000 0.0000000000 0.0000000000 0 0 0
953930 3 858 0.0588662660 0.0000068857 0.0000000008 0 0 0
955662 3 795 0.0312421358 0.0000180382 0.0000000104 0 0 0
957939 3 2699 0.0649642274 0.0000285306 0.0000000125 0 0 0
961839 3 1358 0.0223760756 0.0000057375 0.0000000015 0 0 0
963930 3 639 0.0278671906 0.0000133272 0.0000000064 0 0 0
965147 3 655 0.0393243307 0.0000323125 0.0000000266 0 0 0
966379 3 1560 0.0427083654 0.0000346659 0.0000000281 0 0 0
968672 3 624 0.0273595952 0.0000119318 0.0000000052 0 0 0
969920 0 47 0.2511899787 0.0002012740 0.0000001613 0 0 0
973103 0 93 0.1948820294 0.0001733826 0.0000001543 0 0 0
975365 0 62 0.5167862723 0.0002284643 0.0000001010 0 0 0
976035 0 78 0.9216536211 0.0013756024 0.0000020531 0 0 0
977705 0 62 0.1475063095 0.0000883271 0.0000000529 0 0 0
986565 0 63 0.3764800030 0.0002744023 0.0000002000 0 0 0
1010044 0 62 0.1382880799 0.0000058899 0.0000000003 0 0 0
1011775 0 94 0.8006877748 0.0004625579 0.0000002672 0 0 0
1013148 0 78 0.2750157184 0.0002003028 0.0000001459 0 0 0
1013959 0 78 0.7650889722 0.0009433896 0.0000011632 0 0 0
1020090 0 78 0.0654100025 0.0000106687 0.0000000017 0 0 0
1021588 0 78 0.0209601773 0.0000139921 0.0000000093 0 0 0
1044317 4 6895 0.0000000000 0.0000000000 0.0000000000 0 0 0
1052523 0 93 0.0526591726 0.0000064172 0.0000000008 0 0 0
1063973 0 78 0.2496490116 0.0000457233 0.0000000084 0 0 0
1065939 0 78 0.0139441575 0.0000070927 0.0000000036 0 0 0
1076968 0 78 0.2988266279 0.0000270946 0.0000000025 0 0 0
1083427 0 78 0.2578207130 0.0001604360 0.0000000998 0 0 0
1084066 0 94 0.2357169465 0.0003688841 0.0000005773 0 0 0
1088824 3 999 0.2402696094 0.0000504980 0.0000000106 0 0 0
1091492 3 4149 0.4870651365 0.0001825581 0.0000000684 0 0 0
1102240 4 18190 0.0000000000 0.0000000000 0.0000000000 0 0 0
1121319 0 63 0.0534091808 0.0000027994 0.0000000001 0 0 0
1124814 4 13696 0.0000000000 0.0000000000 0.0000000000 0 0 0
1139868 4 8455 0.0000000000 0.0000000000 0.0000000000 0 0 0
1149353 0 93 0.0665272864 0.0000070139 0.0000000007 0 0 0
1158479 0 62 0.0105470584 0.0000021950 0.0000000005 0 0 0
1158541 4 6224 0.0000000000 0.0000000000 0.0000000000 0 0 0
1166747 0 93 0.0700608826 0.0000085378 0.0000000010 0 0 0
1168962 0 78 0.1227874186 0.0000554345 0.0000000250 0 0 0
1172238 4 5086 0.0000000000 0.0000000000 0.0000000000 0 0 0
1177433 4 7332 0.0000000000 0.0000000000 0.0000000000 0 0 0
1187744 0 94 0.0878088432 0.0000085160 0.0000000008 0 0 0
1187838 4 8736 0.0000000000 0.0000000000 0.0000000000 0 0 0
1199772 0 78 0.0119710811 0.0000010031 0.0000000001 0 0 0
1203578 0 78 0.1821416335 0.0000478564 0.0000000126 0 0 0
1204156 2 234 0.0422391238 0.0000730781 0.0000001264 78 78 78
1204873 2 250 0.0850767085 0.0001186565 0.0000001655 78 78 94
1205201 2 249 0.0000000000 0.0000000000 0.0000000000 78 109 62
1206184 2 280 0.0000000000 0.0000000000 0.0000000000 124 78 78
1206574 2 327 0.0000000000 0.0000000000 0.0000000000 124 110 93
1206964 2 296 0.0000000000 0.0000000000 0.0000000000 124 47 125
1207338 0 62 0.0000000000 0.0000000000 0.0000000000 0 0 0
1208430 2 281 0.0674135735 0.0000617340 0.0000000565 78 109 94
1208820 2 219 0.0000000000 0.0000000000 0.0000000000 94 62 63
1211425 3 281 0.1918657042 0.0000848213 0.0000000375 0 0 0
1212299 0 94 0.4132916203 0.0004728737 0.0000005410 0 0 0
1213204 0 93 0.1898747900 0.0002098064 0.0000002318 0 0 0
1218040 0 93 0.0934068152 0.0000193149 0.0000000040 0 0 0
1225231 0 94 0.1367900085 0.0000190224 0.0000000026 0 0 0
1228429 0 78 0.1801363255 0.0000563278 0.0000000176 0 0 0
1241237 0 63 0.5489515475 0.0000719653 0.0000000094 0 0 0
1244825 0 94 0.0091575509 0.0000025523 0.0000000007 0 0 0
1261938 0 78 0.1195975742 0.0000084623 0.0000000006 0 0 0
1262016 4 7301 0.0000000000 0.0000000000 0.0000000000 0 0 0
1271626 0 94 0.0499555058 0.0000330175 0.0000000218 0 0 0
1273030 0 94 0.0557026014 0.0000396742 0.0000000283 0 0 0
1276337 0 78 0.1867112737 0.0001032124 0.0000000571 0 0 0
1281407 0 94 0.0118343195 0.0000023342 0.0000000005 0 0 0
1282031 0 63 0.1621430962 0.0002598447 0.0000004164 0 0 0
1283092 0 78 0.1100425453 0.0001037159 0.0000000978 0 0 0
1283857 0 46 0.1692732040 0.0002212722 0.0000002892 0 0 0
1291111 0 78 0.1930001468 0.0000266060 0.0000000037 0 0 0
1293014 4 5179 0.0000000000 0.0000000000 0.0000000000 0 0 0
1304870 0 78 0.0482551391 0.0000040701 0.0000000003 0 0 0
1308333 0 78 0.0834854199 0.0000241078 0.0000000070 0 0 0
1308411 4 16692 0.0000000000 0.0000000000 0.0000000000 0 0 0
1326039 0 63 0.0419954154 0.0000023823 0.0000000001 0 0 0
1328754 0 78 0.0000000000 0.0000000000 0.0000000000 0 0 0
1331920 0 47 0.2890714136 0.0000913049 0.0000000288 0 0 0
1333886 0 47 0.3383187716 0.0001720848 0.0000000875 0 0 0
1339955 3 405 0.4397608413 0.0003030743 0.0000002089 0 0 0
1342170 0 62 0.6325084540 0.0002855569 0.0000001289 0 0 0
1348067 0 78 0.1921123855 0.0000562225 0.0000000165 0 0 0
1349408 0 78 0.4818925741 0.0003593531 0.0000002680 0 0 0
1354400 3 406 0.5006128153 0.0001002830 0.0000000201 0 0 0
1360983 0 63 0.3847892558 0.0000584520 0.0000000089 0 0 0
1362840 0 78 0.5642933328 0.0003038736 0.0000001636 0 0 0
1364291 0 93 0.2235046748 0.0001540349 0.0000001062 0 0 0
1364821 4 5351 0.0000000000 0.0000000000 0.0000000000 0 0 0
1371966 0 62 0.0728455490 0.0000101953 0.0000000014 0 0 0
1373401 3 1217 0.8528796178 0.0005943412 0.0000004142 0 0 0
1377223 0 63 0.3336426486 0.0000872953 0.0000000228 0 0 0
1381139 0 93 0.0685802199 0.0000175128 0.0000000045 0 0 0
1381232 4 12246 0.0000000000 0.0000000000 0.0000000000 0 0 0
1393588 0 62 0.0005665264 0.0000000459 0.0000000000 0 0 0
1394680 0 78 0.8095321641 0.0007413298 0.0000006789 0 0 0
1402573 4 6240 0.0000000000 0.0000000000 0.0000000000 0 0 0
1410841 0 78 0.0060014613 0.0000007259 0.0000000001 0 0 0
1413727 0 63 0.6452627552 0.0002235838 0.0000000775 0 0 0
1415116 0 93 0.1732456116 0.0001247269 0.0000000898 0 0 0
1420825 2 219 0.3527766753 0.0000617931 0.0000000108 94 47 78
1424897 4 5757 0.0000000000 0.0000000000 0.0000000000 0 0 0
1431465 0 93 0.0520958130 0.0000079318 0.0000000012 0 0 0
1433259 1 62 0.2200856994 0.0001226788 0.0000000684 0 0 0
1434819 0 62 0.2400434738 0.0001538740 0.0000000986 0 0 0
1438079 0 78 0.2466569725 0.0001904687 0.0000001471 0 0 0
1438469 4 6661 0.0000000000 0.0000000000 0.0000000000 0 0 0
1453866 2 203 0.2505635328 0.0000162735 0.0000000011 63 78 62
1460107 0 93 0.3402627621 0.0003635286 0.0000003884 0 0 0
1463741 2 188 0.1112056864 0.0000306015 0.0000000084 63 78 47
1465988 0 78 0.4958455795 0.0002206700 0.0000000982 0 0 0
1468359 4 5990 0.0000000000 0.0000000000 0.0000000000 0 0 0
1475083 0 62 0.0223694414 0.0000033268 0.0000000005 0 0 0
1476908 0 62 0.7391933459 0.0004050374 0.0000002219 0 0 0
1479388 0 63 0.2710424710 0.0002092992 0.0000001616 0 0 0
1481245 0 62 0.2612083218 0.0001406615 0.0000000757 0 0 0
1485113 0 78 0.0532103997 0.0000137566 0.0000000036 0 0 0
1487344 0 78 0.1372251983 0.0000615084 0.0000000276 0 0 0
1491744 0 62 0.2656157765 0.0000603672 0.0000000137 0 0 0
1493475 0 78 0.5934771636 0.0003428522 0.0000001981 0 0 0
1495098 0 78 0.8473000137 0.0005220579 0.0000003217 0 0 0
1496268 3 265 0.7312036034 0.0006249603 0.0000005342 0 0 0
1498701 0 63 0.4367496835 0.0002917500 0.0000001949 0 0 0
1499388 0 78 0.9508910780 0.0013841209 0.0000020147 0 0 0
1500370 0 94 0.9034129374 0.0009199724 0.0000009368 0 0 0
1501681 0 78 0.6543040533 0.0004990878 0.0000003807 0 0 0
1502430 0 62 0.1079013330 0.0001440605 0.0000001923 0 0 0
1502773 3 608 0.0470617561 0.0001372063 0.0000004000 0 0 0
1505518 4 6693 0.0000000000 0.0000000000 0.0000000000 0 0 0
1515300 4 5413 0.0000000000 0.0000000000 0.0000000000 0 0 0
1521883 2 203 0.1439766941 0.0000218710 0.0000000033 47 93 63
1524816 0 78 0.2006781797 0.0000684208 0.0000000233 0 0 0
1525721 3 2168 0.3621391013 0.0004001537 0.0000004422 0 0 0
1530151 2 265 0.0094679065 0.0000043975 0.0000000020 94 62 109
1533521 0 93 0.2052971706 0.0000609190 0.0000000181 0 0 0
1534332 2 234 0.3926814184 0.0004841941 0.0000005970 93 63 78
1540525 0 62 0.1373128465 0.0000221723 0.0000000036 0 0 0
1541742 2 234 0.2604135214 0.0002139799 0.0000001758 47 124 63
1544643 0 94 0.2356478112 0.0000812299 0.0000000280 0 0 0
1549027 2 172 0.0792134285 0.0000497885 0.0000000313 31 78 63
1552225 0 63 0.1555959111 0.0000486541 0.0000000152 0 0 0
1554082 2 218 0.2459603692 0.0001324504 0.0000000713 78 62 78
1556188 0 62 0.1526220180 0.0000724701 0.0000000344 0 0 0
1557545 0 78 0.3973309897 0.0002928010 0.0000002158 0 0 0
1558418 2 219 0.3908613629 0.0004477221 0.0000005129 78 78 63
1560696 0 62 0.4071473293 0.0001787302 0.0000000785 0 0 0
1561601 2 234 0.4136270144 0.0004570464 0.0000005050 109 31 94
1562802 0 78 0.3022428826 0.0002516594 0.0000002095 0 0 0
1570462 2 234 0.0039215686 0.0000051262 0.0000000067 78 78 78
1572474 1 47 0.2459537237 0.0001222434 0.0000000608 0 0 0
1577903 0 62 0.2147920131 0.0000395638 0.0000000073 0 0 0
1578433 1 78 0.0293143982 0.0000553102 0.0000001044 0 0 0
1579603 0 78 0.2506746960 0.0002142519 0.0000001831 0 0 0
1580212 1 62 0.9479119049 0.0015565056 0.0000025558 0 0 0
1581584 0 47 0.2398312515 0.0001748041 0.0000001274 0 0 0
1584502 0 62 0.3546340302 0.0001215333 0.0000000416 0 0 0
1586686 0 78 0.8214651114 0.0003761287 0.0000001722 0 0 0
1589619 2 202 0.3845755192 0.0001311202 0.0000000447 62 62 78
1590976 3 359 0.4980636874 0.0003670329 0.0000002705 0 0 0
1592411 3 1014 0.2286768880 0.0001593567 0.0000001110 0 0 0
1594221 3 592 0.1723722963 0.0000952333 0.0000000526 0 0 0
1596919 0 63 0.3271253412 0.0001212473 0.0000000449 0 0 0
1597341 3 218 0.4766864271 0.0011295887 0.0000026768 0 0 0
1598526 0 94 0.2115437979 0.0001785180 0.0000001506 0 0 0
1599369 0 93 0.9752384986 0.0011568665 0.0000013723 0 0 0
1602411 4 6177 0.0000000000 0.0000000000 0.0000000000 0 0 0
1609087 4 5195 0.0000000000 0.0000000000 0.0000000000 0 0 0
1615203 0 47 0.1202003889 0.0000196534 0.0000000032 0 0 0
1617917 0 63 0.5769683045 0.0002125896 0.0000000783 0 0 0
1619586 0 78 0.7382433481 0.0004423268 0.0000002650 0 0 0
1622285 0 94 0.4742735756 0.0001757220 0.0000000651 0 0 0
1622504 4 5413 0.0000000000 0.0000000000 0.0000000000 0 0 0
1628806 0 47 0.1320928023 0.0000209605 0.0000000033 0 0 0
1629867 0 47 0.2855703851 0.0002691521 0.0000002537 0 0 0
1631240 0 62 0.4642425547 0.0003381228 0.0000002463 0 0 0
1633470 2 219 0.0771974454 0.0000346177 0.0000000155 78 78 63
1641426 2 328 0.0380575628 0.0000047835 0.0000000006 47 187 94
1642581 0 47 0.3405059543 0.0002948104 0.0000002552 0 0 0
1643532 4 12169 0.0000000000 0.0000000000 0.0000000000 0 0 0
1660381 3 608 0.0615685752 0.0000036541 0.0000000002 0 0 0
1662190 3 156 0.0114135206 0.0000100207 0.0000000088 0 0 0
1663313 0 78 0.7555256917 0.0006727744 0.0000005991 0 0 0
1666621 0 78 0.5005624913 0.0002566987 0.0000001316 0 0 0
1668321 3 2668 0.7610038483 0.0004476493 0.0000002633 0 0 0
1672939 3 312 0.3291866057 0.0000712834 0.0000000154 0 0 0
1674686 3 515 0.4177785560 0.0002391406 0.0000001369 0 0 0
1675949 3 328 0.1245281689 0.0000985971 0.0000000781 0 0 0
1679974 4 22028 0.0000000000 0.0000000000 0.0000000000 0 0 0
1702813 0 62 0.0111497676 0.0000004882 0.0000000000 0 0 0
1704794 4 7441 0.0000000000 0.0000000000 0.0000000000 0 0 0
1712329 4 27207 0.0000000000 0.0000000000 0.0000000000 0 0 0
1749348 0 78 0.0579961436 0.0000015667 0.0000000000 0 0 0
1754371 0 78 0.1331295853 0.0000265040 0.0000000053 0 0 0
1756836 4 5148 0.0000000000 0.0000000000 0.0000000000 0 0 0
1768567 0 94 0.0281674874 0.0000024011 0.0000000002 0 0 0
1774979 0 94 0.0275577902 0.0000042978 0.0000000007 0 0 0
1776601 4 18486 0.0000000000 0.0000000000 0.0000000000 0 0 0
1796710 0 62 0.0447815844 0.0000022269 0.0000000001 0 0 0
1804058 4 6817 0.0000000000 0.0000000000 0.0000000000 0 0 0
1810984 4 12511 0.0000000000 0.0000000000 0.0000000000 0 0 0
1824478 0 62 0.0842578758 0.0000062441 0.0000000005 0 0 0
1827348 4 16646 0.0000000000 0.0000000000 0.0000000000 0 0 0
1852823 3 1888 0.0357404694 0.0000014030 0.0000000001 0 0 0
1858377 3 1934 0.0642220983 0.0000115632 0.0000000021 0 0 0
1864414 3 1451 0.0069138978 0.0000056811 0.0000000047 0 0 0
1867191 2 390 0.1083234116 0.0000390074 0.0000000140 47 281 62
1867815 0 63 0.0493962361 0.0000791606 0.0000001269 0 0 0
1868767 3 1076 0.0885523353 0.0000930172 0.0000000977 0 0 0
1874586 0 62 0.1083857249 0.0000771978 0.0000000550 0 0 0
1882822 2 203 0.4353160991 0.0001409702 0.0000000457 63 62 78
1884975 0 63 0.1407682808 0.0000653824 0.0000000304 0 0 0
1888111 0 62 0.4328087430 0.0001380130 0.0000000440 0 0 0
1889109 0 94 0.5698445238 0.0005709865 0.0000005721 0 0 0
1890279 0 78 0.1034188034 0.0000883921 0.0000000755 0 0 0
1891777 0 93 0.1159605164 0.0000774102 0.0000000517 0 0 0
1894866 3 483 0.2139076950 0.0000692482 0.0000000224 0 0 0
1895521 0 94 0.0403819805 0.0000616519 0.0000000941 0 0 0
1895989 3 811 0.2362728829 0.0005048566 0.0000010788 0 0 0
1899093 0 94 0.0896268165 0.0000288746 0.0000000093 0 0 0
1900560 0 62 0.4546524132 0.0003099198 0.0000002113 0 0 0
1902416 0 63 0.5215165090 0.0002809895 0.0000001514 0 0 0
1903571 0 46 0.8616090363 0.0007459818 0.0000006459 0 0 0
1907829 0 78 0.2932492027 0.0000688702 0.0000000162 0 0 0
1911729 0 63 0.0098643650 0.0000121632 0.0000000150 0 0 0
1913009 0 62 0.7528299505 0.0005881484 0.0000004595 0 0 0
1914023 0 93 0.1806120292 0.0001781184 0.0000001757 0 0 0
1917813 0 78 0.4677722810 0.0001234228 0.0000000326 0 0 0
1919046 2 203 0.7069570933 0.0005733634 0.0000004650 78 62 63
1921635 0 47 0.3293422471 0.0001272083 0.0000000491 0 0 0
1924740 0 93 0.6098123710 0.0001963969 0.0000000633 0 0 0
1927470 0 47 0.5039729763 0.0001846055 0.0000000676 0 0 0
1933164 0 47 0.2232258861 0.0000392037 0.0000000069 0 0 0
1934724 0 62 0.6315460719 0.0004048372 0.0000002595 0 0 0
1936222 0 78 0.6938605419 0.0004631913 0.0000003092 0 0 0
1938031 0 78 0.2823518441 0.0001560817 0.0000000863 0 0 0
1938624 0 62 0.3616959330 0.0006099426 0.0000010286 0 0 0
1943164 0 62 0.2199053470 0.0000484373 0.0000000107 0 0 0
1945348 0 46 0.2844842388 0.0001302584 0.0000000596 0 0 0
1960979 0 62 0.2184228564 0.0000509144 0.0000000119 0 0 0
1966345 0 94 0.0137631293 0.0000049848 0.0000000018 0 0 0
1970417 0 78 0.0000000000 0.0000000000 0.0000000000 0 0 0
1971462 0 94 0.0156316627 0.0000149585 0.0000000143 0 0 0
1985221 0 94 0.1487372859 0.0000209548 0.0000000030 0 0 0
1986906 0 63 0.0232417078 0.0000137933 0.0000000082 0 0 0
1989948 0 63 0.0200964252 0.0000066063 0.0000000022 0 0 0
1993006 0 78 0.1481282171 0.0000484396 0.0000000158 0 0 0
1996391 0 94 0.0233425692 0.0000164500 0.0000000116 0 0 0
1998279 0 47 0.1174243747 0.0000621951 0.0000000329 0 0 0
1999386 0 63 0.0382876267 0.0000345868 0.0000000312 0 0 0
2001134 0 93 0.0499755527 0.0000285901 0.0000000164 0 0 0
2002023 0 78 0.0311310582 0.0000350181 0.0000000394 0 0 0
2004628 0 62 0.0245707227 0.0000094321 0.0000000036 0 0 0
2006734 0 62 0.0233301986 0.0000110780 0.0000000053 0 0 0
2009277 0 78 0.2764460371 0.0001087086 0.0000000427 0 0 0
2010010 0 62 0.4122941266 0.0005624749 0.0000007674 0 0 0
2011710 3 1092 0.5474286993 0.0003220169 0.0000001894 0 0 0
2013395 3 437 0.3086639599 0.0001831834 0.0000001087 0 0 0
2014846 0 47 0.6664656131 0.0004593147 0.0000003166 0 0 0
2015454 3 2340 0.1294066110 0.0002128398 0.0000003501 0 0 0
2019682 0 63 0.1818954058 0.0000430216 0.0000000102 0 0 0
2020291 0 62 0.0266602101 0.0000437770 0.0000000719 0 0 0
2027451 0 62 0.3092623919 0.0000431931 0.0000000060 0 0 0
2028839 0 63 0.6899518818 0.0004970835 0.0000003581 0 0 0
2032334 0 93 0.6946466079 0.0002634231 0.0000000999 0 0 0
2036811 3 1108 0.2252251824 0.0000503072 0.0000000112 0 0 0
2038948 3 1123 0.0339462870 0.0000158850 0.0000000074 0 0 0
2041007 3 890 0.0628958544 0.0000305468 0.0000000148 0 0 0
2042739 3 530 0.0448365966 0.0000258872 0.0000000149 0 0 0
2044159 3 608 0.0552372917 0.0000388995 0.0000000274 0 0 0
2046545 3 1014 0.0255209230 0.0000106961 0.0000000045 0 0 0
2048121 0 47 0.0809507744 0.0000513647 0.0000000326 0 0 0
2049369 0 78 0.4145516088 0.0003321728 0.0000002662 0 0 0
2051054 0 94 0.4773257369 0.0002832794 0.0000001681 0 0 0
2054221 0 78 0.0593415970 0.0000314309 0.0000000166 0 0 0
2055188 0 78 0.1695851738 0.0001753725 0.0000001814 0 0 0
2056327 0 78 0.5669536311 0.0004977644 0.0000004370 0 0 0
2061756 0 93 0.2457237118 0.0001016227 0.0000000420 0 0 0
2063971 4 35771 0.0000000000 0.0000000000 0.0000000000 0 0 0
2102253 0 78 0.0472942786 0.0000012354 0.0000000000 0 0 0
2107776 0 93 0.2438553563 0.0000441527 0.0000000080 0 0 0
2108681 4 40529 0.0000000000 0.0000000000 0.0000000000 0 0 0
2150926 4 9017 0.0000000000 0.0000000000 0.0000000000 0 0 0
2160847 0 78 0.0843231979 0.0000084995 0.0000000009 0 0 0
2166432 0 63 0.2114688191 0.0000378637 0.0000000068 0 0 0
2167306 0 78 0.2002107749 0.0002290741 0.0000002621 0 0 0
2169973 0 47 0.8173985630 0.0003064862 0.0000001149 0 0 0
2171284 0 62 0.1457799735 0.0001111975 0.0000000848 0 0 0
2172891 3 343 0.4653056899 0.0002895493 0.0000001802 0 0 0
2174778 3 203 0.4227488393 0.0002240322 0.0000001187 0 0 0
2175574 3 312 0.1076451069 0.0001352325 0.0000001699 0 0 0
2178476 0 62 0.3100018206 0.0001068235 0.0000000368 0 0 0
2179458 2 234 1.0283537866 0.0010472034 0.0000010664 78 63 93
2182126 3 1264 0.3016307885 0.0001130550 0.0000000424 0 0 0
2184669 3 530 0.5062136693 0.0001990616 0.0000000783 0 0 0
2187087 3 468 0.1626755624 0.0000672769 0.0000000278 0 0 0
2190020 0 62 0.1311482462 0.0000447147 0.0000000152 0 0 0
2191143 4 8299 0.0000000000 0.0000000000 0.0000000000 0 0 0
2199567 0 93 0.0016849684 0.0000002000 0.0000000000 0 0 0
2204496 0 63 0.0793240747 0.0000508488 0.0000000326 0 0 0
2207211 3 218 0.1384135449 0.0002272800 0.0000003732 0 0 0
2208475 0 78 0.2162816306 0.0001711089 0.0000001354 0 0 0
2212858 0 63 0.3372514071 0.0000769453 0.0000000176 0 0 0
2215120 0 78 0.8019818746 0.0003545455 0.0000001567 0 0 0
2216649 0 47 0.5001716739 0.0003271234 0.0000002139 0 0 0
2217928 0 94 0.9377321515 0.0007331760 0.0000005732 0 0 0
2221563 0 62 0.1655163590 0.0000455341 0.0000000125 0 0 0
2222343 0 78 0.2938637042 0.0003767483 0.0000004830 0 0 0
2223747 0 47 0.7380242603 0.0005256583 0.0000003744 0 0 0
2225167 3 436 0.5729137659 0.0004034604 0.0000002841 0 0 0
2227288 4 17831 0.0000000000 0.0000000000 0.0000000000 0 0 0
2246539 4 23790 0.0000000000 0.0000000000 0.0000000000 0 0 0
2271234 0 93 0.0177546647 0.0000007190 0.0000000000 0 0 0
2271515 4 133958 0.0000000000 0.0000000000 0.0000000000 0 0 0
2411759 0 63 0.0095370339 0.0000000680 0.0000000000 0 0 0
2413054 4 15429 0.0000000000 0.0000000000 0.0000000000 0 0 0
2430589 0 93 0.0831001898 0.0000047391 0.0000000003 0 0 0
2434629 0 94 0.2190943762 0.0000542313 0.0000000134 0 0 0
2436704 0 47 0.1720490688 0.0000829152 0.0000000400 0 0 0
2441181 0 78 0.1317323078 0.0000294242 0.0000000066 0 0 0
2444005 4 30841 0.0000000000 0.0000000000 0.0000000000 0 0 0
2475252 0 78 0.0168364545 0.0000005388 0.0000000000 0 0 0
2477077 4 7784 0.0000000000 0.0000000000 0.0000000000 0 0 0
2497966 0 62 0.0261142274 0.0000012501 0.0000000001 0 0 0
2498293 4 9969 0.0000000000 0.0000000000 0.0000000000 0 0 0
2509135 0 94 0.0173822561 0.0000016032 0.0000000001 0 0 0
2509229 4 15257 0.0000000000 0.0000000000 0.0000000000 0 0 0
2527169 0 62 0.0209968467 0.0000011704 0.0000000001 0 0 0
2527497 4 41511 0.0000000000 0.0000000000 0.0000000000 0 0 0
2571239 0 78 0.0212170147 0.0000004850 0.0000000000 0 0 0
2572596 0 78 0.3768589798 0.0002777148 0.0000002047 0 0 0
2579991 0 78 0.2635707477 0.0000356418 0.0000000048 0 0 0
2583751 0 78 0.2191816690 0.0000582930 0.0000000155 0 0 0
2586278 0 47 0.3812788281 0.0001508820 0.0000000597 0 0 0
2587058 0 62 0.9451022753 0.0012116696 0.0000015534 0 0 0
2588727 0 47 0.9462067534 0.0005669303 0.0000003397 0 0 0
2592861 3 780 0.3393079802 0.0000820774 0.0000000199 0 0 0
2594437 3 639 0.1306547212 0.0000829027 0.0000000526 0 0 0
2595685 3 468 0.0336538462 0.0000269662 0.0000000216 0 0 0
2598883 0 78 0.3011646661 0.0000941728 0.0000000294 0 0 0
2600895 0 62 0.2793416583 0.0001388378 0.0000000690 0 0 0
2603890 3 219 0.4006942048 0.0001337877 0.0000000447 0 0 0
2604935 3 3713 0.4002313422 0.0003829965 0.0000003665 0 0 0
2610458 4 19500 0.0000000000 0.0000000000 0.0000000000 0 0 0
2631768 4 6302 0.0000000000 0.0000000000 0.0000000000 0 0 0
2641580 0 62 0.0487273548 0.0000049661 0.0000000005 0 0 0
2641954 4 11404 0.0000000000 0.0000000000 0.0000000000 0 0 0
2656010 4 14555 0.0000000000 0.0000000000 0.0000000000 0 0 0
2672047 0 78 0.0609547272 0.0000038009 0.0000000002 0 0 0
2673810 2 405 0.0160213618 0.0000213903 0.0000000286 62 250 93
2677538 3 328 0.4418815242 0.0001185305 0.0000000318 0 0 0
2678381 3 327 0.1625137506 0.0001927802 0.0000002287 0 0 0
2682920 0 63 0.1445795412 0.0000318527 0.0000000070 0 0 0
2688302 4 5304 0.0000000000 0.0000000000 0.0000000000 0 0 0
2701531 0 78 0.0063425459 0.0000004794 0.0000000000 0 0 0
2701859 4 84318 0.0000000000 0.0000000000 0.0000000000 0 0 0
2787098 0 62 0.0080631645 0.0000000946 0.0000000000 0 0 0
2791013 0 78 0.5005396345 0.0001812893 0.0000000657 0 0 0
2791622 4 7831 0.0000000000 0.0000000000 0.0000000000 0 0 0
2800483 0 47 0.1097410602 0.0000123847 0.0000000014 0 0 0
2801512 0 78 0.7839449202 0.0007618512 0.0000007404 0 0 0
2804430 0 78 0.4058280229 0.0001390775 0.0000000477 0 0 0
2805366 4 8892 0.0000000000 0.0000000000 0.0000000000 0 0 0
2816535 0 94 0.2533142119 0.0001910364 0.0000001441 0 0 0
2818750 4 8393 0.0000000000 0.0000000000 0.0000000000 0 0 0
2828298 0 62 0.0825345581 0.0000086442 0.0000000009 0 0 0
2832447 0 63 0.3127592583 0.0000753818 0.0000000182 0 0 0
2832666 4 6255 0.0000000000 0.0000000000 0.0000000000 0 0 0
2839733 0 62 0.0732162757 0.0000103603 0.0000000015 0 0 0
2841059 0 62 0.6673529909 0.0005032828 0.0000003795 0 0 0
2841932 0 78 0.8940844772 0.0010241517 0.0000011731 0 0 0
2844054 3 827 0.4654091280 0.0002193257 0.0000001034 0 0 0
2845411 0 62 0.3278232871 0.0002415794 0.0000001780 0 0 0
2846924 0 63 0.4833633163 0.0003194734 0.0000002112 0 0 0
2853336 0 78 0.2168807242 0.0000338242 0.0000000053 0 0 0
2855613 0 94 0.4865076283 0.0002136617 0.0000000938 0 0 0
2856768 0 93 0.0000000000 0.0000000000 0.0000000000 0 0 0
2859014 0 78 0.4958432343 0.0002207672 0.0000000983 0 0 0
2864381 0 62 0.2771191843 0.0000516339 0.0000000096 0 0 0
2865395 0 93 0.8005737414 0.0007895205 0.0000007786 0 0 0
2868905 0 62 0.3783078898 0.0001077800 0.0000000307 0 0 0
2870262 0 62 0.7943845207 0.0005853976 0.0000004314 0 0 0
2875441 3 811 0.1645059248 0.0000317640 0.0000000061 0 0 0
2877235 3 702 0.0286608399 0.0000159759 0.0000000089 0 0 0
2882898 4 6396 0.0000000000 0.0000000000 0.0000000000 0 0 0
2890589 3 1217 0.0228314154 0.0000029686 0.0000000004 0 0 0
2892679 4 7254 0.0000000000 0.0000000000 0.0000000000 0 0 0
2900885 4 5304 0.0000000000 0.0000000000 0.0000000000 0 0 0
2907796 4 246169 0.0000000000 0.0000000000 0.0000000000 0 0 0
3154433 0 63 0.0013992821 0.0000000057 0.0000000000 0 0 0
3154496 4 22963 0.0000000000 0.0000000000 0.0000000000 0 0 0
3178582 0 63 0.0440827402 0.0000018302 0.0000000001 0 0 0
3179924 0 62 0.6017837654 0.0004484231 0.0000003341 0 0 0
3180595 0 78 0.2949077335 0.0004395048 0.0000006550 0 0 0
3184994 0 62 0.2747061611 0.0000624474 0.0000000142 0 0 0
3187740 4 10935 0.0000000000 0.0000000000 0.0000000000 0 0 0
3201577 3 1185 0.0204024260 0.0000014745 0.0000000001 0 0 0
3206569 3 2964 0.2787653186 0.0000558424 0.0000000112 0 0 0
3209783 4 69030 0.0000000000 0.0000000000 0.0000000000 0 0 0
3279858 0 63 0.0238457028 0.0000003403 0.0000000000 0 0 0
3299234 4 8018 0.0000000000 0.0000000000 0.0000000000 0 0 0
3308406 4 22262 0.0000000000 0.0000000000 0.0000000000 0 0 0
3331635 0 78 0.0358394865 0.0000015429 0.0000000001 0 0 0
3336190 4 5398 0.0000000000 0.0000000000 0.0000000000 0 0 0
3348405 0 62 0.2349058023 0.0000192309 0.0000000016 0 0 0
3357110 0 47 0.2923058113 0.0000671504 0.0000000154 0 0 0
3358966 0 63 0.2244815734 0.0001209491 0.0000000652 0 0 0
3362461 0 62 0.3473225115 0.0000993770 0.0000000284 0 0 0
3363896 0 78 0.8051373144 0.0005610713 0.0000003910 0 0 0
3374332 0 63 0.2294725881 0.0000219886 0.0000000021 0 0 0
3378622 0 94 0.2465066538 0.0000574608 0.0000000134 0 0 0
3379387 0 62 0.2683975492 0.0003508465 0.0000004586 0 0 0
3380432 3 671 0.8924466832 0.0008540160 0.0000008172 0 0 0
3381680 3 530 0.2809699338 0.0002251362 0.0000001804 0 0 0
3383084 3 2590 0.6778961454 0.0004828320 0.0000003439 0 0 0
3388060 0 78 0.2685162633 0.0000539623 0.0000000108 0 0 0
3391914 0 62 0.7323292336 0.0006902255 0.0000006505 0 0 0
3395533 3 1966 0.1402905532 0.0000387650 0.0000000107 0 0 0
3400478 3 687 0.0823408637 0.0000166513 0.0000000034 0 0 0
3402085 3 608 0.0327467316 0.0000203776 0.0000000127 0 0 0
3403333 3 1045 0.0344433887 0.0000275989 0.0000000221 0 0 0
3405049 3 718 0.0326302597 0.0000190153 0.0000000111 0 0 0
3406578 3 624 0.0333059076 0.0000217828 0.0000000142 0 0 0
3409573 0 78 0.2561468866 0.0000855248 0.0000000286 0 0 0
3410197 0 62 0.3221158974 0.0005162114 0.0000008273 0 0 0
3419292 0 78 0.2690661451 0.0000295840 0.0000000033 0 0 0
3422193 0 78 0.4424539093 0.0001525177 0.0000000526 0 0 0
3426796 0 46 0.1427727507 0.0000310173 0.0000000067 0 0 0
3428512 0 62 0.7411716968 0.0004319182 0.0000002517 0 0 0
3437482 4 65629 0.0000000000 0.0000000000 0.0000000000 0 0 0
3516933 4 14836 0.0000000000 0.0000000000 0.0000000000 0 0 0
3531769 0 78 0.0000000000 0.0000000000 0.0000000000 0 0 0
3535294 4 21014 0.0000000000 0.0000000000 0.0000000000 0 0 0
3556776 0 78 0.0269462134 0.0000012544 0.0000000001 0 0 0
3563842 0 94 0.1113186729 0.0000157541 0.0000000022 0 0 0
3565636 4 35647 0.0000000000 0.0000000000 0.0000000000 0 0 0
3609441 3 796 0.0399842339 0.0000054194 0.0000000007 0 0 0
3613856 0 78 0.3017423911 0.0000683448 0.0000000155 0 0 0
3622967 4 25912 0.0000000000 0.0000000000 0.0000000000 0 0 0
3649456 0 62 0.0352009167 0.0000013289 0.0000000001 0 0 0
3651765 0 78 0.4738436378 0.0003066949 0.0000001985 0 0 0
3659440 0 62 0.2231042751 0.0000290690 0.0000000038 0 0 0
3667957 0 63 0.1172028048 0.0000137610 0.0000000016 0 0 0
3670578 4 12075 0.0000000000 0.0000000000 0.0000000000 0 0 0
3684603 0 47 0.0677579996 0.0000048312 0.0000000003 0 0 0
3685196 0 62 0.0527276326 0.0000889167 0.0000001499 0 0 0
3687114 4 6131 0.0000000000 0.0000000000 0.0000000000 0 0 0
3695460 0 78 0.0915501820 0.0000109693 0.0000000013 0 0 0
3697707 4 6365 0.0000000000 0.0000000000 0.0000000000 0 0 0
3706178 4 19422 0.0000000000 0.0000000000 0.0000000000 0 0 0
3726380 0 62 0.0677415037 0.0000033532 0.0000000002 0 0 0
3730061 0 47 0.4165333278 0.0001131577 0.0000000307 0 0 0
3731325 0 47 0.6058831470 0.0004793379 0.0000003792 0 0 0
3737222 4 9391 0.0000000000 0.0000000000 0.0000000000 0 0 0
3747799 0 62 0.1817628371 0.0000171847 0.0000000016 0 0 0
3751293 4 17020 0.0000000000 0.0000000000 0.0000000000 0 0 0
3769171 4 5554 0.0000000000 0.0000000000 0.0000000000 0 0 0
3776971 2 172 0.0439129203 0.0000056299 0.0000000007 62 47 63
3781667 0 46 0.0958016435 0.0000204007 0.0000000043 0 0 0
3785691 0 47 0.3992859998 0.0001196183 0.0000000358 0 0 0
3788390 3 297 0.3541912464 0.0001312305 0.0000000486 0 0 0
3788796 4 196249 0.0000000000 0.0000000000 0.0000000000 0 0 0
3986855 3 1045 0.0043293953 0.0000000219 0.0000000000 0 0 0
4001831 4 5366 0.0000000000 0.0000000000 0.0000000000 0 0 0
4016261 0 78 0.1281073669 0.0000346517 0.0000000094 0 0 0
4018273 0 94 0.3782309776 0.0001879876 0.0000000934 0 0 0
4019365 0 94 0.0460049013 0.0000421290 0.0000000386 0 0 0
4023546 0 63 0.3267159293 0.0000781430 0.0000000187 0 0 0
4024810 3 795 0.4796880886 0.0003795001 0.0000003002 0 0 0
4028273 0 78 0.4219478538 0.0001218446 0.0000000352 0 0 0
4035449 4 20842 0.0000000000 0.0000000000 0.0000000000 0 0 0
4057149 0 62 0.0567229813 0.0000026140 0.0000000001 0 0 0
4063966 4 9282 0.0000000000 0.0000000000 0.0000000000 0 0 0
4080065 0 94 0.1034316971 0.0000064247 0.0000000004 0 0 0
4082452 0 78 0.0000000000 0.0000000000 0.0000000000 0 0 0
4090751 0 47 0.1447579412 0.0000174428 0.0000000021 0 0 0
4101188 4 41403 0.0000000000 0.0000000000 0.0000000000 0 0 0
4150671 4 52760 0.0000000000 0.0000000000 0.0000000000 0 0 0
4203509 4 48157 0.0000000000 0.0000000000 0.0000000000 0 0 0
4253788 0 62 0.0438847267 0.0000008728 0.0000000000 0 0 0
4255582 3 889 0.6693417766 0.0003731002 0.0000002080 0 0 0
4258172 0 62 0.3783188534 0.0001460691 0.0000000564 0 0 0
4261042 0 62 0.9948938157 0.0005360419 0.0000002888 0 0 0
4263008 0 62 0.6526180957 0.0003319522 0.0000001688 0 0 0
4263975 4 123865 0.0000000000 0.0000000000 0.0000000000 0 0 0
4391865 0 46 0.0099405406 0.0000000777 0.0000000000 0 0 0
4392130 4 98577 0.0000000000 0.0000000000 0.0000000000 0 0 0
4501050 0 78 0.1239209136 0.0000150153 0.0000000018 0 0 0
4501315 4 12433 0.0000000000 0.0000000000 0.0000000000 0 0 0
4515495 3 796 0.0339096187 0.0000023914 0.0000000002 0 0 0
4518912 0 47 0.1644193911 0.0000481181 0.0000000141 0 0 0
4521158 0 63 1.0423407595 0.0008352089 0.0000006692 0 0 0
4524793 0 78 0.3700513277 0.0001018023 0.0000000280 0 0 0
4526119 0 47 0.5528149077 0.0004169042 0.0000003144 0 0 0
4531907 4 22854 0.0000000000 0.0000000000 0.0000000000 0 0 0
4556555 0 78 0.0244411820 0.0000009916 0.0000000000 0 0 0
4559020 0 62 0.7275836275 0.0002951658 0.0000001197 0 0 0
4568192 0 63 0.3024965202 0.0000682836 0.0000000154 0 0 0
4569440 4 6038 0.0000000000 0.0000000000 0.0000000000 0 0 0
4576258 4 7176 0.0000000000 0.0000000000 0.0000000000 0 0 0
4583886 4 23868 0.0000000000 0.0000000000 0.0000000000 0 0 0
4608597 0 62 0.0290324032 0.0000011749 0.0000000000 0 0 0
4613994 0 47 0.3387374149 0.0001014792 0.0000000304 0 0 0
4614618 4 33853 0.0000000000 0.0000000000 0.0000000000 0 0 0
4651138 3 1123 0.0226731489 0.0000006208 0.0000000000 0 0 0
4654773 0 62 0.3950397408 0.0001086767 0.0000000299 0 0 0
4655912 0 62 0.4863123874 0.0004269643 0.0000003749 0 0 0
4656520 0 78 0.0084905883 0.0000139648 0.0000000230 0 0 0
4658751 3 2870 0.6327649576 0.0005335286 0.0000004499 0 0 0
4663228 0 63 0.2341503813 0.0000523007 0.0000000117 0 0 0
4666379 0 63 0.4807489069 0.0004467927 0.0000004152 0 0 0
4669874 0 47 0.3839970604 0.0001098704 0.0000000314 0 0 0
4674382 0 78 0.3614417702 0.0000801779 0.0000000178 0 0 0
4684476 4 8767 0.0000000000 0.0000000000 0.0000000000 0 0 0
4694382 3 1092 0.0719778638 0.0000072661 0.0000000007 0 0 0
4700091 0 94 0.0310689052 0.0000054421 0.0000000010 0 0 0
4700419 4 18065 0.0000000000 0.0000000000 0.0000000000 0 0 0
4719467 3 592 0.0524304501 0.0000027525 0.0000000001 0 0 0
4721245 0 78 0.0998024106 0.0000561318 0.0000000316 0 0 0
4721885 3 904 0.1114355758 0.0001741181 0.0000002721 0 0 0
4724287 4 55926 0.0000000000 0.0000000000 0.0000000000 0 0 0
4781212 0 93 0.0117804033 0.0000002069 0.0000000000 0 0 0
4785221 2 203 0.0698176381 0.0000250063 0.0000000090 62 63 78
4791367 2 203 0.1453422065 0.0000236483 0.0000000038 63 93 47
4793739 0 78 0.2301652898 0.0000970343 0.0000000409 0 0 0
4799090 0 93 0.2136009182 0.0000399179 0.0000000075 0 0 0
4804674 0 47 0.0737377476 0.0000132052 0.0000000024 0 0 0
4805439 4 32042 0.0000000000 0.0000000000 0.0000000000 0 0 0
4838059 0 46 0.0184578181 0.0000005658 0.0000000000 0 0 0
4839743 0 63 0.6039488177 0.0003586394 0.0000002130 0 0 0
4843331 0 94 0.0000000000 0.0000000000 0.0000000000 0 0 0
4846732 0 78 0.4276713933 0.0002885772 0.0000001947 0 0 0
4851880 0 63 0.4256737946 0.0000826872 0.0000000161 0 0 0
4852161 4 15897 0.0000000000 0.0000000000 0.0000000000 0 0 0
4869259 0 78 0.0117642908 0.0000006881 0.0000000000 0 0 0
4870476 0 78 0.7114130495 0.0005845629 0.0000004803 0 0 0
4873190 0 62 0.7452496503 0.0004048070 0.0000002199 0 0 0
4876060 0 63 0.4959990638 0.0003698725 0.0000002758 0 0 0
4876996 4 19438 0.0000000000 0.0000000000 0.0000000000 0 0 0
4897495 0 62 0.0613380650 0.0000029922 0.0000000001 0 0 0
4899539 0 62 0.0513211989 0.0000567085 0.0000000627 0 0 0
4902269 0 93 0.2822615907 0.0001033925 0.0000000379 0 0 0
4909398 0 93 0.3518769441 0.0000707006 0.0000000142 0 0 0
4911410 0 94 0.5812850668 0.0002889091 0.0000001436 0 0 0
4921831 2 234 0.1196281371 0.0000114795 0.0000000011 78 63 93
4924733 0 78 0.3590002802 0.0001237079 0.0000000426 0 0 0
4925840 0 63 0.9196769761 0.0008307832 0.0000007505 0 0 0
4933656 0 94 0.1524422582 0.0000224114 0.0000000033 0 0 0
4934436 0 62 0.7536988919 0.0009662806 0.0000012388 0 0 0
4935715 2 234 0.1668549650 0.0001304574 0.0000001020 78 63 93
4937244 0 94 0.0882567239 0.0000577219 0.0000000378 0 0 0
4938164 0 94 0.2901828347 0.0003154161 0.0000003428 0 0 0
4939256 2 234 1.0022721374 0.0009178316 0.0000008405 94 62 78
4949334 0 47 0.1517706295 0.0000150596 0.0000000015 0 0 0
4954233 4 15490 0.0000000000 0.0000000000 0.0000000000 0 0 0
4970644 0 62 0.0401014567 0.0000024436 0.0000000001 0 0 0
4971798 0 63 0.9655067845 0.0008366610 0.0000007250 0 0 0
4973233 0 94 0.9239597565 0.0006438744 0.0000004487 0 0 0
4976463 0 93 0.3891780488 0.0001204886 0.0000000373 0 0 0
4978054 0 47 0.7066680662 0.0004441660 0.0000002792 0 0 0
4978709 4 26473 0.0000000000 0.0000000000 0.0000000000 0 0 0
5006961 0 47 0.0399613646 0.0000014145 0.0000000001 0 0 0
5009285 0 78 0.7637025133 0.0003286155 0.0000001414 0 0 0
