71.9288939052 14.9344890097
80.7142857143 12.7471485407
524.1946902655 77.7768373745
81.7876106195 26.1741787668
367.7964601770 81.3396853464
74.6106194690 21.9514482875
0.3196620468 0.2747414155
0.0002505470 0.0002975214
0.0000002490 0.0000004720

4609 0 63 0.0089026672 0.0000019316 0.0000000004 0 0 0
6516 0 78 0.0350930248 0.0000448760 0.0000000574 0 0 0
7219 0 47 0.0344001130 0.0000489333 0.0000000696 0 0 0
7703 4 34516 0.0000000000 0.0000000000 0.0000000000 0 0 0
44203 0 47 0.0748418909 0.0000020505 0.0000000001 0 0 0
46000 0 78 0.7347979954 0.0004089026 0.0000002275 0 0 0
50250 4 24297 0.0000000000 0.0000000000 0.0000000000 0 0 0
74563 4 18343 0.0000000000 0.0000000000 0.0000000000 0 0 0
104391 0 78 0.0628591484 0.0000021074 0.0000000001 0 0 0
107891 4 10531 0.0000000000 0.0000000000 0.0000000000 0 0 0
130719 4 11969 0.0000000000 0.0000000000 0.0000000000 0 0 0
143891 4 12375 0.0000000000 0.0000000000 0.0000000000 0 0 0
157016 0 78 0.0411841108 0.0000031378 0.0000000002 0 0 0
157563 4 15265 0.0000000000 0.0000000000 0.0000000000 0 0 0
172891 4 19984 0.0000000000 0.0000000000 0.0000000000 0 0 0
194750 4 18266 0.0000000000 0.0000000000 0.0000000000 0 0 0
215953 3 1078 0.1004177382 0.0000047360 0.0000000002 0 0 0
219453 0 63 0.8012878019 0.0002289394 0.0000000654 0 0 0
223703 2 531 0.1786634394 0.0000420385 0.0000000099 63 390 78
224609 2 485 0.0000000000 0.0000000000 0.0000000000 47 360 78
225406 2 500 0.0000000000 0.0000000000 0.0000000000 94 328 78
226219 2 484 0.0000000000 0.0000000000 0.0000000000 78 328 78
227016 2 547 0.0000000000 0.0000000000 0.0000000000 78 390 79
230453 2 516 0.0152869022 0.0000060399 0.0000000024 78 375 63
231703 0 78 0.0008000000 0.0000006400 0.0000000005 0 0 0
232656 0 78 0.0010493179 0.0000011011 0.0000000012 0 0 0
238625 0 63 0.1751818064 0.0000344982 0.0000000068 0 0 0
243109 2 532 0.4694011690 0.0002294238 0.0000001121 94 406 32
245203 0 63 0.5607724033 0.0002677996 0.0000001279 0 0 0
247328 0 47 0.4047453105 0.0001904684 0.0000000896 0 0 0
249203 0 78 0.2669051398 0.0001423494 0.0000000759 0 0 0
254563 0 46 0.2053736703 0.0000486783 0.0000000115 0 0 0
259500 0 63 0.3205124681 0.0000880287 0.0000000242 0 0 0
259563 4 5046 0.0000000000 0.0000000000 0.0000000000 0 0 0
264609 0 63 0.0000000000 0.0000000000 0.0000000000 0 0 0
287406 0 78 0.1385099925 0.0000060758 0.0000000003 0 0 0
288313 0 62 0.5565845467 0.0006136544 0.0000006766 0 0 0
289203 0 63 0.2987420719 0.0003356652 0.0000003772 0 0 0
290063 0 62 0.8198755053 0.0009533436 0.0000011085 0 0 0
291797 0 78 0.5052394253 0.0002913722 0.0000001680 0 0 0
292906 0 47 0.7294701004 0.0006577729 0.0000005931 0 0 0
295563 0 46 0.8026992459 0.0009510655 0.0000011269 0 0 0
297922 0 47 0.0817325554 0.0000346471 0.0000000147 0 0 0
299375 0 47 0.0000000000 0.0000000000 0.0000000000 0 0 0
300859 0 47 0.6600742594 0.0004447940 0.0000002997 0 0 0
308141 0 78 0.0422165192 0.0000064482 0.0000000010 0 0 0
310531 0 78 0.0000000000 0.0000000000 0.0000000000 0 0 0
310609 4 6297 0.0000000000 0.0000000000 0.0000000000 0 0 0
316906 0 78 0.0000000000 0.0000000000 0.0000000000 0 0 0
320688 0 93 0.0002644104 0.0000000699 0.0000000000 0 0 0
325141 0 78 0.0395317493 0.0000088776 0.0000000020 0 0 0
329297 2 547 0.0243056081 0.0000058483 0.0000000014 62 391 94
335719 0 78 0.2813443397 0.0000438095 0.0000000068 0 0 0
337188 0 46 0.7477761221 0.0005090375 0.0000003465 0 0 0
345563 0 62 0.0000000000 0.0000000000 0.0000000000 0 0 0
356188 0 62 0.2308591492 0.0003078122 0.0000004104 0 0 0
357859 0 94 0.5068484762 0.0005792554 0.0000006620 0 0 0
358656 0 78 0.8188618781 0.0010274302 0.0000012891 0 0 0
359516 0 78 0.6891024369 0.0008012819 0.0000009317 0 0 0
362172 0 47 0.3107764305 0.0001170092 0.0000000441 0 0 0
364000 0 63 0.0192280608 0.0000105186 0.0000000058 0 0 0
366219 0 62 0.2813226860 0.0001267790 0.0000000571 0 0 0
372156 0 63 0.1834879378 0.0000309058 0.0000000052 0 0 0
373344 0 62 0.3196597710 0.0002690739 0.0000002265 0 0 0
376484 0 79 0.3259722698 0.0001038128 0.0000000331 0 0 0
382469 0 94 0.1060158385 0.0000200143 0.0000000038 0 0 0
384188 0 62 0.2559758368 0.0001489097 0.0000000866 0 0 0
388672 0 62 0.0917133907 0.0000204535 0.0000000046 0 0 0
391422 0 62 0.7285820607 0.0002649389 0.0000000963 0 0 0
392141 0 62 0.2448564153 0.0003405513 0.0000004736 0 0 0
396938 0 46 0.3170424632 0.0000660918 0.0000000138 0 0 0
403047 0 78 0.2810312856 0.0000460028 0.0000000075 0 0 0
404766 0 78 0.5302217943 0.0003084478 0.0000001794 0 0 0
405609 0 94 0.6032373975 0.0007155841 0.0000008489 0 0 0
408578 0 78 0.5873215203 0.0001978180 0.0000000666 0 0 0
409891 0 78 0.7520498865 0.0005727722 0.0000004362 0 0 0
415813 0 78 0.3850617238 0.0000829696 0.0000000179 0 0 0
422219 0 62 0.4263486997 0.0000665546 0.0000000104 0 0 0
424047 0 62 0.4829054091 0.0002641714 0.0000001445 0 0 0
432875 0 94 0.1125205612 0.0000127459 0.0000000014 0 0 0
434344 0 47 0.3825058638 0.0002603852 0.0000001773 0 0 0
435688 0 62 0.5613284638 0.0004176551 0.0000003108 0 0 0
437328 0 63 0.2898659508 0.0001767475 0.0000001078 0 0 0
445813 0 78 0.1583064938 0.0000186572 0.0000000022 0 0 0
446953 0 78 0.7109778676 0.0006236648 0.0000005471 0 0 0
452063 0 93 0.0193659904 0.0000037898 0.0000000007 0 0 0
457000 0 78 0.7419368564 0.0002198331 0.0000000651 0 0 0
458859 0 63 0.5335543852 0.0002870115 0.0000001544 0 0 0
460203 0 78 0.2715141354 0.0002020194 0.0000001503 0 0 0
461391 0 47 0.4842767529 0.0004076404 0.0000003431 0 0 0
462328 0 47 0.2504570425 0.0002672967 0.0000002853 0 0 0
463656 0 78 0.7940479835 0.0005979277 0.0000004502 0 0 0
465281 0 63 0.6762880444 0.0004161773 0.0000002561 0 0 0
466828 0 78 0.4335986816 0.0002802836 0.0000001812 0 0 0
468344 0 94 0.5944022547 0.0003920859 0.0000002586 0 0 0
469313 0 78 0.4894216862 0.0005050791 0.0000005212 0 0 0
471297 0 62 0.4372083734 0.0002203671 0.0000001111 0 0 0
474656 0 78 0.6956839433 0.0002071104 0.0000000617 0 0 0
477344 0 62 0.3500127027 0.0001302131 0.0000000484 0 0 0
479047 0 62 0.3872350200 0.0002273840 0.0000001335 0 0 0
480516 0 62 0.4446536936 0.0003026914 0.0000002061 0 0 0
483219 0 47 0.8015145811 0.0004793747 0.0000002867 0 0 0
494328 0 94 0.2856574399 0.0000257141 0.0000000023 0 0 0
495609 0 94 0.5984894584 0.0004672049 0.0000003647 0 0 0
496406 0 63 0.3615540051 0.0004536437 0.0000005692 0 0 0
503219 0 62 0.0313152238 0.0000069589 0.0000000015 0 0 0
504250 0 63 0.0929503935 0.0000901556 0.0000000874 0 0 0
506625 0 78 0.4126571478 0.0001737504 0.0000000732 0 0 0
511297 0 47 0.3140013408 0.0000984948 0.0000000309 0 0 0
512063 0 62 0.8411378764 0.0010980912 0.0000014335 0 0 0
517328 0 63 0.0386406831 0.0000073392 0.0000000014 0 0 0
523047 4 38797 0.0000000000 0.0000000000 0.0000000000 0 0 0
563313 0 46 0.0248075956 0.0000006161 0.0000000000 0 0 0
566078 0 63 0.0340292408 0.0000123071 0.0000000045 0 0 0
566781 0 63 0.7378777184 0.0010496127 0.0000014930 0 0 0
567938 0 46 0.6335297355 0.0005475624 0.0000004733 0 0 0
570219 0 47 0.0850148173 0.0000811985 0.0000000776 0 0 0
577203 0 47 0.3914287090 0.0000560465 0.0000000080 0 0 0
578969 0 62 0.4496882472 0.0002546366 0.0000001442 0 0 0
580641 0 62 0.6498274547 0.0003886528 0.0000002324 0 0 0
582734 0 47 1.0271550869 0.0004907573 0.0000002345 0 0 0
583688 0 62 0.6722425826 0.0007046568 0.0000007386 0 0 0
585625 0 78 0.4306780721 0.0002223428 0.0000001148 0 0 0
594547 0 62 0.4399549868 0.0000493113 0.0000000055 0 0 0
597125 0 78 0.2707882737 0.0001050381 0.0000000407 0 0 0
598250 0 78 0.4219766089 0.0003750903 0.0000003334 0 0 0
600828 0 47 0.8692762238 0.0010705372 0.0000013184 0 0 0
603828 0 78 0.1967542140 0.0000655847 0.0000000219 0 0 0
605031 0 63 0.6320769226 0.0005254172 0.0000004368 0 0 0
616188 0 78 0.2297672477 0.0002938200 0.0000003757 0 0 0
617000 0 63 0.3548031101 0.0004369496 0.0000005381 0 0 0
618188 0 78 0.4074626058 0.0003429820 0.0000002887 0 0 0
621328 0 63 0.3772470870 0.0001201424 0.0000000383 0 0 0
627547 0 47 0.1576112495 0.0000279403 0.0000000050 0 0 0
629625 0 47 0.8647806512 0.0004161601 0.0000002003 0 0 0
631656 0 63 0.3680324113 0.0001812075 0.0000000892 0 0 0
633453 0 63 0.5653687875 0.0006131983 0.0000006651 0 0 0
635328 0 47 0.3736254728 0.0004052337 0.0000004395 0 0 0
636578 0 47 0.6786530329 0.0005429224 0.0000004343 0 0 0
637266 0 47 0.2753039083 0.0004001510 0.0000005816 0 0 0
639469 0 47 0.8886395261 0.0009973508 0.0000011194 0 0 0
641469 0 62 0.6649315609 0.0005597067 0.0000004711 0 0 0
642516 0 62 0.6214923499 0.0005935935 0.0000005669 0 0 0
645406 0 47 0.1664901106 0.0001268980 0.0000000967 0 0 0
646969 0 47 0.8619222574 0.0005514538 0.0000003528 0 0 0
649594 0 47 0.5334708344 0.0002918331 0.0000001596 0 0 0
652891 0 62 0.4893823380 0.0002144533 0.0000000940 0 0 0
654000 0 47 0.7364501186 0.0006640668 0.0000005988 0 0 0
655047 0 62 0.5030466034 0.0004804648 0.0000004589 0 0 0
659141 0 62 0.3141992444 0.0001779158 0.0000001007 0 0 0
661125 0 94 0.9431095647 0.0004753576 0.0000002396 0 0 0
662281 0 63 0.5575038601 0.0004822698 0.0000004172 0 0 0
663125 0 47 0.1881610497 0.0002229396 0.0000002641 0 0 0
664828 0 78 0.3768741671 0.0002213002 0.0000001299 0 0 0
666344 0 62 0.6334748993 0.0004178594 0.0000002756 0 0 0
667281 0 47 0.0766734425 0.0000818286 0.0000000873 0 0 0
668250 0 63 0.4388243190 0.0004528631 0.0000004674 0 0 0
669453 0 78 0.8784847053 0.0007302450 0.0000006070 0 0 0
670344 0 62 0.1139580595 0.0001278991 0.0000001435 0 0 0
671797 0 78 0.5982645331 0.0004117443 0.0000002834 0 0 0
672906 0 47 0.4825951686 0.0004351625 0.0000003924 0 0 0
673859 0 79 0.7802608827 0.0008187417 0.0000008591 0 0 0
678031 0 47 0.7157418025 0.0003444378 0.0000001658 0 0 0
681313 0 46 0.3292809744 0.0001003294 0.0000000306 0 0 0
682281 0 78 0.0000000000 0.0000000000 0.0000000000 0 0 0
684688 0 78 0.4976341906 0.0002067446 0.0000000859 0 0 0
687766 0 62 0.3069704267 0.0000997305 0.0000000324 0 0 0
689375 0 63 0.7639072481 0.0004747714 0.0000002951 0 0 0
690297 0 78 0.8898773215 0.0009651598 0.0000010468 0 0 0
694266 0 62 0.0336424238 0.0000207030 0.0000000127 0 0 0
696219 0 62 0.7781323365 0.0003984293 0.0000002040 0 0 0
697469 0 94 0.9441398143 0.0007553119 0.0000006042 0 0 0
698766 0 93 0.4621639513 0.0003563330 0.0000002747 0 0 0
702359 0 63 0.1319053838 0.0000367118 0.0000000102 0 0 0
707250 0 47 0.0000000000 0.0000000000 0.0000000000 0 0 0
711469 0 62 0.0002370230 0.0000000562 0.0000000000 0 0 0
716359 0 63 0.0000000000 0.0000000000 0.0000000000 0 0 0
719750 0 94 0.0013017439 0.0000003839 0.0000000001 0 0 0
723734 0 79 0.0447729754 0.0000112382 0.0000000028 0 0 0
728422 4 5172 0.0000000000 0.0000000000 0.0000000000 0 0 0
733594 0 47 0.0000000000 0.0000000000 0.0000000000 0 0 0
733641 4 5578 0.0000000000 0.0000000000 0.0000000000 0 0 0
739219 0 78 0.0000000000 0.0000000000 0.0000000000 0 0 0
740313 0 78 0.1516034717 0.0001385772 0.0000001267 0 0 0
740969 0 94 0.1509146341 0.0002300528 0.0000003507 0 0 0
744000 0 78 0.1298819284 0.0000428512 0.0000000141 0 0 0
750438 0 62 0.4302972834 0.0003484189 0.0000002821 0 0 0
754391 0 78 0.0869581212 0.0000219980 0.0000000056 0 0 0
761406 0 78 0.0957741607 0.0000136528 0.0000000019 0 0 0
762063 0 93 0.4812069200 0.0007324306 0.0000011148 0 0 0
763078 0 78 0.2747921199 0.0002707312 0.0000002667 0 0 0
763828 0 94 0.1934691279 0.0002579588 0.0000003439 0 0 0
764438 0 93 0.1198739436 0.0001965147 0.0000003222 0 0 0
765672 0 94 0.1904376013 0.0001543254 0.0000001251 0 0 0
766719 0 62 0.4823711603 0.0004607174 0.0000004400 0 0 0
767391 0 62 0.5647919764 0.0008404643 0.0000012507 0 0 0
768297 0 78 0.1815101578 0.0002003423 0.0000002211 0 0 0
769000 0 63 0.0873562294 0.0001242621 0.0000001768 0 0 0
769938 0 78 0.0515568408 0.0000549646 0.0000000586 0 0 0
773813 0 93 0.0566236382 0.0000146126 0.0000000038 0 0 0
781984 0 94 0.0000000000 0.0000000000 0.0000000000 0 0 0
784453 0 78 0.0008100446 0.0000003281 0.0000000001 0 0 0
789344 0 62 0.2696826058 0.0000551385 0.0000000113 0 0 0
790922 0 62 0.5059040329 0.0003205982 0.0000002032 0 0 0
792828 0 63 0.2936444692 0.0001540632 0.0000000808 0 0 0
795953 0 94 0.6977224531 0.0006120372 0.0000005369 0 0 0
799359 0 79 0.0135061723 0.0000039654 0.0000000012 0 0 0
802766 3 4375 0.4358123841 0.0001279168 0.0000000375 0 0 0
811641 0 93 0.1046900044 0.0000117961 0.0000000013 0 0 0
815453 0 63 0.0341705693 0.0000089639 0.0000000024 0 0 0
818969 0 62 0.0000000000 0.0000000000 0.0000000000 0 0 0
822063 0 62 0.4103859384 0.0001326393 0.0000000429 0 0 0
825828 0 78 0.2941487683 0.0000781272 0.0000000208 0 0 0
826813 0 93 0.7143561451 0.0007252347 0.0000007363 0 0 0
828641 0 78 0.1723491598 0.0000942829 0.0000000516 0 0 0
833938 0 62 0.1575226965 0.0000460323 0.0000000135 0 0 0
837469 0 47 0.1640735198 0.0000464666 0.0000000132 0 0 0
838250 4 5016 0.0000000000 0.0000000000 0.0000000000 0 0 0
844688 4 12437 0.0000000000 0.0000000000 0.0000000000 0 0 0
871781 0 78 0.0840652938 0.0000031028 0.0000000001 0 0 0
873516 0 93 0.2763651195 0.0001592883 0.0000000918 0 0 0
874859 0 47 0.2621990268 0.0001952338 0.0000001454 0 0 0
875703 0 78 0.2951145878 0.0003496618 0.0000004143 0 0 0
876656 0 78 0.3439016252 0.0003608621 0.0000003787 0 0 0
878844 0 78 0.2525969022 0.0001154465 0.0000000528 0 0 0
879953 0 78 0.3642656017 0.0003284631 0.0000002962 0 0 0
881078 0 78 0.8869177433 0.0007883713 0.0000007008 0 0 0
883953 0 94 0.1710947732 0.0000595112 0.0000000207 0 0 0
886828 0 78 0.4988701302 0.0002983673 0.0000001784 0 0 0
892563 0 78 0.0899427261 0.0000201937 0.0000000045 0 0 0
892641 4 5250 0.0000000000 0.0000000000 0.0000000000 0 0 0
898000 4 6172 0.0000000000 0.0000000000 0.0000000000 0 0 0
904172 0 78 0.0000000000 0.0000000000 0.0000000000 0 0 0
907609 0 63 0.0000000000 0.0000000000 0.0000000000 0 0 0
909797 0 62 0.0189208668 0.0000086476 0.0000000040 0 0 0
912375 0 78 0.4156254991 0.0001612201 0.0000000625 0 0 0
915703 0 78 0.9259678880 0.0005928091 0.0000003795 0 0 0
920125 0 63 0.3964539404 0.0000896549 0.0000000203 0 0 0
922328 0 94 0.1662734027 0.0001196212 0.0000000861 0 0 0
927000 0 94 0.1209916223 0.0000258972 0.0000000055 0 0 0
931000 0 63 0.4409909657 0.0001102477 0.0000000276 0 0 0
931625 4 113500 0.0000000000 0.0000000000 0.0000000000 0 0 0
1046141 0 78 0.0164726563 0.0000001438 0.0000000000 0 0 0
1056094 0 62 0.1380498093 0.0000138702 0.0000000014 0 0 0
1056516 4 34500 0.0000000000 0.0000000000 0.0000000000 0 0 0
1093406 0 94 0.0728248802 0.0000019741 0.0000000001 0 0 0
1097000 0 78 0.0884037991 0.0000245976 0.0000000068 0 0 0
1101000 0 63 0.4775754971 0.0001193939 0.0000000298 0 0 0
1103844 0 78 0.2011487408 0.0000707274 0.0000000249 0 0 0
1104797 0 62 0.2329946021 0.0002444854 0.0000002565 0 0 0
1106672 0 62 0.3183368894 0.0001697797 0.0000000905 0 0 0
1107141 4 5875 0.0000000000 0.0000000000 0.0000000000 0 0 0
1113875 0 63 0.2107012791 0.0000312892 0.0000000046 0 0 0
1115922 0 62 0.8832045211 0.0004314629 0.0000002108 0 0 0
1117313 0 62 0.1596374986 0.0001147646 0.0000000825 0 0 0
1118141 0 62 0.0657970101 0.0000794650 0.0000000960 0 0 0
1119313 0 46 0.7171961707 0.0006119421 0.0000005221 0 0 0
1123828 3 578 0.4062860585 0.0000899858 0.0000000199 0 0 0
1129094 0 78 0.4805238634 0.0000912503 0.0000000173 0 0 0
1130188 0 62 0.6540926204 0.0005978909 0.0000005465 0 0 0
1139453 0 94 0.0373849388 0.0000040351 0.0000000004 0 0 0
1141328 3 547 0.2973960606 0.0001586112 0.0000000846 0 0 0
1143500 0 47 0.2403540718 0.0001106603 0.0000000509 0 0 0
1146750 0 63 0.1327696452 0.0000408522 0.0000000126 0 0 0
1148016 4 15515 0.0000000000 0.0000000000 0.0000000000 0 0 0
1164203 3 328 0.0182464180 0.0000011272 0.0000000001 0 0 0
1165500 0 63 0.5032920870 0.0003880432 0.0000002992 0 0 0
1166188 2 546 0.0261627907 0.0000380273 0.0000000553 109 359 78
1167516 2 531 0.2325744346 0.0001751314 0.0000001319 47 437 47
1169844 0 47 0.1493855789 0.0000641691 0.0000000276 0 0 0
1173141 4 143281 0.0000000000 0.0000000000 0.0000000000 0 0 0
1321891 0 62 0.0072729523 0.0000000489 0.0000000000 0 0 0
1328234 0 94 0.2247873552 0.0000354386 0.0000000056 0 0 0
1334641 3 1015 0.0733885715 0.0000114544 0.0000000018 0 0 0
1336563 0 78 0.2235636562 0.0001163182 0.0000000605 0 0 0
1339063 0 78 0.0345607678 0.0000138243 0.0000000055 0 0 0
1339797 0 62 0.5837173353 0.0007952552 0.0000010835 0 0 0
1340250 4 8453 0.0000000000 0.0000000000 0.0000000000 0 0 0
1349203 0 63 0.0480973164 0.0000053722 0.0000000006 0 0 0
1349266 4 12922 0.0000000000 0.0000000000 0.0000000000 0 0 0
1364750 3 500 0.1807752556 0.0000116750 0.0000000008 0 0 0
1366438 0 62 0.4150373856 0.0002458752 0.0000001457 0 0 0
1368000 0 78 0.4440873127 0.0002843069 0.0000001820 0 0 0
1371875 0 63 0.8214577020 0.0002119891 0.0000000547 0 0 0
1374828 0 94 0.8501563450 0.0004423290 0.0000002301 0 0 0
1377484 0 94 0.7430987185 0.0005114238 0.0000003520 0 0 0
1382969 3 515 0.1028774270 0.0000187561 0.0000000034 0 0 0
1383969 0 94 0.1064007854 0.0001064008 0.0000001064 0 0 0
1386641 0 78 0.1787457595 0.0000668959 0.0000000250 0 0 0
1395531 0 94 0.1438665853 0.0000266124 0.0000000049 0 0 0
1398688 4 9750 0.0000000000 0.0000000000 0.0000000000 0 0 0
1409344 0 78 0.1108109961 0.0000103989 0.0000000010 0 0 0
1411688 0 93 0.1493688086 0.0000637239 0.0000000272 0 0 0
1411781 4 5563 0.0000000000 0.0000000000 0.0000000000 0 0 0
1421203 0 78 0.0495035549 0.0000052540 0.0000000006 0 0 0
1422016 0 62 0.0000000000 0.0000000000 0.0000000000 0 0 0
1422859 0 63 0.0552845037 0.0000655807 0.0000000778 0 0 0
1422922 4 9844 0.0000000000 0.0000000000 0.0000000000 0 0 0
1433359 0 79 0.0234392185 0.0000022458 0.0000000002 0 0 0
1434891 4 9375 0.0000000000 0.0000000000 0.0000000000 0 0 0
1446750 4 197484 0.0000000000 0.0000000000 0.0000000000 0 0 0
1654375 0 63 0.0105276607 0.0000000507 0.0000000000 0 0 0
1657344 0 78 1.0702685885 0.0007059819 0.0000004657 0 0 0
1665000 4 5969 0.0000000000 0.0000000000 0.0000000000 0 0 0
1679531 4 5157 0.0000000000 0.0000000000 0.0000000000 0 0 0
1686469 4 55687 0.0000000000 0.0000000000 0.0000000000 0 0 0
1745719 4 5640 0.0000000000 0.0000000000 0.0000000000 0 0 0
1760500 4 39766 0.0000000000 0.0000000000 0.0000000000 0 0 0
1800875 4 11688 0.0000000000 0.0000000000 0.0000000000 0 0 0
1819641 4 8297 0.0000000000 0.0000000000 0.0000000000 0 0 0
1828516 4 41906 0.0000000000 0.0000000000 0.0000000000 0 0 0
1871031 0 47 0.0197547664 0.0000004647 0.0000000000 0 0 0
1871766 4 37297 0.0000000000 0.0000000000 0.0000000000 0 0 0
1910922 0 47 0.0533265148 0.0000013619 0.0000000000 0 0 0
1911969 0 78 0.0000000000 0.0000000000 0.0000000000 0 0 0
1913141 0 62 0.3866280918 0.0003298875 0.0000002815 0 0 0
1919359 0 94 0.1755976502 0.0000668943 0.0000000255 0 0 0
1927406 4 6422 0.0000000000 0.0000000000 0.0000000000 0 0 0
1937406 0 94 0.2520740421 0.0000252074 0.0000000025 0 0 0
1941094 4 32703 0.0000000000 0.0000000000 0.0000000000 0 0 0
1974797 0 78 0.0460173940 0.0000013654 0.0000000000 0 0 0
1978844 3 937 0.5190927651 0.0001282661 0.0000000317 0 0 0
1983672 3 547 0.1495793887 0.0000309816 0.0000000064 0 0 0
1988750 3 1891 0.4015932598 0.0000790849 0.0000000156 0 0 0
1999156 3 1625 0.3468506432 0.0000333318 0.0000000032 0 0 0
2001156 3 985 0.0187882456 0.0000093941 0.0000000047 0 0 0
2003703 3 844 0.3472838621 0.0001363502 0.0000000535 0 0 0
2006734 3 1938 0.2573996025 0.0000849223 0.0000000280 0 0 0
2009063 3 921 0.0138428359 0.0000059437 0.0000000026 0 0 0
2012063 3 1796 0.4498459115 0.0001499486 0.0000000500 0 0 0
2014516 3 828 0.1956905165 0.0000797760 0.0000000325 0 0 0
2015516 3 1093 0.0138863495 0.0000138863 0.0000000139 0 0 0
2021750 0 63 0.1968447077 0.0000315760 0.0000000051 0 0 0
2023859 4 5047 0.0000000000 0.0000000000 0.0000000000 0 0 0
2034250 0 78 0.2362267717 0.0000490912 0.0000000102 0 0 0
2037172 4 7656 0.0000000000 0.0000000000 0.0000000000 0 0 0
2045688 3 1312 0.1423740995 0.0000167184 0.0000000020 0 0 0
2053094 3 984 0.0756345517 0.0000102126 0.0000000014 0 0 0
2058281 3 1141 0.1459267634 0.0000281332 0.0000000054 0 0 0
2063844 3 2156 0.1615599154 0.0000290419 0.0000000052 0 0 0
2067531 4 5860 0.0000000000 0.0000000000 0.0000000000 0 0 0
2074234 3 1422 0.0678364660 0.0000101203 0.0000000015 0 0 0
2098281 3 1422 0.1028184239 0.0000042757 0.0000000002 0 0 0
2104922 4 6703 0.0000000000 0.0000000000 0.0000000000 0 0 0
2114969 4 11094 0.0000000000 0.0000000000 0.0000000000 0 0 0
2127031 3 985 0.0557164255 0.0000046192 0.0000000004 0 0 0
2134906 0 78 0.2246055387 0.0000285213 0.0000000036 0 0 0
2155453 0 78 0.1837843511 0.0001470275 0.0000001176 0 0 0
2156656 0 94 0.3632934611 0.0003019896 0.0000002510 0 0 0
2157859 0 79 0.4938636952 0.0004105268 0.0000003413 0 0 0
2159078 0 63 0.5572009998 0.0004570968 0.0000003750 0 0 0
2160359 0 79 0.5789182961 0.0004519269 0.0000003528 0 0 0
2161828 0 94 0.4747857876 0.0003232034 0.0000002200 0 0 0
2163172 0 78 0.3202839963 0.0002383065 0.0000001773 0 0 0
2164484 0 63 0.6994108105 0.0005330875 0.0000004063 0 0 0
2165563 0 78 1.0141463152 0.0009398946 0.0000008711 0 0 0
2166891 0 47 0.6262358168 0.0004715631 0.0000003551 0 0 0
2167922 0 78 0.5994870481 0.0005814617 0.0000005640 0 0 0
2168828 0 78 0.3043407457 0.0003359169 0.0000003708 0 0 0
2169672 0 62 0.3199212738 0.0003790536 0.0000004491 0 0 0
2170359 0 63 0.3251023466 0.0004732203 0.0000006888 0 0 0
2180813 0 62 0.4800258401 0.0000459179 0.0000000044 0 0 0
2182125 0 78 0.4184868485 0.0003189686 0.0000002431 0 0 0
2183078 0 78 0.2380644430 0.0002498053 0.0000002621 0 0 0
2184563 0 78 0.5947177424 0.0004004833 0.0000002697 0 0 0
2185766 0 62 0.2191325305 0.0001821551 0.0000001514 0 0 0
2187516 0 62 0.3804231509 0.0002173847 0.0000001242 0 0 0
2190281 0 78 0.9961133340 0.0007592327 0.0000005787 0 0 0
2192453 0 63 0.4775226840 0.0002198539 0.0000001012 0 0 0
2193516 0 78 0.2375010804 0.0002234253 0.0000002102 0 0 0
2195141 0 93 0.6746169006 0.0004151489 0.0000002555 0 0 0
2196375 0 78 0.6675560768 0.0005409693 0.0000004384 0 0 0
2198672 0 94 0.2162166615 0.0001870386 0.0000001618 0 0 0
2201141 0 78 0.2808445217 0.0001996052 0.0000001419 0 0 0
2202453 0 94 0.1927725909 0.0001469303 0.0000001120 0 0 0
2205188 0 78 0.8539766329 0.0007286490 0.0000006217 0 0 0
2206016 0 93 0.2094279445 0.0002529323 0.0000003055 0 0 0
2207141 0 47 0.6816819071 0.0006059395 0.0000005386 0 0 0
2215766 0 78 0.1732628896 0.0000226280 0.0000000030 0 0 0
2219141 0 93 0.4312172994 0.0002225063 0.0000001148 0 0 0
2220422 0 62 0.2162302831 0.0001687980 0.0000001318 0 0 0
2221906 0 63 0.3771381321 0.0002541362 0.0000001713 0 0 0
2223391 0 78 0.3488828453 0.0002349379 0.0000001582 0 0 0
2224844 0 62 0.8739852004 0.0006015039 0.0000004140 0 0 0
2226156 0 63 0.8054614473 0.0006139188 0.0000004679 0 0 0
2227234 0 79 0.5515170141 0.0005116113 0.0000004746 0 0 0
2229500 0 78 0.3814462414 0.0003051570 0.0000002441 0 0 0
2230953 0 63 0.3946490887 0.0002716098 0.0000001869 0 0 0
2232938 0 78 0.2688916462 0.0001354618 0.0000000682 0 0 0
2234109 0 94 0.7192079327 0.0006141827 0.0000005245 0 0 0
2235594 0 78 0.7746532501 0.0005216520 0.0000003513 0 0 0
2237250 0 78 0.6624437916 0.0004000264 0.0000002416 0 0 0
2238375 0 78 0.4984248428 0.0004430443 0.0000003938 0 0 0
2239594 0 78 0.5246902254 0.0004304268 0.0000003531 0 0 0
2241000 0 63 0.5296851540 0.0003767320 0.0000002679 0 0 0
2242328 0 63 0.3950293203 0.0002974618 0.0000002240 0 0 0
2243484 0 63 0.6342254850 0.0005486380 0.0000004746 0 0 0
2244141 0 78 0.5662440405 0.0008618631 0.0000013118 0 0 0
2251547 0 62 0.3543718177 0.0000478493 0.0000000065 0 0 0
2252266 4 11093 0.0000000000 0.0000000000 0.0000000000 0 0 0
2264016 0 78 0.0469541120 0.0000039961 0.0000000003 0 0 0
2276781 0 63 0.4709145084 0.0001163614 0.0000000288 0 0 0
2279016 0 62 0.4536037009 0.0002029547 0.0000000908 0 0 0
2282109 0 94 0.3386379947 0.0001094853 0.0000000354 0 0 0
2284109 0 79 0.0795693387 0.0001185832 0.0000001767 0 0 0
2284563 1 93 0.1433069172 0.0003156540 0.0000006953 0 0 0
2285109 0 63 0.0978597347 0.0001792303 0.0000003283 0 0 0
2286594 0 47 0.8692050321 0.0005853233 0.0000003942 0 0 0
2290703 0 78 0.3274995127 0.0000797030 0.0000000194 0 0 0
2300797 0 47 0.0943075180 0.0000093429 0.0000000009 0 0 0
2305563 0 46 0.3150682189 0.0000661075 0.0000000139 0 0 0
2312172 4 10047 0.0000000000 0.0000000000 0.0000000000 0 0 0
2322359 4 6391 0.0000000000 0.0000000000 0.0000000000 0 0 0
2328766 4 16672 0.0000000000 0.0000000000 0.0000000000 0 0 0
2350641 4 59203 0.0000000000 0.0000000000 0.0000000000 0 0 0
2410516 0 78 0.0122123382 0.0000002040 0.0000000000 0 0 0
2411844 4 58515 0.0000000000 0.0000000000 0.0000000000 0 0 0
2470797 0 47 0.0093853329 0.0000001592 0.0000000000 0 0 0
2477047 0 78 0.2177031002 0.0000348325 0.0000000056 0 0 0
2477469 4 49625 0.0000000000 0.0000000000 0.0000000000 0 0 0
2528266 0 47 0.0308832619 0.0000006080 0.0000000000 0 0 0
2529391 0 62 0.3952256204 0.0003513117 0.0000003123 0 0 0
2530719 4 10703 0.0000000000 0.0000000000 0.0000000000 0 0 0
2545750 0 78 0.2965245046 0.0000886736 0.0000000265 0 0 0
2546109 4 331922 0.0000000000 0.0000000000 0.0000000000 0 0 0
2878719 0 62 0.0029304432 0.0000000088 0.0000000000 0 0 0
2889188 0 62 0.1506754773 0.0000143925 0.0000000014 0 0 0
2897656 0 47 0.1541317655 0.0000182017 0.0000000021 0 0 0
2901750 0 78 0.5072722724 0.0002556816 0.0000001289 0 0 0
2903078 1 94 0.9718931518 0.0007318473 0.0000005511 0 0 0
2904063 0 78 0.0381297279 0.0000387104 0.0000000393 0 0 0
2904906 0 47 0.4192136472 0.0004972878 0.0000005899 0 0 0
2913297 0 78 0.5079305071 0.0000605328 0.0000000072 0 0 0
2914391 0 47 0.8561279567 0.0007825667 0.0000007153 0 0 0
2916328 0 94 0.4805267153 0.0002480778 0.0000001281 0 0 0
2928734 0 47 0.1862939431 0.0000503089 0.0000000136 0 0 0
2932688 2 375 0.0000000000 0.0000000000 0.0000000000 62 250 63
2935250 2 359 0.3416661217 0.0001333591 0.0000000521 203 94 62
2936813 2 546 0.1633968031 0.0001045405 0.0000000669 78 406 62
2937828 0 47 0.0000000000 0.0000000000 0.0000000000 0 0 0
2938375 0 63 0.0000000000 0.0000000000 0.0000000000 0 0 0
2939000 0 63 0.0000000000 0.0000000000 0.0000000000 0 0 0
2940813 3 1093 0.3291468180 0.0001815482 0.0000001001 0 0 0
2946375 0 63 0.3119782152 0.0000560910 0.0000000101 0 0 0
2950016 0 78 0.6056616055 0.0002500667 0.0000001032 0 0 0
2951891 0 62 0.0959800777 0.0001096915 0.0000001254 0 0 0
2955438 0 62 0.2531945702 0.0000976078 0.0000000376 0 0 0
2956641 0 62 0.0000000000 0.0000000000 0.0000000000 0 0 0
2957266 0 78 0.6608163248 0.0010573061 0.0000016917 0 0 0
2961734 0 47 0.5663699880 0.0001267614 0.0000000284 0 0 0
2970984 0 63 0.1221951644 0.0000132103 0.0000000014 0 0 0
2978172 0 47 0.3591151143 0.0000499604 0.0000000070 0 0 0
2979938 0 62 0.1990286586 0.0001127003 0.0000000638 0 0 0
2984547 0 62 0.0814249901 0.0000176665 0.0000000038 0 0 0
2985797 4 34609 0.0000000000 0.0000000000 0.0000000000 0 0 0
3024516 0 47 0.0717555162 0.0000018532 0.0000000000 0 0 0
3031141 3 250 0.2831095059 0.0001393255 0.0000000686 0 0 0
3033484 3 125 0.2444052789 0.0001043130 0.0000000445 0 0 0
3040234 0 63 0.2393782664 0.0000425561 0.0000000076 0 0 0
3041328 0 47 0.0000000000 0.0000000000 0.0000000000 0 0 0
3042766 0 78 0.0020862309 0.0000014508 0.0000000010 0 0 0
3044188 0 78 0.0000000000 0.0000000000 0.0000000000 0 0 0
3045500 0 63 0.0000000000 0.0000000000 0.0000000000 0 0 0
3046844 0 47 0.0000000000 0.0000000000 0.0000000000 0 0 0
3048438 3 218 0.0979051081 0.0000614210 0.0000000385 0 0 0
3050453 0 78 0.0890644236 0.0000678845 0.0000000517 0 0 0
3051797 0 94 0.0000000000 0.0000000000 0.0000000000 0 0 0
3057375 0 63 0.1204510132 0.0000876007 0.0000000637 0 0 0
3058359 0 47 0.0000000000 0.0000000000 0.0000000000 0 0 0
3059797 0 47 0.0000000000 0.0000000000 0.0000000000 0 0 0
3061234 0 79 0.0000000000 0.0000000000 0.0000000000 0 0 0
3062547 2 406 0.1754392694 0.0001336171 0.0000001018 62 282 62
3063656 0 47 0.3208069496 0.0002892759 0.0000002608 0 0 0
3065047 3 359 0.1492416739 0.0001072909 0.0000000771 0 0 0
3066047 0 94 0.7903365584 0.0007903366 0.0000007903 0 0 0
3067250 3 406 0.2110649956 0.0001754489 0.0000001458 0 0 0
3068281 0 63 0.8764244921 0.0008500723 0.0000008245 0 0 0
3069141 2 359 0.1150615936 0.0001337926 0.0000001556 203 94 62
3071109 1 79 0.1424277708 0.0001823659 0.0000002335 0 0 0
3074828 3 594 0.7099385707 0.0004056792 0.0000002318 0 0 0
3076734 3 297 0.7044191127 0.0003695798 0.0000001939 0 0 0
3080313 0 62 0.3670436787 0.0001025548 0.0000000287 0 0 0
3081563 0 78 0.0000000000 0.0000000000 0.0000000000 0 0 0
3082766 3 406 0.1396508728 0.0001160855 0.0000000965 0 0 0
3084563 0 93 0.3790054835 0.0002109101 0.0000001174 0 0 0
3085266 0 62 0.0014224751 0.0000020234 0.0000000029 0 0 0
3086469 0 94 0.0008312552 0.0000006910 0.0000000006 0 0 0
3087375 3 234 0.1774209431 0.0001958289 0.0000002161 0 0 0
3088125 0 78 0.2020855731 0.0002694474 0.0000003593 0 0 0
3089469 3 531 0.1018971645 0.0000758163 0.0000000564 0 0 0
3091719 0 78 0.0000000000 0.0000000000 0.0000000000 0 0 0
3092828 2 453 0.3905089436 0.0003521271 0.0000003175 63 312 78
3094141 3 172 0.1556818086 0.0001185695 0.0000000903 0 0 0
3094781 3 157 0.3622978299 0.0005660904 0.0000008845 0 0 0
3097609 0 63 0.2371827408 0.0002300512 0.0000002231 0 0 0
3101344 0 78 0.8828957674 0.0006569165 0.0000004888 0 0 0
3103453 0 47 0.2780203785 0.0004046876 0.0000005891 0 0 0
3104578 0 78 0.0008888889 0.0000007901 0.0000000007 0 0 0
3107016 3 265 0.1704799454 0.0002139021 0.0000002684 0 0 0
3107641 0 78 0.2735476376 0.0004376762 0.0000007003 0 0 0
3108828 0 94 0.0000000000 0.0000000000 0.0000000000 0 0 0
3111531 0 94 0.0000000000 0.0000000000 0.0000000000 0 0 0
3112781 3 282 0.1132744985 0.0000906196 0.0000000725 0 0 0
3114359 0 94 0.1369321977 0.0000867758 0.0000000550 0 0 0
3117969 0 47 0.0878293601 0.0000551000 0.0000000346 0 0 0
3119219 0 47 0.0000000000 0.0000000000 0.0000000000 0 0 0
3119984 3 282 0.2683371232 0.0003507675 0.0000004585 0 0 0
3120594 3 312 0.6763826901 0.0011088241 0.0000018177 0 0 0
3122047 3 625 0.6588754639 0.0004534587 0.0000003121 0 0 0
3123656 3 282 0.8375996009 0.0005205715 0.0000003235 0 0 0
3128156 3 344 0.3726074119 0.0001222866 0.0000000401 0 0 0
3128938 3 265 0.2987507960 0.0003820343 0.0000004885 0 0 0
3130906 3 360 0.4174055656 0.0002120963 0.0000001078 0 0 0
3133156 3 313 0.5562087932 0.0002472039 0.0000001099 0 0 0
3135281 3 344 0.5820986147 0.0002739288 0.0000001289 0 0 0
3139641 0 78 0.6592908979 0.0001512135 0.0000000347 0 0 0
3141844 0 94 0.0000000000 0.0000000000 0.0000000000 0 0 0
3146813 0 78 0.2818460069 0.0001186720 0.0000000500 0 0 0
3147734 0 79 0.0000000000 0.0000000000 0.0000000000 0 0 0
3148813 0 93 0.0000000000 0.0000000000 0.0000000000 0 0 0
3149688 0 62 0.0000000000 0.0000000000 0.0000000000 0 0 0
3153172 3 266 0.2179561129 0.0000625592 0.0000000180 0 0 0
3155203 3 500 0.2153031992 0.0001060085 0.0000000522 0 0 0
3156797 3 203 0.2250943087 0.0001412135 0.0000000886 0 0 0
3157734 3 407 0.0654090569 0.0000698069 0.0000000745 0 0 0
3159094 3 203 0.5192441539 0.0003817972 0.0000002807 0 0 0
3159797 3 312 0.2173278987 0.0003091435 0.0000004397 0 0 0
3163781 3 297 0.2313424859 0.0003290789 0.0000004681 0 0 0
3164578 3 313 0.7540904325 0.0009461611 0.0000011872 0 0 0
3166016 3 422 0.5041849319 0.0003506154 0.0000002438 0 0 0
3172859 3 282 0.3503398087 0.0000700680 0.0000000140 0 0 0
3173563 0 78 0.9049188792 0.0012853961 0.0000018258 0 0 0
3180594 0 94 0.6485446435 0.0003738009 0.0000002154 0 0 0
3183141 4 5468 0.0000000000 0.0000000000 0.0000000000 0 0 0
3192281 0 47 0.1278340141 0.0000139862 0.0000000015 0 0 0
3194922 0 62 0.5193223496 0.0001966385 0.0000000745 0 0 0
3200359 3 266 0.2663552188 0.0000489894 0.0000000090 0 0 0
3201234 3 313 0.4971542508 0.0005681763 0.0000006493 0 0 0
3202141 3 328 0.0796795345 0.0000878495 0.0000000969 0 0 0
3204578 3 453 0.7693489683 0.0003156951 0.0000001295 0 0 0
3205531 3 547 0.1825861564 0.0001915909 0.0000002010 0 0 0
3206078 4 6235 0.0000000000 0.0000000000 0.0000000000 0 0 0
3214406 3 157 0.0147934619 0.0000017764 0.0000000002 0 0 0
3218422 0 78 0.3722347137 0.0000926879 0.0000000231 0 0 0
3220563 3 156 0.6161472841 0.0002877848 0.0000001344 0 0 0
3221313 3 187 0.2197570099 0.0002930093 0.0000003907 0 0 0
3222578 3 235 0.5769527017 0.0004560891 0.0000003605 0 0 0
3223547 3 797 0.8253330948 0.0008517369 0.0000008790 0 0 0
3224844 3 406 0.1065269499 0.0000821333 0.0000000633 0 0 0
3225641 3 531 0.1373257685 0.0001723033 0.0000002162 0 0 0
3229047 3 547 0.2521389155 0.0000740279 0.0000000217 0 0 0
3230938 3 296 0.4469197548 0.0002363404 0.0000001250 0 0 0
3231781 3 313 0.1321512530 0.0001567631 0.0000001860 0 0 0
3233281 3 313 0.3449111302 0.0002299408 0.0000001533 0 0 0
3234875 3 672 0.6147753386 0.0003856809 0.0000002420 0 0 0
3235953 3 578 0.1142099547 0.0001059462 0.0000000983 0 0 0
3236766 3 640 0.0615296609 0.0000756822 0.0000000931 0 0 0
3237953 3 297 0.0893444891 0.0000752692 0.0000000634 0 0 0
3240813 3 750 0.6282873385 0.0002196809 0.0000000768 0 0 0
3242422 3 1437 0.3640002662 0.0002262276 0.0000001406 0 0 0
3247953 3 1063 0.2428601476 0.0000439089 0.0000000079 0 0 0
3250578 3 406 0.1959777922 0.0000746582 0.0000000284 0 0 0
3253391 3 312 0.3673905682 0.0001306045 0.0000000464 0 0 0
3255141 3 343 0.4721046080 0.0002697741 0.0000001542 0 0 0
3255734 3 266 0.3772481548 0.0006361689 0.0000010728 0 0 0
3256813 3 156 0.1653194996 0.0001532155 0.0000001420 0 0 0
3258906 3 360 0.4457829800 0.0002129876 0.0000001018 0 0 0
3261578 3 406 0.5811438532 0.0002174940 0.0000000814 0 0 0
3263453 3 235 0.3284158676 0.0001751551 0.0000000934 0 0 0
3264219 3 437 0.9343736992 0.0012198090 0.0000015924 0 0 0
3265766 3 234 0.3530475939 0.0002282143 0.0000001475 0 0 0
3269844 3 515 0.1833350509 0.0000449571 0.0000000110 0 0 0
3277141 0 93 0.4541948348 0.0000622441 0.0000000085 0 0 0
3280219 3 187 0.5573426726 0.0001810730 0.0000000588 0 0 0
3280766 3 203 0.1620214319 0.0002962001 0.0000005415 0 0 0
3281750 3 219 0.2811385543 0.0002857099 0.0000002904 0 0 0
3282406 3 266 0.1013294755 0.0001544657 0.0000002355 0 0 0
3283094 3 406 0.1298694043 0.0001887637 0.0000002744 0 0 0
3284063 3 359 0.0698230813 0.0000720568 0.0000000744 0 0 0
3286406 3 391 0.3963524424 0.0001691645 0.0000000722 0 0 0
3290188 3 750 0.1996981659 0.0000528023 0.0000000140 0 0 0
3296141 3 343 0.4283867028 0.0000719615 0.0000000121 0 0 0
3297000 3 438 1.0601727155 0.0012341941 0.0000014368 0 0 0
3298250 3 344 0.4958476998 0.0003966782 0.0000003173 0 0 0
3302609 3 704 0.5301339628 0.0001216183 0.0000000279 0 0 0
3305125 3 438 0.5392847964 0.0002143421 0.0000000852 0 0 0
3306375 3 578 0.8397705455 0.0006718164 0.0000005375 0 0 0
3309281 3 235 0.3031402945 0.0001043153 0.0000000359 0 0 0
3311094 3 469 0.7058894774 0.0003893489 0.0000002148 0 0 0
3316188 0 78 0.5994737365 0.0001176823 0.0000000231 0 0 0
3320359 3 204 0.8225607933 0.0001972095 0.0000000473 0 0 0
3321531 3 282 0.4171468023 0.0003559273 0.0000003037 0 0 0
3322297 3 219 0.6575941417 0.0008584780 0.0000011207 0 0 0
3323031 3 328 0.1960002247 0.0002670303 0.0000003638 0 0 0
3329234 3 344 0.5619792588 0.0000905980 0.0000000146 0 0 0
3330188 3 750 0.3012653522 0.0003157918 0.0000003310 0 0 0
3336625 3 531 0.3005377900 0.0000466891 0.0000000073 0 0 0
3341969 3 437 0.2915340697 0.0000545535 0.0000000102 0 0 0
3345094 3 625 0.5529610070 0.0001769475 0.0000000566 0 0 0
3346422 3 3141 0.3734295663 0.0002811970 0.0000002117 0 0 0
3353875 4 6297 0.0000000000 0.0000000000 0.0000000000 0 0 0
3362250 3 531 0.3758257271 0.0005227062 0.0000007270 0 0 0
3363172 0 78 0.3884528118 0.0004213154 0.0000004570 0 0 0
3367203 3 266 0.1418333960 0.0000351857 0.0000000087 0 0 0
3370125 3 359 0.9173907508 0.0003139599 0.0000001074 0 0 0
3373766 0 62 0.4233381936 0.0001162698 0.0000000319 0 0 0
3375188 3 1109 0.8276458833 0.0005820295 0.0000004093 0 0 0
3376844 3 390 0.1000263863 0.0000604024 0.0000000365 0 0 0
3378953 3 266 0.4126963054 0.0001956834 0.0000000928 0 0 0
3379828 3 281 0.1769686681 0.0002022499 0.0000002311 0 0 0
3382063 3 1093 0.5619474187 0.0002514306 0.0000001125 0 0 0
3383703 3 438 0.1719166562 0.0001048272 0.0000000639 0 0 0
3386594 3 515 0.1117185558 0.0000386436 0.0000000134 0 0 0
3390688 3 640 0.0546785346 0.0000133558 0.0000000033 0 0 0
3394250 3 281 0.3457816613 0.0000970751 0.0000000273 0 0 0
3395266 3 343 0.4744237503 0.0004669525 0.0000004596 0 0 0
3400688 3 203 0.1284054064 0.0000236823 0.0000000044 0 0 0
3402859 3 625 0.6763155282 0.0003115226 0.0000001435 0 0 0
3404203 3 328 0.0698094321 0.0000519415 0.0000000386 0 0 0
3405094 3 484 0.0961136301 0.0001078716 0.0000001211 0 0 0
3408484 0 94 0.1946462604 0.0000574178 0.0000000169 0 0 0
3412438 4 52625 0.0000000000 0.0000000000 0.0000000000 0 0 0
3465719 0 78 0.0212638008 0.0000003991 0.0000000000 0 0 0
3467594 0 62 0.2199515309 0.0001173075 0.0000000626 0 0 0
3480781 3 297 0.2349780137 0.0000178189 0.0000000014 0 0 0
3481641 3 359 0.1676560318 0.0001949489 0.0000002267 0 0 0
3482063 0 62 0.0947523498 0.0002245316 0.0000005321 0 0 0
3492813 3 187 0.3494685630 0.0000325087 0.0000000030 0 0 0
3494547 3 234 0.0814984086 0.0000470002 0.0000000271 0 0 0
3495219 3 437 0.6810668506 0.0010134923 0.0000015082 0 0 0
3496094 3 344 0.6255583300 0.0007149238 0.0000008171 0 0 0
3498719 0 62 0.0000000000 0.0000000000 0.0000000000 0 0 0
3499094 3 140 0.3446157511 0.0009189753 0.0000024506 0 0 0
3499547 3 187 0.3851672478 0.0008502588 0.0000018770 0 0 0
3506922 3 484 0.1388614038 0.0000188287 0.0000000026 0 0 0
3510484 3 250 0.4231268152 0.0001187891 0.0000000333 0 0 0
3510938 3 234 0.6362302133 0.0014013881 0.0000030868 0 0 0
3511688 3 484 0.7668322051 0.0010224429 0.0000013633 0 0 0
3515625 3 438 0.2899551721 0.0000736488 0.0000000187 0 0 0
3517516 3 359 0.7299172290 0.0003859954 0.0000002041 0 0 0
3518547 3 406 0.4614781132 0.0004476024 0.0000004341 0 0 0
3519672 3 422 0.7245000421 0.0006440000 0.0000005724 0 0 0
3523563 3 375 0.7791235081 0.0004934284 0.0000003125 0 0 0
3538125 0 94 0.0890707021 0.0000061167 0.0000000004 0 0 0
3549078 0 63 0.1167147194 0.0000106560 0.0000000010 0 0 0
3558313 0 78 0.2888529142 0.0000565270 0.0000000111 0 0 0
3560219 0 94 0.4203051567 0.0002205169 0.0000001157 0 0 0
3560828 0 94 0.4551432968 0.0007473617 0.0000012272 0 0 0
3562406 0 47 0.4594486675 0.0002911589 0.0000001845 0 0 0
3563000 0 63 0.5197549013 0.0008750083 0.0000014731 0 0 0
3567453 0 78 0.2497886766 0.0000560945 0.0000000126 0 0 0
3573313 0 78 0.2678101559 0.0000520930 0.0000000101 0 0 0
3574000 0 63 0.3943588986 0.0005740304 0.0000008356 0 0 0
3575328 0 94 0.1740344546 0.0001310500 0.0000000987 0 0 0
3576188 0 62 0.0695504719 0.0000808726 0.0000000940 0 0 0
3578828 0 78 0.0000000000 0.0000000000 0.0000000000 0 0 0
3580141 0 93 0.0000000000 0.0000000000 0.0000000000 0 0 0
3584047 2 437 0.0901543826 0.0000769235 0.0000000656 78 297 62
3585188 0 93 0.0927500873 0.0000812884 0.0000000712 0 0 0
3587063 0 62 0.2868535662 0.0001529886 0.0000000816 0 0 0
3589281 2 594 0.0065248584 0.0000058836 0.0000000053 78 469 47
3591266 2 515 0.3306686698 0.0001665837 0.0000000839 78 359 78
3596094 0 62 0.5374998774 0.0003406210 0.0000002159 0 0 0
3599234 0 94 0.0019108280 0.0000006085 0.0000000002 0 0 0
3600281 0 63 0.4968604275 0.0004745563 0.0000004533 0 0 0
3601016 0 78 0.5908962444 0.0008039405 0.0000010938 0 0 0
3603688 2 546 0.3500430491 0.0001310041 0.0000000490 93 344 109
3606344 0 78 0.2028584748 0.0000763774 0.0000000288 0 0 0
3607688 2 515 0.1109130646 0.0000825246 0.0000000614 93 344 78
3610844 0 78 0.5453811731 0.0004653423 0.0000003970 0 0 0
3611844 0 78 0.8437350846 0.0008437351 0.0000008437 0 0 0
3614000 2 656 0.3339170459 0.0001548780 0.0000000718 78 485 93
3616484 0 94 0.0927153174 0.0000373250 0.0000000150 0 0 0
3617422 2 500 0.0858795621 0.0000915560 0.0000000976 62 375 63
3618813 0 62 0.4939232883 0.0003550850 0.0000002553 0 0 0
3620156 0 78 0.1246194948 0.0000927919 0.0000000691 0 0 0
3620969 2 547 0.1182506967 0.0001454498 0.0000001789 62 422 63
3623438 2 500 0.5152955181 0.0002087062 0.0000000845 93 328 79
3625109 0 79 0.4095612174 0.0002450995 0.0000001467 0 0 0
3626063 0 78 0.1418560584 0.0001486961 0.0000001559 0 0 0
3627281 0 94 0.0000000000 0.0000000000 0.0000000000 0 0 0
3629609 0 79 0.4924327902 0.0004924328 0.0000004924 0 0 0
3630516 0 62 0.8386863950 0.0009246818 0.0000010195 0 0 0
3631859 2 625 0.1724634921 0.0001284166 0.0000000956 79 484 62
3633406 0 94 0.5153729575 0.0003331435 0.0000002153 0 0 0
3634391 0 62 0.0000000000 0.0000000000 0.0000000000 0 0 0
3635031 0 94 0.0000000000 0.0000000000 0.0000000000 0 0 0
3636281 0 78 0.0000000000 0.0000000000 0.0000000000 0 0 0
3638422 0 94 0.0000000000 0.0000000000 0.0000000000 0 0 0
3645656 2 578 0.0000000000 0.0000000000 0.0000000000 78 407 93
3646688 2 625 0.0000000000 0.0000000000 0.0000000000 125 390 110
3647719 2 594 0.0000000000 0.0000000000 0.0000000000 94 406 94
3648703 2 610 0.0000000000 0.0000000000 0.0000000000 110 390 110
3649688 2 625 0.0000000000 0.0000000000 0.0000000000 109 391 125
3652609 0 63 0.2179798870 0.0002449212 0.0000002752 0 0 0
3658984 0 79 0.7656686169 0.0001201049 0.0000000188 0 0 0
3660484 2 454 0.7200643493 0.0004800429 0.0000003200 79 265 110
3662000 0 78 0.1904897729 0.0001256529 0.0000000829 0 0 0
3662703 2 391 0.1956910356 0.0002783656 0.0000003960 78 250 63
3664625 0 63 0.0079223584 0.0000041219 0.0000000021 0 0 0
3667250 4 5531 0.0000000000 0.0000000000 0.0000000000 0 0 0
3673078 2 485 0.0242574627 0.0000041622 0.0000000007 78 328 79
3674438 0 93 0.2567873395 0.0001888142 0.0000001388 0 0 0
3675563 0 62 0.0008888889 0.0000007901 0.0000000007 0 0 0
3678453 0 47 0.0000000000 0.0000000000 0.0000000000 0 0 0
3679469 0 94 0.0000000000 0.0000000000 0.0000000000 0 0 0
3680688 0 93 0.1157012011 0.0000949148 0.0000000779 0 0 0
3682047 0 78 0.1339045964 0.0000985317 0.0000000725 0 0 0
3686516 0 78 0.0992618672 0.0000729867 0.0000000537 0 0 0
3687125 0 47 0.9251794511 0.0015191781 0.0000024945 0 0 0
3688125 0 63 0.0798612044 0.0000798612 0.0000000799 0 0 0
3690750 0 47 0.1977272751 0.0000753247 0.0000000287 0 0 0
3690953 4 13297 0.0000000000 0.0000000000 0.0000000000 0 0 0
3705281 0 47 0.1033705651 0.0001002624 0.0000000972 0 0 0
3706922 0 47 0.3316603050 0.0002021087 0.0000001232 0 0 0
3716875 2 422 0.0605726680 0.0000060859 0.0000000006 78 266 78
3718219 0 78 0.1938059696 0.0001442009 0.0000001073 0 0 0
3719313 0 78 0.0000000000 0.0000000000 0.0000000000 0 0 0
3720000 0 63 0.0000000000 0.0000000000 0.0000000000 0 0 0
3721078 0 78 0.1407224177 0.0001305403 0.0000001211 0 0 0
3721859 0 79 0.1901055777 0.0002434130 0.0000003117 0 0 0
3722563 0 78 0.0000000000 0.0000000000 0.0000000000 0 0 0
3725172 0 78 0.0000000000 0.0000000000 0.0000000000 0 0 0
3726922 2 562 0.1297863090 0.0001661797 0.0000002128 62 438 62
3728422 0 47 0.1610849702 0.0001073900 0.0000000716 0 0 0
3730313 0 62 0.5473275744 0.0004168527 0.0000003175 0 0 0
3731281 0 94 0.0035270801 0.0000036437 0.0000000038 0 0 0
3732719 2 500 0.1339749313 0.0000931675 0.0000000648 78 359 63
3735766 0 78 0.2170134955 0.0000712220 0.0000000234 0 0 0
3736625 2 516 0.1867323248 0.0002173834 0.0000002531 78 360 78
3738719 2 437 0.3188465650 0.0001522667 0.0000000727 62 282 93
3740844 2 609 0.0847963697 0.0000399042 0.0000000188 62 469 78
3742422 0 62 0.0000000000 0.0000000000 0.0000000000 0 0 0
3743469 0 78 0.0000000000 0.0000000000 0.0000000000 0 0 0
3746875 0 63 0.0000000000 0.0000000000 0.0000000000 0 0 0
3747797 2 484 0.1397948808 0.0001516213 0.0000001644 94 359 31
3748625 0 63 0.1089702328 0.0001316066 0.0000001589 0 0 0
3749313 0 46 0.1432219764 0.0002081715 0.0000003026 0 0 0
3751891 0 47 0.2713957080 0.0001367233 0.0000000689 0 0 0
3753031 0 78 0.5818940410 0.0005104334 0.0000004477 0 0 0
3753609 2 375 0.7416711346 0.0012831681 0.0000022200 63 250 62
3755406 0 78 0.2509245727 0.0001396353 0.0000000777 0 0 0
3756859 0 94 0.0041293875 0.0000028420 0.0000000020 0 0 0
3758469 0 94 0.0037267081 0.0000023147 0.0000000014 0 0 0
3759438 0 93 0.0020639835 0.0000021300 0.0000000022 0 0 0
3760250 0 47 0.0000000000 0.0000000000 0.0000000000 0 0 0
3761078 0 63 0.0000000000 0.0000000000 0.0000000000 0 0 0
3762172 0 78 0.0000000000 0.0000000000 0.0000000000 0 0 0
3763281 0 94 0.0000000000 0.0000000000 0.0000000000 0 0 0
3764266 0 78 0.0000000000 0.0000000000 0.0000000000 0 0 0
3766469 0 62 0.1123906313 0.0000510171 0.0000000232 0 0 0
3767969 0 62 0.4458783886 0.0002972523 0.0000001982 0 0 0
3769531 0 94 0.4593212757 0.0002940597 0.0000001883 0 0 0
3779125 0 78 0.0209849555 0.0000021873 0.0000000002 0 0 0
3779938 0 62 0.2959708810 0.0003640478 0.0000004478 0 0 0
3780500 0 63 0.3290523962 0.0005855025 0.0000010418 0 0 0
3781875 0 78 0.6013267314 0.0004373285 0.0000003181 0 0 0
3784219 0 47 0.3193939228 0.0002003726 0.0000001257 0 0 0
3784875 0 94 0.4452662505 0.0006787595 0.0000010347 0 0 0
3789344 0 78 0.0896980239 0.0000200712 0.0000000045 0 0 0
3791203 0 94 0.0010758472 0.0000005787 0.0000000003 0 0 0
3795328 2 375 0.1541406886 0.0001121023 0.0000000815 78 235 62
3795984 0 63 0.4721236801 0.0007197007 0.0000010971 0 0 0
3796969 0 62 0.1107442880 0.0001124307 0.0000001141 0 0 0
3798453 0 47 0.3562133750 0.0002400360 0.0000001617 0 0 0
3799547 2 594 0.1498071794 0.0001369353 0.0000001252 62 485 47
3800984 0 47 0.0781168279 0.0000543610 0.0000000378 0 0 0
3802391 0 78 0.7970109871 0.0010626813 0.0000014169 0 0 0
3813422 2 500 0.0781356018 0.0000078997 0.0000000008 62 391 47
3815875 0 47 0.2632900035 0.0001073339 0.0000000438 0 0 0
3816625 0 94 0.5033850593 0.0006711801 0.0000008949 0 0 0
3819156 0 78 0.2063396343 0.0000815249 0.0000000322 0 0 0
3823500 0 63 0.1440386001 0.0000388978 0.0000000105 0 0 0
3824484 2 610 0.5808131178 0.0005902572 0.0000005999 79 468 63
3828797 2 625 0.1533808956 0.0001785575 0.0000002079 78 469 78
3829969 0 62 0.0937816731 0.0000800185 0.0000000683 0 0 0
3830531 0 78 0.4925941941 0.0008765021 0.0000015596 0 0 0
3832203 0 63 0.3204041049 0.0001916292 0.0000001146 0 0 0
3833156 2 469 0.4753346498 0.0004987772 0.0000005234 47 344 78
3834516 0 47 0.1562244225 0.0001148709 0.0000000845 0 0 0
3835719 2 625 0.1343455080 0.0001116754 0.0000000928 78 484 63
3837531 0 63 0.3622945767 0.0001999418 0.0000001103 0 0 0
3838859 0 94 0.2047538891 0.0001541821 0.0000001161 0 0 0
3839531 2 469 0.2511570070 0.0003737455 0.0000005562 63 359 47
3840453 0 47 0.1338663199 0.0001451912 0.0000001575 0 0 0
3841484 0 63 0.4976776126 0.0004827135 0.0000004682 0 0 0
3842063 0 62 1.0315698358 0.0017816405 0.0000030771 0 0 0
3843469 0 78 0.5878708424 0.0004181158 0.0000002974 0 0 0
3844500 2 563 0.1418166006 0.0001375525 0.0000001334 78 453 32
3846016 0 62 0.4242578945 0.0002798535 0.0000001846 0 0 0
3847250 2 516 0.6091896723 0.0004936707 0.0000004001 78 391 47
3848578 0 47 0.1786941081 0.0001345588 0.0000001013 0 0 0
3849188 0 62 0.0000000000 0.0000000000 0.0000000000 0 0 0
3849891 0 62 0.0000000000 0.0000000000 0.0000000000 0 0 0
3850750 2 609 0.0000000000 0.0000000000 0.0000000000 78 469 62
3851922 0 78 0.0000000000 0.0000000000 0.0000000000 0 0 0
3852656 0 63 0.1505580263 0.0002051199 0.0000002795 0 0 0
3857000 4 7172 0.0000000000 0.0000000000 0.0000000000 0 0 0
3864688 2 484 0.0218218217 0.0000028384 0.0000000004 78 343 63
3866422 0 78 0.2492331945 0.0001437331 0.0000000829 0 0 0
3871250 0 78 0.0616737152 0.0000154804 0.0000000039 0 0 0
3872828 0 63 0.0833395867 0.0000528134 0.0000000335 0 0 0
3874734 0 94 0.0000000000 0.0000000000 0.0000000000 0 0 0
3875844 2 484 0.1064594256 0.0000959094 0.0000000864 62 328 94
3878297 0 62 0.1252113110 0.0000510442 0.0000000208 0 0 0
3889938 0 78 0.0709395083 0.0000720198 0.0000000731 0 0 0
3891203 0 94 0.0656290607 0.0000518807 0.0000000410 0 0 0
3894922 2 516 0.0937668298 0.0000714142 0.0000000544 62 422 32
3896234 0 94 0.0734634717 0.0000559935 0.0000000427 0 0 0
3898688 0 78 0.1811235448 0.0000738075 0.0000000301 0 0 0
3907250 0 78 0.0273526186 0.0000041582 0.0000000006 0 0 0
3909109 2 438 0.8347464533 0.0007322337 0.0000006423 63 312 63
3913031 0 63 0.1089858005 0.0000277883 0.0000000071 0 0 0
3915500 0 47 0.3000197506 0.0001613877 0.0000000868 0 0 0
3918234 0 63 0.1226432742 0.0001427745 0.0000001662 0 0 0
3921000 0 78 0.5182861896 0.0005816904 0.0000006529 0 0 0
3922094 0 62 0.3821370723 0.0003493026 0.0000003193 0 0 0
3924297 0 62 0.0000000000 0.0000000000 0.0000000000 0 0 0
3926906 0 78 0.0407325138 0.0000156123 0.0000000060 0 0 0
3927594 0 78 1.0705279752 0.0015560000 0.0000022616 0 0 0
3928734 0 47 0.0899130893 0.0000788711 0.0000000692 0 0 0
3929672 0 62 1.0854081878 0.0011571516 0.0000012336 0 0 0
3930922 3 109 0.7401810121 0.0005921448 0.0000004737 0 0 0
3931234 0 79 0.9474506998 0.0030367010 0.0000097330 0 0 0
3932094 0 62 0.0556511491 0.0000647106 0.0000000752 0 0 0
3932797 0 62 0.5936852393 0.0008445025 0.0000012013 0 0 0
3933859 0 47 0.1269048327 0.0001194961 0.0000001125 0 0 0
3934734 0 94 0.7743211443 0.0008849385 0.0000010114 0 0 0
3945141 0 62 0.0235242568 0.0000029579 0.0000000004 0 0 0
3946797 0 62 0.0000000000 0.0000000000 0.0000000000 0 0 0
3953703 4 5625 0.0000000000 0.0000000000 0.0000000000 0 0 0
3960172 0 78 0.0000000000 0.0000000000 0.0000000000 0 0 0
3962813 4 8828 0.0000000000 0.0000000000 0.0000000000 0 0 0
3974391 0 62 0.0000000000 0.0000000000 0.0000000000 0 0 0
3975250 0 94 0.0000000000 0.0000000000 0.0000000000 0 0 0
3980656 0 94 0.1685516163 0.0002397605 0.0000003411 0 0 0
3995969 2 562 0.1247249217 0.0000088988 0.0000000006 62 453 47
3997922 2 437 0.3865711499 0.0001979371 0.0000001014 47 312 78
3999156 0 94 0.1724136989 0.0001397194 0.0000001132 0 0 0
4000391 2 593 0.0918066055 0.0000743373 0.0000000602 62 453 78
4001672 0 62 0.0881153578 0.0000687864 0.0000000537 0 0 0
4002266 0 47 0.6168044143 0.0010383913 0.0000017481 0 0 0
4005500 0 47 0.1350292184 0.0000417530 0.0000000129 0 0 0
4006516 0 78 0.0956797273 0.0000941730 0.0000000927 0 0 0
4008875 0 78 0.1475232570 0.0001655704 0.0000001858 0 0 0
4012969 2 547 0.1691911294 0.0000413266 0.0000000101 62 438 47
4014859 0 63 0.1026532644 0.0000543139 0.0000000287 0 0 0
4015547 2 391 0.1590046617 0.0002311114 0.0000003359 62 266 63
4017156 0 63 0.1287962912 0.0000800474 0.0000000497 0 0 0
4018781 2 532 0.1370613863 0.0000843455 0.0000000519 63 390 79
4020047 0 62 0.3428592225 0.0002708209 0.0000002139 0 0 0
4021938 0 46 0.0637527323 0.0000337138 0.0000000178 0 0 0
4023109 0 79 0.0000000000 0.0000000000 0.0000000000 0 0 0
4025063 0 46 0.5424557025 0.0002776129 0.0000001421 0 0 0
4028719 0 78 0.0917599200 0.0000302738 0.0000000100 0 0 0
4029359 0 94 0.6054120907 0.0009459564 0.0000014781 0 0 0
4033141 0 78 0.1285311545 0.0000339850 0.0000000090 0 0 0
4035531 2 453 0.0358066542 0.0000149819 0.0000000063 78 282 93
4036656 2 594 0.1079708568 0.0000959741 0.0000000853 63 469 62
4037766 0 78 0.2875834269 0.0002590842 0.0000002334 0 0 0
4038391 0 62 0.5647911226 0.0009036658 0.0000014459 0 0 0
4040344 4 6453 0.0000000000 0.0000000000 0.0000000000 0 0 0
4048672 0 78 0.0424828631 0.0000051012 0.0000000006 0 0 0
4049359 0 79 0.4701839431 0.0006844017 0.0000009962 0 0 0
4051094 2 594 0.2167767836 0.0001249434 0.0000000720 78 422 94
4055766 0 93 0.0862114803 0.0000875243 0.0000000889 0 0 0
4062344 0 94 0.0041623309 0.0000021656 0.0000000011 0 0 0
4063203 2 438 0.1828361076 0.0002128476 0.0000002478 78 282 78
4066656 0 78 0.1710188985 0.0000495276 0.0000000143 0 0 0
4067406 2 578 0.1265091760 0.0001686789 0.0000002249 141 359 78
4068578 2 516 0.3888209495 0.0003317585 0.0000002831 63 375 78
4071891 0 93 0.2046397333 0.0000617687 0.0000000186 0 0 0
4072734 0 94 0.0000000000 0.0000000000 0.0000000000 0 0 0
4073766 0 78 0.0000000000 0.0000000000 0.0000000000 0 0 0
4084563 0 78 0.0000000000 0.0000000000 0.0000000000 0 0 0
4086438 2 453 0.5926180016 0.0003160629 0.0000001686 78 312 63
4088875 2 438 0.0000000000 0.0000000000 0.0000000000 109 235 94
4090625 2 609 0.0165245098 0.0000225130 0.0000000307 125 391 93
4092188 2 671 0.0000000000 0.0000000000 0.0000000000 93 469 109
4093219 0 94 0.0000000000 0.0000000000 0.0000000000 0 0 0
4094750 2 641 0.0009237189 0.0000006033 0.0000000004 94 453 94
4095844 2 625 0.0000000000 0.0000000000 0.0000000000 94 437 94
4099125 0 63 0.0000000000 0.0000000000 0.0000000000 0 0 0
4101719 0 78 0.0000000000 0.0000000000 0.0000000000 0 0 0
4102422 0 62 0.0000000000 0.0000000000 0.0000000000 0 0 0
4103172 0 94 0.0000000000 0.0000000000 0.0000000000 0 0 0
4105031 0 63 0.0000000000 0.0000000000 0.0000000000 0 0 0
4105766 0 78 0.0000000000 0.0000000000 0.0000000000 0 0 0
4108297 2 547 0.4420127793 0.0001746396 0.0000000690 94 422 31
4111313 2 406 0.2119858047 0.0000702871 0.0000000233 46 297 63
4112781 2 391 0.0778422347 0.0000530260 0.0000000361 78 250 63
4113828 2 500 0.3154278053 0.0003012682 0.0000002877 63 390 47
4115875 2 516 0.3912494444 0.0001911331 0.0000000934 78 375 63
4120797 0 94 0.1742359613 0.0000353994 0.0000000072 0 0 0
4125297 2 547 0.1035377404 0.0000808257 0.0000000631 94 390 63
4126594 0 62 0.2699979196 0.0002081711 0.0000001605 0 0 0
4129125 0 78 0.0000000000 0.0000000000 0.0000000000 0 0 0
4133625 0 63 0.0000000000 0.0000000000 0.0000000000 0 0 0
4134594 0 78 0.0000000000 0.0000000000 0.0000000000 0 0 0
4137391 0 93 0.0000000000 0.0000000000 0.0000000000 0 0 0
4145063 0 93 0.0000000000 0.0000000000 0.0000000000 0 0 0
4146328 2 578 0.8437679153 0.0006670102 0.0000005273 110 375 93
4147219 2 484 0.0000000000 0.0000000000 0.0000000000 94 296 94
4147953 2 422 0.0000000000 0.0000000000 0.0000000000 78 250 94
4148563 2 453 0.0000000000 0.0000000000 0.0000000000 109 219 125
4149188 2 468 0.0000000000 0.0000000000 0.0000000000 125 234 109
4149891 2 578 0.0000000000 0.0000000000 0.0000000000 140 297 141
4150750 2 578 0.0000000000 0.0000000000 0.0000000000 141 312 125
4151672 2 547 0.0000000000 0.0000000000 0.0000000000 94 359 94
4152516 2 515 0.0000000000 0.0000000000 0.0000000000 109 313 93
4153391 2 640 0.0000000000 0.0000000000 0.0000000000 93 469 78
4154828 2 672 0.0000000000 0.0000000000 0.0000000000 94 484 94
4156047 2 562 0.0000000000 0.0000000000 0.0000000000 109 375 78
4157172 2 641 0.0000000000 0.0000000000 0.0000000000 94 468 79
4158719 0 78 0.0000000000 0.0000000000 0.0000000000 0 0 0
4159375 0 94 0.0000000000 0.0000000000 0.0000000000 0 0 0
4160391 2 625 0.0000000000 0.0000000000 0.0000000000 62 453 110
4162594 0 62 0.0000000000 0.0000000000 0.0000000000 0 0 0
4167375 0 94 0.0112858538 0.0000077673 0.0000000053 0 0 0
4168219 0 94 0.0000000000 0.0000000000 0.0000000000 0 0 0
4168891 2 656 0.0000000000 0.0000000000 0.0000000000 109 438 109
4170172 0 94 0.0000000000 0.0000000000 0.0000000000 0 0 0
4170797 0 94 0.0000000000 0.0000000000 0.0000000000 0 0 0
4172375 2 641 0.0000000000 0.0000000000 0.0000000000 78 469 94
4173672 0 94 0.0000000000 0.0000000000 0.0000000000 0 0 0
4175094 0 47 0.7742589356 0.0005444859 0.0000003829 0 0 0
4177938 0 78 0.2184716326 0.0000768184 0.0000000270 0 0 0
4178641 0 78 0.6231512764 0.0008864172 0.0000012609 0 0 0
4180922 0 62 0.1768775945 0.0000775439 0.0000000340 0 0 0
4182219 2 469 0.1026562528 0.0000791490 0.0000000610 78 312 79
4183922 0 62 0.2404227263 0.0001411760 0.0000000829 0 0 0
4188781 0 47 0.2269061268 0.0000466981 0.0000000096 0 0 0
4189672 0 47 0.1111111111 0.0001247038 0.0000001400 0 0 0
4191594 0 62 0.0724377031 0.0000376887 0.0000000196 0 0 0
4195766 2 453 0.0854443897 0.0000563617 0.0000000372 62 328 63
4198906 0 78 0.2208715107 0.0000703412 0.0000000224 0 0 0
4199703 2 438 0.1426569730 0.0001789924 0.0000002246 63 281 94
4201609 0 63 0.2059763350 0.0001080673 0.0000000567 0 0 0
4202547 0 94 0.4935012910 0.0005261208 0.0000005609 0 0 0
4203313 2 562 0.8419243031 0.0010991179 0.0000014349 46 485 31
4205703 0 63 0.1468502918 0.0000614436 0.0000000257 0 0 0
4206922 0 94 0.0000000000 0.0000000000 0.0000000000 0 0 0
4207984 0 94 0.0000000000 0.0000000000 0.0000000000 0 0 0
4209188 0 62 0.1526283803 0.0001267678 0.0000001053 0 0 0
4209859 0 63 0.6714058895 0.0010006049 0.0000014912 0 0 0
4212609 0 63 0.2014914181 0.0000732696 0.0000000266 0 0 0
4214359 0 79 0.0000000000 0.0000000000 0.0000000000 0 0 0
4220219 0 94 0.0000000000 0.0000000000 0.0000000000 0 0 0
4226609 2 532 0.1571701831 0.0001548475 0.0000001526 63 422 47
4227688 2 609 0.1166045540 0.0001080672 0.0000001002 62 484 63
4228859 0 63 0.0945853859 0.0000807732 0.0000000690 0 0 0
4229469 0 62 0.5208338937 0.0008538261 0.0000013997 0 0 0
4230797 2 609 0.3938469509 0.0002965715 0.0000002233 62 469 78
4232141 2 500 0.0990041380 0.0000736638 0.0000000548 78 359 63
4233375 2 547 0.4691078768 0.0003801523 0.0000003081 94 375 78
4235016 0 78 0.4202330255 0.0002560835 0.0000001561 0 0 0
4235797 0 94 0.0025608195 0.0000032789 0.0000000042 0 0 0
4238250 2 500 0.1308311790 0.0001523064 0.0000001773 78 344 78
4239719 0 62 0.9170100527 0.0006242410 0.0000004249 0 0 0
4240500 4 7078 0.0000000000 0.0000000000 0.0000000000 0 0 0
4250297 0 78 0.0818331536 0.0000083529 0.0000000009 0 0 0
4253078 4 69985 0.0000000000 0.0000000000 0.0000000000 0 0 0
4326750 4 10438 0.0000000000 0.0000000000 0.0000000000 0 0 0
4345609 0 94 0.3664787932 0.0000481639 0.0000000063 0 0 0
4348422 2 469 0.5153752025 0.0004070894 0.0000003216 47 359 63
4350156 3 1110 0.1079348459 0.0000622462 0.0000000359 0 0 0
4351875 0 78 0.2941409135 0.0001711116 0.0000000995 0 0 0
4363984 3 438 0.5337663422 0.0009001119 0.0000015179 0 0 0
4366219 0 94 0.2113054157 0.0000945438 0.0000000423 0 0 0
4370656 0 78 0.2670962244 0.0000601975 0.0000000136 0 0 0
4371891 0 93 0.1248312065 0.0001010779 0.0000000818 0 0 0
4373172 0 94 0.5029979828 0.0003926604 0.0000003065 0 0 0
4375406 0 47 0.3883068022 0.0001738168 0.0000000778 0 0 0
4377016 0 78 0.4775878360 0.0002966384 0.0000001842 0 0 0
4378734 0 63 0.3468088960 0.0002018678 0.0000001175 0 0 0
4380766 0 93 0.0000000000 0.0000000000 0.0000000000 0 0 0
4384141 0 78 0.2456542161 0.0002213101 0.0000001994 0 0 0
4385094 0 62 0.0000000000 0.0000000000 0.0000000000 0 0 0
4386016 0 93 0.0000000000 0.0000000000 0.0000000000 0 0 0
4387906 0 63 0.4014958167 0.0002124316 0.0000001124 0 0 0
4388719 0 47 0.2750154492 0.0003382724 0.0000004161 0 0 0
4391016 0 93 0.5874642777 0.0009164809 0.0000014298 0 0 0
4391984 0 94 0.6760987594 0.0006984491 0.0000007215 0 0 0
4393875 0 63 0.3169960400 0.0001676341 0.0000000886 0 0 0
4394859 0 79 0.3416340484 0.0003471891 0.0000003528 0 0 0
4395734 0 79 0.6245742347 0.0007137991 0.0000008158 0 0 0
4396484 0 47 0.5761879509 0.0007682506 0.0000010243 0 0 0
4398938 0 62 0.1680535049 0.0000684815 0.0000000279 0 0 0
4400125 0 78 0.0000000000 0.0000000000 0.0000000000 0 0 0
4401344 0 78 0.0000000000 0.0000000000 0.0000000000 0 0 0
4402781 0 94 0.0000000000 0.0000000000 0.0000000000 0 0 0
4403719 0 94 0.0010660981 0.0000011366 0.0000000012 0 0 0
4406828 0 47 0.2848456787 0.0001703622 0.0000001019 0 0 0
4407531 0 78 0.4248232887 0.0006043006 0.0000008596 0 0 0
4410344 0 78 0.7155549697 0.0002543743 0.0000000904 0 0 0
4413125 0 94 0.6369694244 0.0002290433 0.0000000824 0 0 0
4413922 0 94 0.2375780716 0.0002980904 0.0000003740 0 0 0
4417672 0 94 0.6176643604 0.0004074303 0.0000002688 0 0 0
4418984 0 63 0.8317649267 0.0006339672 0.0000004832 0 0 0
4420422 2 484 0.5782390899 0.0004021134 0.0000002796 78 344 62
4422125 0 63 0.5876744766 0.0003450819 0.0000002026 0 0 0
4424453 0 78 0.7779345422 0.0003341643 0.0000001435 0 0 0
4425813 0 78 0.5082979811 0.0003737485 0.0000002748 0 0 0
4427188 0 62 0.0726474519 0.0000528345 0.0000000384 0 0 0
4428922 0 78 0.3948348662 0.0002277018 0.0000001313 0 0 0
4429953 0 78 0.5561130100 0.0005393919 0.0000005232 0 0 0
4430922 0 94 0.0270851632 0.0000279517 0.0000000288 0 0 0
4432016 0 62 1.0768629903 0.0009843355 0.0000008998 0 0 0
4433453 0 63 0.8631567374 0.0006006658 0.0000004180 0 0 0
4434375 0 78 0.7752679242 0.0008408546 0.0000009120 0 0 0
4435219 0 62 1.0107354765 0.0011975539 0.0000014189 0 0 0
4436500 0 63 0.2713364895 0.0002118162 0.0000001654 0 0 0
4441875 0 63 0.1482212970 0.0000275761 0.0000000051 0 0 0
4442781 0 63 0.6164217872 0.0006803772 0.0000007510 0 0 0
4445047 0 78 0.4120264018 0.0001818298 0.0000000802 0 0 0
4445953 0 63 0.1579013559 0.0001742841 0.0000001924 0 0 0
4447125 0 47 0.8072384924 0.0006887700 0.0000005877 0 0 0
4448125 0 94 0.6752469208 0.0006752469 0.0000006752 0 0 0
4449281 0 78 0.6730964608 0.0005822634 0.0000005037 0 0 0
4451063 0 78 0.3608158739 0.0002024780 0.0000001136 0 0 0
4452859 0 63 0.1390875185 0.0000774429 0.0000000431 0 0 0
4454219 0 62 0.4638878289 0.0003410940 0.0000002508 0 0 0
4456141 0 78 0.4191022358 0.0002180553 0.0000001135 0 0 0
4457125 0 63 0.2991542989 0.0003040186 0.0000003090 0 0 0
4459984 0 79 0.1428181952 0.0000499539 0.0000000175 0 0 0
4461844 0 94 0.4015397762 0.0002158816 0.0000001161 0 0 0
4463344 0 78 0.3272492229 0.0002181661 0.0000001454 0 0 0
4464234 0 63 0.4217696718 0.0004738985 0.0000005325 0 0 0
4465641 0 78 0.5118078853 0.0003637583 0.0000002585 0 0 0
4466547 0 78 0.3568043187 0.0003938238 0.0000004347 0 0 0
4467531 0 47 0.4780187961 0.0004857915 0.0000004937 0 0 0
4473719 0 78 0.1263450872 0.0000258322 0.0000000053 0 0 0
4476313 0 62 0.3117434622 0.0001201787 0.0000000463 0 0 0
4477500 0 78 0.6948185993 0.0005853569 0.0000004931 0 0 0
4480141 0 93 0.3514638542 0.0001330798 0.0000000504 0 0 0
4482344 0 94 0.0010152284 0.0000010307 0.0000000010 0 0 0
4483500 0 47 0.4260317495 0.0003685396 0.0000003188 0 0 0
4487266 0 93 0.8111505714 0.0002153878 0.0000000572 0 0 0
4488000 0 94 0.0671032313 0.0000914213 0.0000001246 0 0 0
4490328 0 94 0.2769884834 0.0002038179 0.0000001500 0 0 0
4491734 0 79 0.5638793666 0.0004010522 0.0000002852 0 0 0
4492438 0 46 0.4301872139 0.0006110614 0.0000008680 0 0 0
4493750 0 78 0.3900934860 0.0002973274 0.0000002266 0 0 0
4494719 0 94 0.0000000000 0.0000000000 0.0000000000 0 0 0
4496125 0 63 0.0023016131 0.0000016370 0.0000000012 0 0 0
4498781 0 78 0.5679550464 0.0003134410 0.0000001730 0 0 0
4499859 0 79 0.8236265064 0.0007640320 0.0000007087 0 0 0
4501031 0 78 0.0000000000 0.0000000000 0.0000000000 0 0 0
4502922 0 78 0.9402602792 0.0014668647 0.0000022884 0 0 0
4504078 0 94 0.7444493352 0.0006439873 0.0000005571 0 0 0
4505234 0 63 0.5116452324 0.0004425997 0.0000003829 0 0 0
4505906 0 78 0.2275414397 0.0003386033 0.0000005039 0 0 0
4506813 0 78 0.4935096395 0.0005441121 0.0000005999 0 0 0
4508063 0 78 0.9446367132 0.0007557094 0.0000006046 0 0 0
4510141 0 78 0.4299374331 0.0002068996 0.0000000996 0 0 0
4511078 0 63 0.9305189551 0.0009930832 0.0000010599 0 0 0
4512609 0 63 1.0843742496 0.0014773491 0.0000020127 0 0 0
4513469 0 62 0.0000000000 0.0000000000 0.0000000000 0 0 0
4514297 0 78 0.0000000000 0.0000000000 0.0000000000 0 0 0
4516078 4 7922 0.0000000000 0.0000000000 0.0000000000 0 0 0
4528797 0 94 0.5053038293 0.0002431683 0.0000001170 0 0 0
4529250 4 66641 0.0000000000 0.0000000000 0.0000000000 0 0 0
4596922 0 94 0.0085720719 0.0000001267 0.0000000000 0 0 0
4603219 0 62 0.1500380742 0.0001656049 0.0000001828 0 0 0
4604625 0 47 0.1022777687 0.0000727438 0.0000000517 0 0 0
4609281 0 63 0.6895750944 0.0003871842 0.0000002174 0 0 0
4609969 0 62 0.7226243681 0.0010503261 0.0000015266 0 0 0
4611031 2 532 0.8216925149 0.0007737218 0.0000007286 47 438 47
4612922 0 78 0.2958761927 0.0001564655 0.0000000827 0 0 0
4615734 0 94 0.6275950819 0.0003789825 0.0000002289 0 0 0
4616813 0 46 0.8739114027 0.0008099272 0.0000007506 0 0 0
4618844 0 94 0.3309603665 0.0001629544 0.0000000802 0 0 0
4622609 0 94 0.0008210181 0.0000006741 0.0000000006 0 0 0
4625609 0 94 0.4886905835 0.0001628969 0.0000000543 0 0 0
4626703 0 78 0.8428937471 0.0007704696 0.0000007043 0 0 0
4627844 0 62 0.4522285244 0.0003963440 0.0000003474 0 0 0
4629297 0 47 0.4818960194 0.0003316559 0.0000002283 0 0 0
4632906 0 94 0.2940741517 0.0001555948 0.0000000823 0 0 0
4633938 0 78 0.3092824239 0.0002996923 0.0000002904 0 0 0
4634625 0 63 0.8681551174 0.0012636901 0.0000018394 0 0 0
4635734 0 94 0.4080610751 0.0003679541 0.0000003318 0 0 0
4636859 0 63 0.4816651872 0.0004281468 0.0000003806 0 0 0
4637969 0 78 0.0009009009 0.0000008116 0.0000000007 0 0 0
4639016 0 93 0.8401597748 0.0008024449 0.0000007664 0 0 0
4639828 0 94 0.4268763523 0.0005257098 0.0000006474 0 0 0
4641359 0 63 0.5309159420 0.0003467772 0.0000002265 0 0 0
4642734 0 79 0.6825667994 0.0004964122 0.0000003610 0 0 0
4643984 0 79 0.7401037464 0.0005920830 0.0000004737 0 0 0
4645047 0 78 0.0000000000 0.0000000000 0.0000000000 0 0 0
4646297 0 94 0.7028149753 0.0005622520 0.0000004498 0 0 0
4647109 0 63 1.0397712725 0.0012805065 0.0000015770 0 0 0
4648094 0 78 0.4816952196 0.0004890307 0.0000004965 0 0 0
4648750 0 47 0.4872715220 0.0007427920 0.0000011323 0 0 0
4649469 0 78 0.6264170412 0.0008712337 0.0000012117 0 0 0
4650984 0 94 0.4735794351 0.0003125937 0.0000002063 0 0 0
4652078 0 63 0.0000000000 0.0000000000 0.0000000000 0 0 0
4653094 0 78 0.0000000000 0.0000000000 0.0000000000 0 0 0
4655328 0 78 0.4818137183 0.0002156731 0.0000000965 0 0 0
4656250 0 78 0.4707929152 0.0005106214 0.0000005538 0 0 0
4657047 0 62 0.6845751226 0.0008589399 0.0000010777 0 0 0
4658000 0 63 0.0000000000 0.0000000000 0.0000000000 0 0 0
4659094 0 78 0.8165090142 0.0007463519 0.0000006822 0 0 0
4660000 0 94 0.6225446232 0.0006871353 0.0000007584 0 0 0
4660828 0 78 0.0000000000 0.0000000000 0.0000000000 0 0 0
4661938 0 46 0.7235921480 0.0006518848 0.0000005873 0 0 0
4662844 0 62 1.0738565631 0.0011852721 0.0000013082 0 0 0
4668719 0 62 0.3869412839 0.0000791129 0.0000000162 0 0 0
4670234 0 94 0.9509436369 0.0006276856 0.0000004143 0 0 0
4672078 0 78 0.4493288590 0.0002436707 0.0000001321 0 0 0
4672844 0 62 0.2650522610 0.0003460212 0.0000004517 0 0 0
4673969 0 47 0.7605498294 0.0006760443 0.0000006009 0 0 0
4674719 0 62 0.9110512924 0.0012147351 0.0000016196 0 0 0
4676906 0 94 0.3561651069 0.0001628556 0.0000000745 0 0 0
4678656 0 78 0.4711961017 0.0002692549 0.0000001539 0 0 0
4680141 0 93 0.1258424880 0.0000847424 0.0000000571 0 0 0
4682438 0 78 0.9371495925 0.0004079885 0.0000001776 0 0 0
4684281 0 78 0.3888453518 0.0002109850 0.0000001145 0 0 0
4685500 0 63 0.2928331829 0.0002402241 0.0000001971 0 0 0
4686688 0 46 0.4113315490 0.0003462387 0.0000002914 0 0 0
4687563 0 78 0.3909467615 0.0004467963 0.0000005106 0 0 0
4688750 0 78 0.5941355827 0.0005005355 0.0000004217 0 0 0
4690219 0 78 0.5678509735 0.0003865561 0.0000002631 0 0 0
4691094 0 78 0.5816850362 0.0006647829 0.0000007598 0 0 0
4692109 0 63 0.3933637013 0.0003875504 0.0000003818 0 0 0
4694984 0 63 0.9422908370 0.0005025551 0.0000002680 0 0 0
4697016 0 93 0.9790402253 0.0004818111 0.0000002371 0 0 0
4703969 0 62 0.2522608961 0.0001204684 0.0000000575 0 0 0
4704969 0 62 0.0000000000 0.0000000000 0.0000000000 0 0 0
4706438 0 93 0.0000000000 0.0000000000 0.0000000000 0 0 0
4713266 0 78 0.8149584377 0.0004827953 0.0000002860 0 0 0
4714969 0 94 0.2137525548 0.0001982862 0.0000001839 0 0 0
4715984 0 79 0.8267910839 0.0008145725 0.0000008025 0 0 0
4717203 0 78 0.0158690075 0.0000130181 0.0000000107 0 0 0
4719078 0 78 0.0000000000 0.0000000000 0.0000000000 0 0 0
4719953 0 94 0.0000000000 0.0000000000 0.0000000000 0 0 0
4726156 2 641 1.0366193727 0.0009093152 0.0000007976 94 469 78
4728094 0 94 0.4476265019 0.0002309734 0.0000001192 0 0 0
4729391 0 93 0.4507439866 0.0003475281 0.0000002679 0 0 0
4731516 0 78 0.5886813517 0.0004328539 0.0000003183 0 0 0
4732953 0 63 0.4153409927 0.0002890334 0.0000002011 0 0 0
4733625 0 63 0.1479934968 0.0002202284 0.0000003277 0 0 0
4734406 0 47 0.5718606021 0.0007322159 0.0000009375 0 0 0
4735828 0 63 0.1993304408 0.0001401761 0.0000000986 0 0 0
4736859 0 79 0.7327023838 0.0007106716 0.0000006893 0 0 0
4737859 0 47 1.1021626124 0.0011021626 0.0000011022 0 0 0
4739531 0 78 1.0113618701 0.0011773712 0.0000013706 0 0 0
4740375 0 78 0.0149354873 0.0000176961 0.0000000210 0 0 0
4741531 0 94 0.0041768401 0.0000036132 0.0000000031 0 0 0
4744500 0 94 0.4340243396 0.0001461854 0.0000000492 0 0 0
4745438 0 78 0.2769866717 0.0002952950 0.0000003148 0 0 0
4749203 0 47 0.5099510373 0.0001354452 0.0000000360 0 0 0
4750031 0 78 0.4418313615 0.0005336128 0.0000006445 0 0 0
4752172 0 62 0.5140852246 0.0005394389 0.0000005660 0 0 0
4753688 0 78 0.3437165708 0.0002267260 0.0000001496 0 0 0
4755125 0 94 0.0000000000 0.0000000000 0.0000000000 0 0 0
4758203 0 47 0.6478941413 0.0003575575 0.0000001973 0 0 0
4760234 0 79 0.5755310528 0.0002833732 0.0000001395 0 0 0
4761891 0 78 0.1629927398 0.0000983662 0.0000000594 0 0 0
4763484 0 79 0.0021432602 0.0000013454 0.0000000008 0 0 0
4764641 0 78 0.6695428796 0.0005786887 0.0000005002 0 0 0
4766375 0 63 0.6432444342 0.0003709599 0.0000002139 0 0 0
4767469 0 78 0.3337718510 0.0003050931 0.0000002789 0 0 0
4768953 0 94 0.2716047082 0.0001830220 0.0000001233 0 0 0
4770297 0 62 0.2829381104 0.0002105194 0.0000001566 0 0 0
4771234 0 79 0.4165945304 0.0004446046 0.0000004745 0 0 0
4772328 0 94 0.0338617311 0.0000309522 0.0000000283 0 0 0
4775797 0 78 0.5336763969 0.0004878212 0.0000004459 0 0 0
4777156 0 63 0.6320541812 0.0004650877 0.0000003422 0 0 0
4779266 0 62 0.7294524894 0.0003457121 0.0000001638 0 0 0
4780594 0 78 0.4235638105 0.0003189487 0.0000002402 0 0 0
4782984 0 63 0.7643233218 0.0009066706 0.0000010755 0 0 0
4784172 0 78 0.0591251678 0.0000497687 0.0000000419 0 0 0
4785594 0 78 0.3968481905 0.0002790775 0.0000001963 0 0 0
4788469 0 94 0.0050909091 0.0000037025 0.0000000027 0 0 0
4789969 0 94 0.4189859507 0.0002793240 0.0000001862 0 0 0
4790828 0 63 0.7955167342 0.0009260963 0.0000010781 0 0 0
4791953 0 78 0.0000000000 0.0000000000 0.0000000000 0 0 0
4793188 0 93 0.0000000000 0.0000000000 0.0000000000 0 0 0
4795984 0 79 0.7878581883 0.0005096107 0.0000003296 0 0 0
4797328 0 94 0.5618788280 0.0004180646 0.0000003111 0 0 0
4798453 0 94 0.7339934818 0.0006524387 0.0000005799 0 0 0
4800031 0 78 0.5773449210 0.0006972765 0.0000008421 0 0 0
4803063 0 78 0.4272316036 0.0002578344 0.0000001556 0 0 0
4804109 0 63 0.7247227701 0.0006928516 0.0000006624 0 0 0
4805156 0 94 0.7711242787 0.0007365084 0.0000007034 0 0 0
4807109 2 391 0.7062400944 0.0008377700 0.0000009938 94 250 47
4810016 0 62 0.6346783400 0.0004368055 0.0000003006 0 0 0
4810844 0 78 0.6904389629 0.0008338635 0.0000010071 0 0 0
4812141 0 78 0.7225588282 0.0005571001 0.0000004295 0 0 0
4814344 0 62 0.1899388561 0.0000862183 0.0000000391 0 0 0
4822000 0 78 0.4237991312 0.0000553552 0.0000000072 0 0 0
4823953 1 94 0.1891243794 0.0002752902 0.0000004007 0 0 0
4824844 0 78 0.0405484318 0.0000455089 0.0000000511 0 0 0
4825719 0 47 0.0671438984 0.0000767359 0.0000000877 0 0 0
4827219 0 47 0.8195472476 0.0005463648 0.0000003642 0 0 0
4829734 0 63 0.5355355141 0.0002129366 0.0000000847 0 0 0
4829797 4 31781 0.0000000000 0.0000000000 0.0000000000 0 0 0
4862625 0 94 0.0635275328 0.0000019352 0.0000000001 0 0 0
4865047 0 78 0.3796974320 0.0001567702 0.0000000647 0 0 0
4869094 4 53015 0.0000000000 0.0000000000 0.0000000000 0 0 0
4926422 0 78 0.0429914842 0.0000007499 0.0000000000 0 0 0
4929234 0 79 0.6746095039 0.0003890482 0.0000002244 0 0 0
4941359 0 63 0.2942481857 0.0000387526 0.0000000051 0 0 0
4942078 0 78 0.1321279555 0.0001837663 0.0000002556 0 0 0
4947266 0 93 0.5729732938 0.0001104420 0.0000000213 0 0 0
4949016 0 62 0.4337874970 0.0002478786 0.0000001416 0 0 0
4949313 4 5750 0.0000000000 0.0000000000 0.0000000000 0 0 0
4959828 0 78 0.1310106153 0.0000124594 0.0000000012 0 0 0
4960906 0 47 0.0229031665 0.0000212460 0.0000000197 0 0 0
4962484 0 63 0.0706727581 0.0000447863 0.0000000284 0 0 0
4964156 0 47 0.1592184805 0.0001323512 0.0000001100 0 0 0
4965750 0 47 0.4622198916 0.0002899748 0.0000001819 0 0 0
4968547 3 359 0.2662851088 0.0000952038 0.0000000340 0 0 0
4969719 0 78 0.5457709735 0.0004656749 0.0000003973 0 0 0
4970609 3 547 0.2700241263 0.0003033979 0.0000003409 0 0 0
4972000 0 78 0.2362753918 0.0001698601 0.0000001221 0 0 0
4974688 0 78 0.5453851274 0.0003291401 0.0000001986 0 0 0
4975609 0 94 0.1217929412 0.0001322399 0.0000001436 0 0 0
4978688 3 453 0.5375264738 0.0007167020 0.0000009556 0 0 0
4979328 0 63 0.2604194799 0.0004069054 0.0000006358 0 0 0
4979656 4 31610 0.0000000000 0.0000000000 0.0000000000 0 0 0
5012203 0 78 0.0442004058 0.0000013580 0.0000000000 0 0 0
5015781 0 78 0.3081578428 0.0000861257 0.0000000241 0 0 0
5028109 1 79 0.1469574750 0.0001045217 0.0000000743 0 0 0
5032688 0 93 0.2469122425 0.0000539227 0.0000000118 0 0 0
5033234 4 14297 0.0000000000 0.0000000000 0.0000000000 0 0 0
5049359 3 891 0.6972020158 0.0005873648 0.0000004948 0 0 0
5051109 0 63 0.1269471435 0.0000725412 0.0000000415 0 0 0
5073750 1 63 0.2492331174 0.0000422000 0.0000000071 0 0 0
5076359 0 63 0.3669533484 0.0001406490 0.0000000539 0 0 0
5081531 1 63 0.2213833865 0.0000428042 0.0000000083 0 0 0
5083469 0 78 0.2049532913 0.0001057551 0.0000000546 0 0 0
5087375 3 875 0.2654439762 0.0000679580 0.0000000174 0 0 0
5089203 3 656 0.0218196660 0.0000119364 0.0000000065 0 0 0
5091750 0 47 0.2320746906 0.0001747550 0.0000001316 0 0 0
5092703 2 563 0.9499040116 0.0009967513 0.0000010459 63 437 63
5094047 0 62 0.5497804783 0.0004090629 0.0000003044 0 0 0
5103781 0 63 0.2002689493 0.0000281079 0.0000000039 0 0 0
5105984 0 79 0.4064099586 0.0001844802 0.0000000837 0 0 0
5113219 0 78 0.1371041534 0.0000189501 0.0000000026 0 0 0
5117156 4 423532 0.0000000000 0.0000000000 0.0000000000 0 0 0
5542313 0 93 0.0026878604 0.0000000063 0.0000000000 0 0 0
5543453 3 500 0.9666167728 0.0008479094 0.0000007438 0 0 0
5545141 3 1172 0.6605674201 0.0003913314 0.0000002318 0 0 0
5547344 0 78 0.5317672283 0.0002413832 0.0000001096 0 0 0
5549656 0 94 0.2605357425 0.0001939953 0.0000001444 0 0 0
5551203 0 94 0.0000000000 0.0000000000 0.0000000000 0 0 0
5552016 0 62 0.2239652741 0.0002754800 0.0000003388 0 0 0
