
53   0.341216<-   0.102113          0   0.260523   0.475309   0.303279   0.193548   0.293907   0.383562          0   0.291845   0.351351   0.313725   0.131148   0.153846  0.0250696   0.103448       0.12   0.149626  0.0779817    0.10596 0.00794702    0.20598   0.273523   0.359155   0.243902   0.199074   0.277027   0.243902   0.395161   0.293103   0.315789   0.204152   0.313131          0          0       0.22  0.0491803   0.101695 
54      0.375   0.309859<-   0.153285   0.124005   0.432099   0.254098   0.483871   0.426523   0.452055   0.143251   0.420601   0.432432   0.243137   0.398907   0.417582   0.233983   0.344828       0.46   0.461347       0.25   0.443709   0.238411   0.292359   0.367615   0.309859   0.512195   0.467593   0.486486   0.463415   0.254032   0.278017   0.353383    0.33564   0.383838          0      0.125       0.19  0.0163934   0.333333 
55          0  0.0140845   0.437956<-          0          0          0   0.177419  0.0394265  0.0273973    0.23416   0.158798          0          0   0.202186   0.142857  0.0111421  0.0804598       0.22   0.167082  0.0275229   0.311258          0  0.0398671  0.0656455          0  0.0609756  0.0555556   0.101351  0.0670732          0          0          0  0.0726644  0.0707071   0.383562    0.21875          0          0  0.0847458 
1   0.158784  0.0352113          0   0.196815<-   0.216049   0.172131  0.0322581   0.103943   0.109589 0.00550964  0.0901288   0.175676   0.196078          0          0  0.0779944  0.0862069       0.02 0.00498753   0.100917 0.00662252   0.166887  0.0730897  0.0743982   0.161972  0.0731707  0.0925926  0.0878378   0.103659   0.241935   0.153017   0.218045   0.100346   0.121212          0          0       0.17  0.0655738  0.0169492 
3   0.148649   0.056338          0  0.0921502   0.234568<-   0.139344   0.145161    0.18638   0.226027 0.00550964   0.175966   0.148649   0.152941  0.0983607    0.10989   0.100279   0.149425       0.12   0.162095  0.0940367  0.0860927   0.116556   0.159468   0.177243   0.169014   0.170732   0.101852   0.168919   0.170732   0.153226   0.122845   0.135338   0.110727   0.131313          0          0       0.09  0.0163934   0.101695 
4   0.243243  0.0950704          0    0.23777    0.32716   0.295082<-  0.0967742   0.236559   0.232877 0.00826446   0.180258   0.243243   0.305882  0.0655738  0.0659341   0.139276   0.189655        0.1   0.142145   0.151376  0.0860927   0.231788   0.199336   0.210066   0.260563   0.170732   0.152778   0.212838   0.219512   0.370968   0.230603   0.323308   0.176471   0.232323          0          0       0.25  0.0655738   0.146893 
2   0.108108  0.0598592   0.145985          0   0.135802   0.057377   0.241935<-    0.16129   0.164384   0.121212   0.188841   0.148649  0.0745098   0.202186   0.230769  0.0194986   0.143678        0.2   0.219451  0.0573394   0.304636 0.00529801   0.109635   0.142232  0.0985915   0.182927   0.134259   0.233108    0.22561  0.0564516   0.101293   0.135338   0.155709   0.181818          0      0.125        0.1          0   0.158192 
5   0.212838   0.116197  0.0583942  0.0887372   0.339506   0.168033   0.241935   0.293907<-   0.335616  0.0798898   0.313305   0.216216   0.223529   0.256831   0.252747   0.097493   0.247126       0.22   0.284289   0.139908   0.258278   0.115232   0.232558   0.271335   0.260563   0.329268   0.208333   0.297297   0.353659    0.21371   0.193966   0.203008   0.207612   0.262626          0    0.09375       0.15  0.0163934   0.180791 
7   0.131757  0.0669014          0  0.0784983   0.203704   0.118852   0.145161   0.164875   0.205479<-          0    0.11588   0.148649   0.109804   0.103825    0.10989  0.0167131  0.0862069        0.1   0.147132  0.0412844  0.0728477   0.018543   0.116279   0.150985   0.161972   0.146341   0.101852   0.158784   0.146341   0.145161  0.0883621  0.0902256  0.0865052  0.0707071          0          0       0.08          0  0.0621469 
10          0  0.0387324   0.233577          0          0          0  0.0806452  0.0573477  0.0410959   0.363636<-   0.158798          0 0.00392157   0.213115   0.197802  0.0752089  0.0977011       0.16   0.154613  0.0688073   0.238411  0.0887417  0.0697674   0.083151          0  0.0609756  0.0648148   0.108108  0.0670732          0          0          0  0.0692042  0.0808081   0.321918    0.21875          0          0  0.0621469 
12   0.175676   0.102113    0.10219   0.069397   0.290123   0.143443   0.258065    0.25448   0.308219  0.0826446   0.266094<-   0.202703   0.172549   0.245902   0.285714  0.0334262   0.166667       0.24   0.286783  0.0642202   0.298013 0.00397351    0.17608   0.256018   0.225352   0.268293   0.199074   0.314189   0.335366   0.177419   0.170259    0.18797   0.186851   0.161616          0    0.09375       0.16          0   0.163842 
13   0.162162  0.0704225          0   0.102389   0.259259   0.147541   0.177419   0.182796   0.205479          0    0.11588   0.216216<-   0.141176   0.125683   0.164835  0.0167131  0.0977011       0.12   0.154613  0.0527523  0.0993377   0.018543    0.13289   0.175055   0.197183   0.182927    0.12037   0.199324   0.146341   0.169355   0.109914   0.112782  0.0968858   0.141414          0          0       0.07          0  0.0734463 
15   0.216216  0.0880282          0   0.195677   0.283951   0.258197  0.0806452   0.197133   0.226027 0.00275482   0.171674   0.243243   0.298039<-  0.0601093  0.0659341  0.0724234   0.137931       0.08   0.127182   0.100917  0.0662252   0.103311   0.172757   0.203501   0.260563   0.158537   0.143519   0.212838   0.189024   0.334677   0.198276   0.308271    0.16609    0.20202          0          0       0.27  0.0327869   0.152542 
16  0.0945946  0.0774648   0.394161          0   0.123457  0.0491803    0.33871   0.193548   0.164384   0.278237   0.339056   0.121622  0.0745098   0.377049<-   0.296703   0.103064   0.247126       0.32   0.356608   0.135321   0.490066   0.124503   0.122924   0.207877  0.0915493   0.231707   0.189815   0.337838    0.29878  0.0483871  0.0883621   0.105263   0.204152   0.232323   0.143836    0.21875       0.09          0   0.242938 
17  0.0506757  0.0528169    0.20438          0  0.0864198  0.0286885    0.16129   0.103943   0.123288   0.203857   0.261803  0.0945946  0.0588235   0.245902   0.241758<-  0.0668524   0.126437       0.26   0.229426  0.0733945   0.304636  0.0529801  0.0963455   0.153173  0.0774648   0.121951   0.138889   0.226351   0.207317  0.0362903  0.0646552  0.0676692   0.141869   0.171717  0.0958904      0.125       0.08          0   0.129944 
18  0.0810811  0.0598592   0.124088          0   0.135802  0.0655738   0.112903   0.157706   0.164384   0.126722   0.180258   0.121622  0.0862745   0.191257   0.241758   0.206128<-   0.195402       0.22   0.197007   0.190367   0.271523   0.258278   0.109635   0.146608   0.105634   0.170732    0.12037   0.192568   0.219512  0.0685484  0.0969828    0.12782    0.15917    0.20202          0    0.15625        0.1          0    0.19774 
19  0.0506757  0.0528169  0.0875912 0.00455063  0.0987654   0.057377   0.112903   0.125448   0.116438   0.134986   0.175966  0.0675676  0.0862745   0.163934   0.197802   0.158774   0.235632<-       0.24   0.164589   0.169725   0.205298   0.259603   0.129568   0.133479   0.084507   0.121951   0.115741   0.128378   0.152439  0.0806452  0.0818966  0.0977444   0.155709   0.191919          0     0.0625       0.08  0.0163934   0.146893 
20  0.0675676  0.0809859   0.313869          0   0.104938  0.0409836   0.225806   0.175627   0.171233   0.264463   0.330472   0.108108  0.0745098    0.31694   0.296703  0.0779944   0.201149       0.34<-   0.304239   0.126147   0.417219  0.0874172   0.152824   0.205689  0.0915493   0.219512   0.157407   0.277027   0.268293  0.0524194  0.0862069   0.105263   0.204152   0.232323   0.130137     0.1875       0.09          0    0.19774 
21  0.0878378  0.0492958    0.10219          0    0.12963   0.045082   0.145161   0.132616   0.130137  0.0936639   0.150215   0.121622  0.0666667   0.163934   0.186813  0.0557103   0.149425       0.14   0.174564<-   0.059633   0.258278  0.0781457  0.0697674   0.111597  0.0915493   0.121951  0.0972222   0.179054   0.213415  0.0483871  0.0862069   0.105263   0.114187   0.121212          0      0.125       0.09          0   0.152542 
22   0.192568   0.133803  0.0875912   0.101251   0.296296    0.22541   0.225806   0.275986   0.287671   0.112948   0.330472   0.189189   0.235294   0.218579   0.307692   0.228412   0.316092        0.3   0.301746   0.261468<-   0.284768    0.32053   0.275748   0.284464   0.260563   0.231707   0.180556   0.290541   0.317073   0.225806   0.209052   0.255639   0.252595   0.292929          0     0.0625       0.17  0.0327869   0.271186 
23  0.0743243  0.0528169   0.233577          0   0.117284  0.0368852   0.209677   0.132616   0.143836   0.192837   0.270386  0.0945946  0.0588235   0.245902    0.21978  0.0445682    0.16092        0.3   0.241895  0.0711009   0.364238<-  0.0463576  0.0863787    0.16849  0.0704225   0.158537    0.12037   0.256757    0.22561  0.0322581  0.0711207  0.0827068    0.16955    0.20202  0.0890411     0.1875       0.08          0   0.175141 
24  0.0844595  0.0246479          0  0.0682594   0.141975   0.102459  0.0322581   0.100358   0.109589          0   0.107296   0.108108  0.0745098  0.0491803  0.0769231  0.0891365    0.12069       0.06   0.084788  0.0894495  0.0662252   0.137748<-   0.106312   0.135667  0.0915493  0.0853659  0.0555556  0.0709459   0.103659  0.0967742   0.116379  0.0977444  0.0795848    0.10101          0          0       0.03  0.0163934  0.0960452 
25   0.175676   0.116197  0.0656934  0.0853242   0.259259   0.204918   0.193548   0.243728   0.294521   0.107438   0.257511   0.202703   0.227451    0.20765   0.285714  0.0947075   0.241379       0.24   0.289277   0.149083   0.211921    0.12053   0.289037<-   0.258206   0.246479   0.243902   0.185185   0.273649   0.280488   0.241935     0.1875   0.210526   0.231834   0.313131          0    0.03125        0.2  0.0327869   0.276836 
27   0.202703   0.123239  0.0875912  0.0944255   0.277778   0.204918   0.225806   0.275986   0.308219   0.129477   0.334764   0.202703   0.254902   0.245902   0.307692   0.097493   0.258621        0.3   0.309227   0.162844   0.278146   0.137748   0.295681   0.323851<-   0.260563   0.268293   0.203704   0.293919   0.317073   0.254032   0.204741   0.278195   0.252595   0.333333          0     0.0625       0.18  0.0163934   0.276836 
29   0.239865  0.0809859          0    0.17975   0.364198   0.237705   0.177419   0.218638   0.239726          0     0.2103   0.256757   0.231373  0.0765027  0.0989011  0.0167131  0.0689655        0.1   0.129676  0.0389908  0.0529801 0.00397351   0.172757   0.190372   0.274648<-   0.158537   0.148148   0.206081   0.207317   0.334677    0.18319   0.240602   0.152249   0.171717          0          0       0.19  0.0327869  0.0847458 
30       0.25   0.130282   0.124088  0.0989761   0.388889   0.196721    0.33871   0.329749   0.390411   0.104683   0.330472   0.310811   0.254902   0.311475   0.384615   0.086351   0.275862        0.3   0.386534    0.15367   0.384106   0.127152   0.252492   0.306346   0.295775   0.341463<-   0.236111   0.391892   0.396341       0.25   0.230603   0.263158   0.245675   0.323232          0      0.125       0.19          0   0.231638 
31   0.277027   0.137324   0.138686   0.109215   0.382716   0.192623   0.467742   0.362007   0.390411   0.121212   0.321888   0.337838   0.243137   0.349727   0.384615  0.0947075   0.304598       0.32   0.413965    0.15367   0.410596   0.121854   0.245847    0.33698   0.302817   0.402439   0.268519<-   0.425676   0.408537   0.233871   0.234914   0.263158   0.259516   0.313131          0      0.125        0.2          0   0.231638 
32   0.216216   0.119718   0.116788  0.0841866   0.339506   0.168033   0.258065   0.304659   0.342466  0.0909091   0.296137   0.256757        0.2   0.278689   0.340659  0.0334262   0.189655       0.26   0.321696  0.0894495   0.324503 0.00662252   0.225914   0.284464    0.28169   0.317073   0.222222   0.351351<-   0.378049   0.237903   0.206897   0.225564   0.214533   0.242424          0      0.125       0.18          0    0.20339 
37   0.216216   0.105634   0.109489  0.0830489   0.333333   0.184426   0.258065   0.297491   0.356164   0.101928   0.347639   0.243243   0.227451   0.245902   0.318681   0.103064   0.270115       0.32   0.334165   0.167431   0.284768   0.144371   0.265781   0.301969   0.267606   0.292683   0.222222   0.324324   0.347561<-   0.229839   0.204741   0.233083   0.245675    0.30303          0    0.09375       0.19  0.0327869   0.214689 
38    0.22973  0.0985915          0   0.209329   0.320988    0.27459  0.0967742    0.21147   0.226027          0   0.184549    0.22973   0.298039  0.0655738  0.0769231  0.0222841  0.0747126       0.06   0.129676  0.0573394  0.0662252  0.0119205   0.186047    0.19256   0.267606   0.158537   0.138889   0.212838    0.20122   0.358871<-   0.213362   0.285714    0.16955   0.232323          0          0       0.25  0.0327869   0.152542 
40   0.304054  0.0985915          0   0.243458   0.432099   0.307377   0.177419   0.304659   0.349315          0   0.291845   0.310811   0.317647  0.0874317    0.10989  0.0278552   0.103448        0.1   0.149626  0.0688073  0.0728477   0.010596   0.232558   0.245077   0.323944   0.207317   0.189815   0.266892       0.25   0.391129   0.293103<-   0.345865   0.183391   0.242424          0          0       0.26  0.0491803   0.118644 
41   0.266892  0.0950704          0    0.21843   0.395062   0.282787    0.16129   0.258065   0.287671          0   0.257511   0.310811   0.266667  0.0765027  0.0989011  0.0194986  0.0862069        0.1   0.134663  0.0642202  0.0662252 0.00662252   0.196013     0.2407   0.302817   0.219512   0.180556   0.246622   0.231707   0.387097   0.237069   0.308271<-    0.17301   0.222222          0          0       0.24  0.0491803  0.0960452 
42   0.216216   0.109155    0.10219  0.0989761   0.302469   0.213115   0.258065   0.286738   0.315068   0.123967   0.347639   0.243243   0.247059   0.240437   0.296703   0.111421   0.275862        0.3   0.301746   0.183486   0.284768   0.170861   0.275748   0.317287   0.267606   0.243902   0.212963   0.293919   0.323171   0.245968   0.209052   0.263158   0.262976<-   0.323232          0     0.0625       0.16  0.0327869   0.282486 
43   0.209459   0.112676   0.124088  0.0807736   0.339506   0.163934   0.258065   0.290323   0.342466  0.0936639   0.304721    0.22973   0.192157    0.26776   0.285714  0.0362117   0.172414       0.26   0.296758  0.0802752   0.317881 0.00794702   0.219269   0.273523   0.239437   0.292683   0.208333   0.320946   0.353659   0.185484   0.193966   0.203008   0.211073   0.262626<-          0    0.09375       0.16  0.0163934   0.186441 
44          0          0   0.218978          0          0          0          0          0          0   0.192837          0          0          0  0.0382514  0.0659341          0  0.0114943       0.06   0.032419          0    0.10596          0          0          0          0          0          0          0          0          0          0          0          0          0   0.287671<-       0.25          0          0          0 
48          0  0.0352113   0.240876          0          0          0  0.0806452  0.0430108  0.0410959   0.344353   0.158798          0          0   0.196721    0.21978  0.0167131  0.0632184       0.14    0.15212   0.043578   0.231788          0  0.0730897  0.0897155          0  0.0609756  0.0648148    0.10473  0.0670732          0          0          0  0.0726644  0.0909091   0.321918    0.21875<-          0          0  0.0564972 
49   0.185811  0.0739437          0    0.17975   0.209877   0.245902  0.0645161   0.172043   0.205479          0   0.158798   0.162162   0.298039  0.0437158  0.0549451  0.0222841  0.0862069       0.06   0.102244  0.0733945  0.0596026  0.0278146    0.13289   0.190372   0.246479   0.134146      0.125   0.179054   0.152439   0.302419   0.202586   0.278195   0.138408   0.191919          0          0       0.22<-  0.0491803   0.163842 
51   0.246622  0.0492958          0   0.259386   0.240741    0.20082  0.0322581   0.132616   0.219178          0   0.124464   0.351351   0.184314          0          0 0.00278552 0.00574713          0  0.0124688   0.059633          0  0.0344371   0.076412   0.105033   0.260563   0.134146   0.152778  0.0945946  0.0914634       0.25   0.215517   0.255639  0.0968858   0.141414          0          0       0.21   0.245902<- 0.00564972 
9  0.0709459   0.056338   0.109489          0   0.104938  0.0409836   0.129032   0.114695   0.130137  0.0991736   0.188841  0.0945946  0.0901961   0.163934    0.21978  0.0167131   0.103448        0.2   0.179551  0.0550459   0.218543 0.00794702   0.112957   0.131291  0.0985915   0.121951   0.115741   0.155405   0.176829  0.0725806  0.0883621  0.0977444   0.141869   0.191919          0    0.09375       0.11          0   0.129944<- 