0.0192837
0.412017
0.776471
0.213115
0.454039
0.291771
0.479358
0.57351
0.392027
0.498906
0.527778
0.445946
0
0.410714
0.822581
0.819672
0.693966
0.439446
0.566308
0.287678
0.810811
0.207746
0
0.75514
0.0159272
0.549356
0.133333
0.721311
0.623955
0.685786
0.40367
0.552318
0.302326
0.380744
0.462963
0.5
0.796117
0.434524
0.116935
0.110656
0.127155
0.415225
0.390681
0.000528821
0.158784
0.207746
0.2
0
0.334471
0.37741
0.596078
0.68306
0.0807799
0.783042
0.256881
0.0198675
0.528239
0.702407
0.833333
0.868243
0.718447
0.595238
0.665323
0.491803
0.508621
0.640138
0.709677
0.133263
0.672297
0.338028
0
0.338318
0.709898
0.242424
0.699571
0.535519
0.615599
0.598504
0.53211
0.654305
0.598007
0.7593
0.787037
0.75
0.135922
0.571429
0.903226
0.831967
0.797414
0.695502
0.806452
0.248017
0.925676
0.309859
0
0.71215
0.154721
0.644628
0.695279
0.337255
0.506964
0.910224
0.442661
0.417219
0.518272
0.551422
0.638889
0.739865
0.834951
0.720238
0.346774
0.290984
0.306034
0.463668
0.591398
0.460074
0.425676
0.711268
0
0.151402
0.188851
0.479339
0.772532
0.419608
0.803279
0.890274
0.727064
0.834437
0.604651
0.660832
0.726852
0.790541
0.951456
0.791667
0.387097
0.397541
0.342672
0.577855
0.695341
0.353252
0.449324
0.676056
0
0.166355
0.133106
0.553719
0.712446
0.32549
0.819672
0.456825
0.46789
0.454305
0.465116
0.553611
0.657407
0.739865
0.796117
0.717262
0.342742
0.270492
0.286638
0.470588
0.605735
0.438392
0.402027
0.598592
0
0.143925
0.519909
0.504132
0.939914
0.733333
0.814208
0.86351
0.9202
0.921854
0.850498
0.85558
0.939815
0.962838
0.936893
0.943452
0.782258
0.696721
0.681034
0.771626
0.903226
0.654151
0.753378
0.795775
0
0.461682
0.517634
0.471074
0.905579
0.694118
0.803279
0.818942
0.852868
0.713303
0.61794
0.820569
0.898148
0.898649
0.854369
0.779762
0.701613
0.659836
0.590517
0.785467
0.903226
0.216816
0.773649
0.59507
0.00963855
0.386916
0.483504
0.471074
0.961373
0.764706
0.781421
0.48468
0.895262
0.655963
0.500662
0.873085
0.939815
0.972973
0.757282
0.809524
0.822581
0.680328
0.678879
0.775087
0.88172
0.492861
0.739865
0.510563
0
0.465421
0.535836
0.509642
0.978541
0.803922
0.797814
0.688022
0.86783
0.635321
0.690066
0.724252
0.953704
0.959459
0.76699
0.714286
0.826613
0.70082
0.627155
0.854671
0.935484
0.163934
0.787162
0.376761
0
0.411215
0.407281
0.421488
0.905579
0.678431
0.737705
0.35376
0.852868
0.454128
0.369536
0.574751
0.768053
0.891892
0.752427
0.6875
0.681452
0.532787
0.521552
0.702422
0.781362
0.145955
0.709459
0.355634
0
0.368224
0.359499
0.402204
0.888412
0.643137
0.693989
0.10585
0.815461
0.311927
0.0251656
0.641196
0.730853
0.856481
0.868932
0.616071
0.685484
0.52459
0.538793
0.636678
0.734767
0.191962
0.672297
0.348592
0
0.381308
0
0.236915
0.300429
0.0117647
0.289617
0.0668524
0.361596
0.105505
0.010596
0.126246
0.164114
0.208333
0.256757
0.205357
0.016129
0.0327869
0.0280172
0.155709
0.150538
0.11211
0.0202703
0.264085
0
0.00747664
0.420933
0.424242
0.858369
0.54902
0.743169
0.727019
0.857855
0.674312
0.760265
0.578073
0.691466
0.833333
0.864865
0.81068
0.612903
0.561475
0.5625
0.6609
0.792115
0.622422
0.652027
0.721831
0
0.373832
0.627986
0.190083
0.682403
0.815686
0.47541
0.0752089
0.551122
0.247706
0.0291391
0.581395
0.717724
0.731481
0.743243
0.131068
0.491071
0.79918
0.786638
0.622837
0.741935
0.244315
0.881757
0.299296
0
0.700935
0.786121
0.239669
0.686695
0.87451
0.530055
0.668524
0.618454
0.630734
0.735099
0.604651
0.73523
0.763889
0.75
0.131068
0.702381
0.915323
0.810345
0.66436
0.817204
0.355896
0.935811
0.422535
0
0.723364
0.623436
0.190083
0.660944
0.788235
0.480874
0.0807799
0.55611
0.245413
0.0278146
0.671096
0.691466
0.731481
0.746622
0.131068
0.571429
0.83871
0.762295
0.605536
0.724014
0.64569
0.875
0.433099
0
0.738318
0.575654
0.482094
0.978541
0.811765
0.775956
0.537604
0.875312
0.672018
0.596026
0.704319
0.890591
0.986111
0.959459
0.781553
0.729167
0.802419
0.704918
0.62069
0.928315
0.16605
0.793919
0.380282
0.0240964
0.413084
0.452787
0.490358
0.922747
0.701961
0.786885
0.618384
0.855362
0.559633
0.617219
0.641196
0.818381
0.925926
0.918919
0.81068
0.720238
0.725806
0.627049
0.579741
0.771626
0.159175
0.753378
0.415493
0.00481928
0.381308
0.581342
0
0.364807
0.560784
0.191257
0.0807799
0.27182
0.188073
0.0172185
0.438538
0.407002
0.439815
0.422297
0.0631068
0.431548
0.629032
0.590164
0.672414
0.307958
0.46595
0.692568
0.514085
0
0.775701
0.649602
0.184573
0.648069
0.760784
0.469945
0.0752089
0.546135
0.236239
0.0357616
0.521595
0.676149
0.703704
0.699324
0.140777
0.553571
0.770161
0.75
0.734914
0.612457
0.709677
0.292438
0.426056
0
0.641121
0.463026
0.476584
0.905579
0.666667
0.808743
0.952646
0.895262
0.791284
0.870199
0.671096
0.794311
0.884259
0.908784
0.907767
0.919643
0.721774
0.643443
0.614224
0.716263
0.856631
0.672131
0.726351
0
0.414953
0
0.129477
0
0
0
0
0
0
0
0
0.00218818
0
0
0.00485437
0
0
0
0
0.017301
0.00716846
0
0
0
0
0.712173
0
0.403433
0.713725
0.191257
0.0612813
0.27182
0.245413
0.0688742
0.524917
0.463895
0.49537
0.442568
0.00485437
0.470238
0.78629
0.72541
0.801724
0.387543
0.512545
0.855632
0.75
0.46831
0
